        0.0007182143009650,       0.0000000006744441,       0.0000000039420414,       0.0000000006744441,      -0.0020004169681169,       0.0000000006744441,       0.0000000039420414,       0.0000000006744441,       0.0007182143009650
        0.0007182080010721,      -0.0000000055130085,       0.0000000100227562,      -0.0000000055130085,      -0.0020004162628160,      -0.0000000072395160,       0.0000000100227562,      -0.0000000072395160,       0.0007182212833627
        0.0007181955821735,      -0.0000000044857693,       0.0000000177718970,      -0.0000000044857693,      -0.0020004150902159,       0.0000000092420409,       0.0000000177718970,       0.0000000092420409,       0.0007182351806871
        0.0007181769743489,      -0.0000000070688721,       0.0000000218150294,      -0.0000000070688721,      -0.0020004123531977,      -0.0000000145941085,       0.0000000218150294,      -0.0000000145941085,       0.0007182549741416
        0.0007181532337967,      -0.0000000091664734,       0.0000000288837066,      -0.0000000091664734,      -0.0020004095593910,       0.0000000156359746,       0.0000000288837066,       0.0000000156359746,       0.0007182803234873
        0.0007181253528278,      -0.0000000024257123,       0.0000000271734825,      -0.0000000024257123,      -0.0020004040246532,      -0.0000000095956711,       0.0000000271734825,      -0.0000000095956711,       0.0007183083520653
        0.0007180958388541,      -0.0000000139186709,       0.0000000323643547,      -0.0000000139186709,      -0.0020003999230033,      -0.0000000104045983,       0.0000000323643547,      -0.0000000104045983,       0.0007183381209164
        0.0007180678604649,       0.0000000039800120,       0.0000000235403403,       0.0000000039800120,      -0.0020003939198626,       0.0000000774327154,       0.0000000235403403,       0.0000000774327154,       0.0007183660732686
        0.0007180438879079,      -0.0000000025727288,       0.0000000137812078,      -0.0000000025727288,      -0.0020003860706670,      -0.0000002196425396,       0.0000000137812078,      -0.0000002196425396,       0.0007183847340097
        0.0007180289190438,      -0.0000000433763313,       0.0000000501681293,      -0.0000000433763313,      -0.0020004001155051,       0.0000005515172806,       0.0000000501681293,       0.0000005515172806,       0.0007184167081544
        0.0007180229408711,       0.0000000000000000,       0.0000000000000000,       0.0000000000000000,      -0.0020004157432941,       0.0000016035272815,       0.0000000000000000,       0.0000016035272815,       0.0007184417911793
        0.0007180289190438,       0.0000000433763313,      -0.0000000501681293,       0.0000000433763313,      -0.0020004001155051,       0.0000005515172806,      -0.0000000501681293,       0.0000005515172806,       0.0007184167081544
        0.0007180438879079,       0.0000000025727288,      -0.0000000137812078,       0.0000000025727288,      -0.0020003860706670,      -0.0000002196425396,      -0.0000000137812078,      -0.0000002196425396,       0.0007183847340097
        0.0007180678604649,      -0.0000000039800119,      -0.0000000235403403,      -0.0000000039800119,      -0.0020003939198626,       0.0000000774327154,      -0.0000000235403403,       0.0000000774327154,       0.0007183660732686
        0.0007180958388541,       0.0000000139186709,      -0.0000000323643547,       0.0000000139186709,      -0.0020003999230033,      -0.0000000104045983,      -0.0000000323643547,      -0.0000000104045983,       0.0007183381209164
        0.0007181253528278,       0.0000000024257123,      -0.0000000271734825,       0.0000000024257123,      -0.0020004040246532,      -0.0000000095956711,      -0.0000000271734825,      -0.0000000095956711,       0.0007183083520653
        0.0007181532337967,       0.0000000091664734,      -0.0000000288837066,       0.0000000091664734,      -0.0020004095593910,       0.0000000156359746,      -0.0000000288837066,       0.0000000156359746,       0.0007182803234873
        0.0007181769743489,       0.0000000070688721,      -0.0000000218150294,       0.0000000070688721,      -0.0020004123531977,      -0.0000000145941085,      -0.0000000218150294,      -0.0000000145941085,       0.0007182549741416
        0.0007181955821735,       0.0000000044857693,      -0.0000000177718970,       0.0000000044857693,      -0.0020004150902159,       0.0000000092420409,      -0.0000000177718970,       0.0000000092420409,       0.0007182351806871
        0.0007182080010721,       0.0000000055130085,      -0.0000000100227562,       0.0000000055130085,      -0.0020004162628160,      -0.0000000072395160,      -0.0000000100227562,      -0.0000000072395160,       0.0007182212833627
        0.0007182143009650,      -0.0000000006744441,      -0.0000000039420414,      -0.0000000006744441,      -0.0020004169681169,       0.0000000006744441,      -0.0000000039420414,       0.0000000006744441,       0.0007182143009650
        0.0007182084467890,      -0.0000000061378556,       0.0000000021372169,      -0.0000000061378556,      -0.0020004080288533,      -0.0000000061378556,       0.0000000021372169,      -0.0000000061378556,       0.0007182084467890
        0.0007182028173117,      -0.0000000096930426,       0.0000000117793699,      -0.0000000096930426,      -0.0020004080676811,       0.0000000026964926,       0.0000000117793699,       0.0000000026964926,       0.0007182154050830
        0.0007181911108967,      -0.0000000190774222,       0.0000000145951332,      -0.0000000190774222,      -0.0020004069149775,      -0.0000000143996606,       0.0000000145951332,      -0.0000000143996606,       0.0007182285923295
        0.0007181742788144,      -0.0000000214407917,       0.0000000256350842,      -0.0000000214407917,      -0.0020004069370834,       0.0000000135984806,       0.0000000256350842,       0.0000000135984806,       0.0007182487074251
        0.0007181517704002,      -0.0000000217018032,       0.0000000222020972,      -0.0000000217018032,      -0.0020004031087356,      -0.0000000191377998,       0.0000000222020972,      -0.0000000191377998,       0.0007182726260057
        0.0007181259608534,      -0.0000000269436692,       0.0000000365615402,      -0.0000000269436692,      -0.0020004033484935,       0.0000000153964535,       0.0000000365615402,       0.0000000153964535,       0.0007183020077447
        0.0007180981659703,      -0.0000000120619815,       0.0000000204761435,      -0.0000000120619815,      -0.0020003964811134,       0.0000000140616126,       0.0000000204761435,       0.0000000140616126,       0.0007183305266206
        0.0007180709397272,      -0.0000000244192377,       0.0000000321389441,      -0.0000000244192377,      -0.0020003947296440,      -0.0000000751529026,       0.0000000321389441,      -0.0000000751529026,       0.0007183568340035
        0.0007180498864692,      -0.0000000107171141,       0.0000000367849164,      -0.0000000107171141,      -0.0020004003099513,       0.0000002694442637,       0.0000000367849164,       0.0000002694442637,       0.0007183912958040
        0.0007180331514610,       0.0000000345612561,      -0.0000001073266058,       0.0000000345612561,      -0.0020003478914742,      -0.0000006594865900,      -0.0000001073266058,      -0.0000006594865900,       0.0007183560264277
        0.0007180297863202,       0.0000000000000000,       0.0000000000000000,       0.0000000000000000,      -0.0020002987409963,      -0.0000019007919070,       0.0000000000000000,      -0.0000019007919070,       0.0007183023635680
        0.0007180331514610,      -0.0000000345612561,       0.0000001073266058,      -0.0000000345612561,      -0.0020003478914742,      -0.0000006594865900,       0.0000001073266058,      -0.0000006594865900,       0.0007183560264277
        0.0007180498864692,       0.0000000107171141,      -0.0000000367849164,       0.0000000107171141,      -0.0020004003099513,       0.0000002694442637,      -0.0000000367849164,       0.0000002694442637,       0.0007183912958040
        0.0007180709397272,       0.0000000244192377,      -0.0000000321389441,       0.0000000244192377,      -0.0020003947296440,      -0.0000000751529026,      -0.0000000321389441,      -0.0000000751529026,       0.0007183568340035
        0.0007180981659703,       0.0000000120619815,      -0.0000000204761435,       0.0000000120619815,      -0.0020003964811134,       0.0000000140616126,      -0.0000000204761435,       0.0000000140616126,       0.0007183305266206
        0.0007181259608534,       0.0000000269436692,      -0.0000000365615402,       0.0000000269436692,      -0.0020004033484935,       0.0000000153964535,      -0.0000000365615402,       0.0000000153964535,       0.0007183020077447
        0.0007181517704002,       0.0000000217018032,      -0.0000000222020972,       0.0000000217018032,      -0.0020004031087356,      -0.0000000191377998,      -0.0000000222020972,      -0.0000000191377998,       0.0007182726260057
        0.0007181742788144,       0.0000000214407917,      -0.0000000256350842,       0.0000000214407917,      -0.0020004069370834,       0.0000000135984806,      -0.0000000256350842,       0.0000000135984806,       0.0007182487074251
        0.0007181911108967,       0.0000000190774222,      -0.0000000145951331,       0.0000000190774222,      -0.0020004069149775,      -0.0000000143996606,      -0.0000000145951331,      -0.0000000143996606,       0.0007182285923295
        0.0007182028173117,       0.0000000096930426,      -0.0000000117793699,       0.0000000096930426,      -0.0020004080676811,       0.0000000026964926,      -0.0000000117793699,       0.0000000026964926,       0.0007182154050830
        0.0007182084467890,       0.0000000061378556,      -0.0000000021372169,       0.0000000061378556,      -0.0020004080288533,      -0.0000000061378556,      -0.0000000021372169,      -0.0000000061378556,       0.0007182084467890
        0.0007181968931510,      -0.0000000046229824,       0.0000000057407783,      -0.0000000046229824,      -0.0020003902872937,      -0.0000000046229824,       0.0000000057407783,      -0.0000000046229824,       0.0007181968931510
        0.0007181919870687,      -0.0000000224304422,       0.0000000065973481,      -0.0000000224304422,      -0.0020003903847009,      -0.0000000142305302,       0.0000000065973481,      -0.0000000142305302,       0.0007182030622125
        0.0007181827330237,      -0.0000000294675667,       0.0000000194401471,      -0.0000000294675667,      -0.0020003921175972,       0.0000000070239658,       0.0000000194401471,       0.0000000070239658,       0.0007182160809547
        0.0007181679007170,      -0.0000000393368787,       0.0000000160460014,      -0.0000000393368787,      -0.0020003912734371,      -0.0000000244634239,       0.0000000160460014,      -0.0000000244634239,       0.0007182338240206
        0.0007181494341583,      -0.0000000432399495,       0.0000000336301340,      -0.0000000432399495,      -0.0020003951339265,       0.0000000206067098,       0.0000000336301340,       0.0000000206067098,       0.0007182586620277
        0.0007181265468280,      -0.0000000374836252,       0.0000000178790519,      -0.0000000374836252,      -0.0020003909386492,      -0.0000000211271399,       0.0000000178790519,      -0.0000000211271399,       0.0007182844166286
        0.0007181023164881,      -0.0000000443053212,       0.0000000419960002,      -0.0000000443053212,      -0.0020003967441563,      -0.0000000049365487,       0.0000000419960002,      -0.0000000049365487,       0.0007183143539347
        0.0007180792057757,      -0.0000000211803540,       0.0000000183269787,      -0.0000000211803540,      -0.0020003931333973,       0.0000001027423508,       0.0000000183269787,       0.0000001027423508,       0.0007183445154517
        0.0007180578256229,      -0.0000000219076584,      -0.0000000110845047,      -0.0000000219076584,      -0.0020003797912360,      -0.0000003243682405,      -0.0000000110845047,      -0.0000003243682405,       0.0007183481367903
        0.0007180473638598,      -0.0000000452858862,       0.0000001997972365,      -0.0000000452858862,      -0.0020004563481798,       0.0000009095940521,       0.0000001997972365,       0.0000009095940521,       0.0007184424909145
        0.0007180384301162,       0.0000000000000000,       0.0000000000000000,       0.0000000000000000,      -0.0020005291480732,       0.0000025173668209,       0.0000000000000000,       0.0000025173668209,       0.0007185423860530
        0.0007180473638598,       0.0000000452858862,      -0.0000001997972365,       0.0000000452858862,      -0.0020004563481798,       0.0000009095940521,      -0.0000001997972365,       0.0000009095940521,       0.0007184424909145
        0.0007180578256229,       0.0000000219076584,       0.0000000110845047,       0.0000000219076584,      -0.0020003797912360,      -0.0000003243682405,       0.0000000110845047,      -0.0000003243682405,       0.0007183481367903
        0.0007180792057757,       0.0000000211803540,      -0.0000000183269787,       0.0000000211803540,      -0.0020003931333973,       0.0000001027423508,      -0.0000000183269787,       0.0000001027423508,       0.0007183445154517
        0.0007181023164881,       0.0000000443053212,      -0.0000000419960002,       0.0000000443053212,      -0.0020003967441563,      -0.0000000049365487,      -0.0000000419960002,      -0.0000000049365487,       0.0007183143539347
        0.0007181265468280,       0.0000000374836252,      -0.0000000178790519,       0.0000000374836252,      -0.0020003909386492,      -0.0000000211271399,      -0.0000000178790519,      -0.0000000211271399,       0.0007182844166286
        0.0007181494341583,       0.0000000432399495,      -0.0000000336301340,       0.0000000432399495,      -0.0020003951339265,       0.0000000206067098,      -0.0000000336301340,       0.0000000206067098,       0.0007182586620277
        0.0007181679007170,       0.0000000393368787,      -0.0000000160460014,       0.0000000393368787,      -0.0020003912734371,      -0.0000000244634238,      -0.0000000160460014,      -0.0000000244634238,       0.0007182338240206
        0.0007181827330237,       0.0000000294675667,      -0.0000000194401471,       0.0000000294675667,      -0.0020003921175972,       0.0000000070239658,      -0.0000000194401471,       0.0000000070239658,       0.0007182160809547
        0.0007181919870687,       0.0000000224304422,      -0.0000000065973481,       0.0000000224304422,      -0.0020003903847009,      -0.0000000142305302,      -0.0000000065973481,      -0.0000000142305302,       0.0007182030622125
        0.0007181968931510,       0.0000000046229824,      -0.0000000057407783,       0.0000000046229824,      -0.0020003902872937,      -0.0000000046229824,      -0.0000000057407783,      -0.0000000046229824,       0.0007181968931510
        0.0007181795434941,      -0.0000000130717417,      -0.0000000016670160,      -0.0000000130717417,      -0.0020003632071095,      -0.0000000130717417,      -0.0000000016670160,      -0.0000000130717417,       0.0007181795434941
        0.0007181763778820,      -0.0000000267823062,       0.0000000128827643,      -0.0000000267823062,      -0.0020003648294221,      -0.0000000010732141,       0.0000000128827643,      -0.0000000010732141,       0.0007181851513655
        0.0007181691780770,      -0.0000000481581964,       0.0000000078260925,      -0.0000000481581964,      -0.0020003659880143,      -0.0000000264025509,       0.0000000078260925,      -0.0000000264025509,       0.0007181955057932
        0.0007181591241097,      -0.0000000562203757,       0.0000000260302537,      -0.0000000562203757,      -0.0020003712844590,       0.0000000150531253,       0.0000000260302537,       0.0000000150531253,       0.0007182124339280
        0.0007181444361235,      -0.0000000635373713,       0.0000000132777089,      -0.0000000635373713,      -0.0020003711408436,      -0.0000000395361696,       0.0000000132777089,      -0.0000000395361696,       0.0007182320879067
        0.0007181277809532,      -0.0000000668222316,       0.0000000388433126,      -0.0000000668222316,      -0.0020003810655937,       0.0000000211882579,       0.0000000388433126,       0.0000000211882579,       0.0007182581482388
        0.0007181084154026,      -0.0000000524024686,       0.0000000126207263,      -0.0000000524024686,      -0.0020003771837249,       0.0000000021830085,       0.0000000126207263,       0.0000000021830085,       0.0007182838802805
        0.0007180898157287,      -0.0000000562243118,       0.0000000285121039,      -0.0000000562243118,      -0.0020003858338942,      -0.0000001242862806,       0.0000000285121039,      -0.0000001242862806,       0.0007183044464079
        0.0007180745635930,      -0.0000000312203757,       0.0000000651565175,      -0.0000000312203757,      -0.0020004022130911,       0.0000004367592953,       0.0000000651565175,       0.0000004367592953,       0.0007183512797734
        0.0007180600538921,       0.0000000054447437,      -0.0000002340610559,       0.0000000054447437,      -0.0020003125220353,      -0.0000011921474350,      -0.0000002340610559,      -0.0000011921474350,       0.0007182668284728
        0.0007180642646587,       0.0000000000000000,       0.0000000000000000,       0.0000000000000000,      -0.0020002295167384,      -0.0000033011884568,       0.0000000000000000,      -0.0000033011884568,       0.0007181497969970
        0.0007180600538921,      -0.0000000054447437,       0.0000002340610559,      -0.0000000054447437,      -0.0020003125220353,      -0.0000011921474350,       0.0000002340610559,      -0.0000011921474350,       0.0007182668284728
        0.0007180745635930,       0.0000000312203757,      -0.0000000651565175,       0.0000000312203757,      -0.0020004022130911,       0.0000004367592953,      -0.0000000651565175,       0.0000004367592953,       0.0007183512797734
        0.0007180898157287,       0.0000000562243118,      -0.0000000285121039,       0.0000000562243118,      -0.0020003858338942,      -0.0000001242862806,      -0.0000000285121039,      -0.0000001242862806,       0.0007183044464079
        0.0007181084154026,       0.0000000524024686,      -0.0000000126207263,       0.0000000524024686,      -0.0020003771837249,       0.0000000021830085,      -0.0000000126207263,       0.0000000021830085,       0.0007182838802805
        0.0007181277809532,       0.0000000668222316,      -0.0000000388433126,       0.0000000668222316,      -0.0020003810655937,       0.0000000211882579,      -0.0000000388433126,       0.0000000211882579,       0.0007182581482388
        0.0007181444361235,       0.0000000635373713,      -0.0000000132777089,       0.0000000635373713,      -0.0020003711408436,      -0.0000000395361696,      -0.0000000132777089,      -0.0000000395361696,       0.0007182320879067
        0.0007181591241097,       0.0000000562203757,      -0.0000000260302537,       0.0000000562203757,      -0.0020003712844590,       0.0000000150531253,      -0.0000000260302537,       0.0000000150531253,       0.0007182124339280
        0.0007181691780770,       0.0000000481581964,      -0.0000000078260925,       0.0000000481581964,      -0.0020003659880143,      -0.0000000264025509,      -0.0000000078260925,      -0.0000000264025509,       0.0007181955057932
        0.0007181763778820,       0.0000000267823063,      -0.0000000128827643,       0.0000000267823063,      -0.0020003648294221,      -0.0000000010732141,      -0.0000000128827643,      -0.0000000010732141,       0.0007181851513655
        0.0007181795434941,       0.0000000130717417,       0.0000000016670160,       0.0000000130717417,      -0.0020003632071095,      -0.0000000130717417,       0.0000000016670160,      -0.0000000130717417,       0.0007181795434941
        0.0007181573229696,      -0.0000000095564498,       0.0000000087962032,      -0.0000000095564498,      -0.0020003281189578,      -0.0000000095564498,       0.0000000087962032,      -0.0000000095564498,       0.0007181573229696
        0.0007181554969110,      -0.0000000419666302,      -0.0000000014297229,      -0.0000000419666302,      -0.0020003293620563,      -0.0000000250506986,      -0.0000000014297229,      -0.0000000250506986,       0.0007181610062140
        0.0007181521940841,      -0.0000000569265549,       0.0000000176326197,      -0.0000000569265549,      -0.0020003335790062,       0.0000000062487981,       0.0000000176326197,       0.0000000062487981,       0.0007181691076400
        0.0007181460696874,      -0.0000000791929324,       0.0000000049153909,      -0.0000000791929324,      -0.0020003360093707,      -0.0000000456677564,       0.0000000049153909,      -0.0000000456677564,       0.0007181803816508
        0.0007181385447787,      -0.0000000847653272,       0.0000000278223025,      -0.0000000847653272,      -0.0020003458034990,       0.0000000225889751,       0.0000000278223025,       0.0000000225889751,       0.0007181967503793
        0.0007181275559369,      -0.0000000869720093,       0.0000000089338197,      -0.0000000869720093,      -0.0020003456253701,      -0.0000000490444888,       0.0000000089338197,      -0.0000000490444888,       0.0007182151284372
        0.0007181169741656,      -0.0000000856332444,       0.0000000298953605,      -0.0000000856332444,      -0.0020003615104562,      -0.0000000278475373,       0.0000000298953605,      -0.0000000278475373,       0.0007182345427193
        0.0007181035512722,      -0.0000000619009292,       0.0000000255991287,      -0.0000000619009292,      -0.0020003595661138,       0.0000001459449090,       0.0000000255991287,       0.0000001459449090,       0.0007182622897219
        0.0007180942382835,      -0.0000000554092335,      -0.0000000491176318,      -0.0000000554092335,      -0.0020003557168426,      -0.0000005704963315,      -0.0000000491176318,      -0.0000005704963315,       0.0007182505313399
        0.0007180915361677,      -0.0000000286703954,       0.0000002746812634,      -0.0000000286703954,      -0.0020004445622988,       0.0000014813710512,       0.0000002746812634,       0.0000014813710512,       0.0007183633120795
        0.0007180758741366,       0.0000000000000000,       0.0000000000000000,       0.0000000000000000,      -0.0020005165864354,       0.0000041603509716,       0.0000000000000000,       0.0000041603509716,       0.0007185006474909
        0.0007180915361677,       0.0000000286703954,      -0.0000002746812634,       0.0000000286703954,      -0.0020004445622988,       0.0000014813710512,      -0.0000002746812634,       0.0000014813710512,       0.0007183633120795
        0.0007180942382835,       0.0000000554092335,       0.0000000491176318,       0.0000000554092335,      -0.0020003557168426,      -0.0000005704963315,       0.0000000491176318,      -0.0000005704963315,       0.0007182505313399
        0.0007181035512722,       0.0000000619009292,      -0.0000000255991287,       0.0000000619009292,      -0.0020003595661138,       0.0000001459449090,      -0.0000000255991287,       0.0000001459449090,       0.0007182622897219
        0.0007181169741656,       0.0000000856332444,      -0.0000000298953605,       0.0000000856332444,      -0.0020003615104562,      -0.0000000278475373,      -0.0000000298953605,      -0.0000000278475373,       0.0007182345427193
        0.0007181275559369,       0.0000000869720093,      -0.0000000089338197,       0.0000000869720093,      -0.0020003456253701,      -0.0000000490444888,      -0.0000000089338197,      -0.0000000490444888,       0.0007182151284372
        0.0007181385447787,       0.0000000847653272,      -0.0000000278223025,       0.0000000847653272,      -0.0020003458034990,       0.0000000225889751,      -0.0000000278223025,       0.0000000225889751,       0.0007181967503793
        0.0007181460696874,       0.0000000791929324,      -0.0000000049153909,       0.0000000791929324,      -0.0020003360093707,      -0.0000000456677564,      -0.0000000049153909,      -0.0000000456677564,       0.0007181803816508
        0.0007181521940841,       0.0000000569265549,      -0.0000000176326197,       0.0000000569265549,      -0.0020003335790062,       0.0000000062487981,      -0.0000000176326197,       0.0000000062487981,       0.0007181691076400
        0.0007181554969110,       0.0000000419666302,       0.0000000014297229,       0.0000000419666302,      -0.0020003293620563,      -0.0000000250506986,       0.0000000014297229,      -0.0000000250506986,       0.0007181610062140
        0.0007181573229696,       0.0000000095564498,      -0.0000000087962032,       0.0000000095564498,      -0.0020003281189578,      -0.0000000095564498,      -0.0000000087962032,      -0.0000000095564498,       0.0007181573229696
        0.0007181312284721,      -0.0000000200261976,      -0.0000000090813009,      -0.0000000200261976,      -0.0020002862196211,      -0.0000000200261976,      -0.0000000090813009,      -0.0000000200261976,       0.0007181312284721
        0.0007181312960976,      -0.0000000405963607,       0.0000000121510291,      -0.0000000405963607,      -0.0020002879377872,      -0.0000000022524216,       0.0000000121510291,      -0.0000000022524216,       0.0007181327633247
        0.0007181312811437,      -0.0000000759381086,      -0.0000000053016447,      -0.0000000759381086,      -0.0020002905547613,      -0.0000000428553147,      -0.0000000053016447,      -0.0000000428553147,       0.0007181361880299
        0.0007181310203214,      -0.0000000873622482,       0.0000000152600948,      -0.0000000873622482,      -0.0020002967621162,       0.0000000148133767,       0.0000000152600948,       0.0000000148133767,       0.0007181411671877
        0.0007181294778802,      -0.0000001081125732,       0.0000000012945477,      -0.0000001081125732,      -0.0020002993828712,      -0.0000000651728105,       0.0000000012945477,      -0.0000000651728105,       0.0007181494445067
        0.0007181286455576,      -0.0000001059435107,       0.0000000137039710,      -0.0000001059435107,      -0.0020003128277127,       0.0000000039714949,       0.0000000137039710,       0.0000000039714949,       0.0007181569435523
        0.0007181234145133,      -0.0000001016411206,       0.0000000168244404,      -0.0000001016411206,      -0.0020003099514903,       0.0000000005578769,       0.0000000168244404,       0.0000000005578769,       0.0007181722076043
        0.0007181239289170,      -0.0000000915036485,      -0.0000000153650011,      -0.0000000915036485,      -0.0020003300800994,      -0.0000002444139318,      -0.0000000153650011,      -0.0000002444139318,       0.0007181729371671
        0.0007181173782110,      -0.0000000504431165,       0.0000000854589287,      -0.0000000504431165,      -0.0020003309048198,       0.0000006352976773,       0.0000000854589287,       0.0000006352976773,       0.0007182079815026
        0.0007181099677161,      -0.0000000588704334,      -0.0000002322119035,      -0.0000000588704334,      -0.0020002819668245,      -0.0000017506290819,      -0.0000002322119035,      -0.0000017506290819,       0.0007181346009310
        0.0007181275644630,       0.0000000000000000,       0.0000000000000000,       0.0000000000000000,      -0.0020002582069986,      -0.0000049510529424,       0.0000000000000000,      -0.0000049510529424,       0.0007180184885911
        0.0007181099677161,       0.0000000588704334,       0.0000002322119035,       0.0000000588704334,      -0.0020002819668245,      -0.0000017506290819,       0.0000002322119035,      -0.0000017506290819,       0.0007181346009310
        0.0007181173782110,       0.0000000504431165,      -0.0000000854589287,       0.0000000504431165,      -0.0020003309048198,       0.0000006352976773,      -0.0000000854589287,       0.0000006352976773,       0.0007182079815026
        0.0007181239289170,       0.0000000915036485,       0.0000000153650011,       0.0000000915036485,      -0.0020003300800994,      -0.0000002444139318,       0.0000000153650011,      -0.0000002444139318,       0.0007181729371671
        0.0007181234145133,       0.0000001016411206,      -0.0000000168244404,       0.0000001016411206,      -0.0020003099514903,       0.0000000005578769,      -0.0000000168244404,       0.0000000005578769,       0.0007181722076043
        0.0007181286455576,       0.0000001059435107,      -0.0000000137039710,       0.0000001059435107,      -0.0020003128277127,       0.0000000039714949,      -0.0000000137039710,       0.0000000039714949,       0.0007181569435523
        0.0007181294778802,       0.0000001081125732,      -0.0000000012945477,       0.0000001081125732,      -0.0020002993828712,      -0.0000000651728105,      -0.0000000012945477,      -0.0000000651728105,       0.0007181494445067
        0.0007181310203214,       0.0000000873622482,      -0.0000000152600948,       0.0000000873622482,      -0.0020002967621162,       0.0000000148133767,      -0.0000000152600948,       0.0000000148133767,       0.0007181411671877
        0.0007181312811437,       0.0000000759381086,       0.0000000053016447,       0.0000000759381086,      -0.0020002905547613,      -0.0000000428553147,       0.0000000053016447,      -0.0000000428553147,       0.0007181361880299
        0.0007181312960976,       0.0000000405963607,      -0.0000000121510291,       0.0000000405963607,      -0.0020002879377872,      -0.0000000022524216,      -0.0000000121510291,      -0.0000000022524216,       0.0007181327633247
        0.0007181312284721,       0.0000000200261976,       0.0000000090813009,       0.0000000200261976,      -0.0020002862196211,      -0.0000000200261976,       0.0000000090813009,      -0.0000000200261976,       0.0007181312284721
        0.0007181034095380,      -0.0000000111074801,       0.0000000109128229,      -0.0000000111074801,      -0.0020002410973832,      -0.0000000111074801,       0.0000000109128229,      -0.0000000111074801,       0.0007181034095380
        0.0007181055334884,      -0.0000000532069168,      -0.0000000126332781,      -0.0000000532069168,      -0.0020002424741777,      -0.0000000333237879,      -0.0000000126332781,      -0.0000000333237879,       0.0007181025493149
        0.0007181085312017,      -0.0000000700127844,       0.0000000058906788,      -0.0000000700127844,      -0.0020002439296745,       0.0000000056650589,       0.0000000058906788,       0.0000000056650589,       0.0007180991779950
        0.0007181139341624,      -0.0000001046961086,      -0.0000000081358439,      -0.0000001046961086,      -0.0020002469813150,      -0.0000000586277314,      -0.0000000081358439,      -0.0000000586277314,       0.0007180980554057
        0.0007181204435033,      -0.0000001067272935,      -0.0000000060549353,      -0.0000001067272935,      -0.0020002528400500,       0.0000000053977772,      -0.0000000060549353,       0.0000000053977772,       0.0007180909599341
        0.0007181255175291,      -0.0000001242109115,       0.0000000112081314,      -0.0000001242109115,      -0.0020002525692078,      -0.0000000475197181,       0.0000000112081314,      -0.0000000475197181,       0.0007180935364302
        0.0007181366286612,      -0.0000001102997418,      -0.0000000342103012,      -0.0000001102997418,      -0.0020002699528228,      -0.0000001065294406,      -0.0000000342103012,      -0.0000001065294406,       0.0007180820352429
        0.0007181367078068,      -0.0000000917107213,       0.0000000498099020,      -0.0000000917107213,      -0.0020002534582486,       0.0000002213599443,       0.0000000498099020,       0.0000002213599443,       0.0007180898343868
        0.0007181468528104,      -0.0000000943381998,      -0.0000000738737149,      -0.0000000943381998,      -0.0020002896501900,      -0.0000007901673461,      -0.0000000738737149,      -0.0000007901673461,       0.0007180778047771
        0.0007181560005233,       0.0000000212530804,       0.0000001376586514,       0.0000000212530804,      -0.0020002856100277,       0.0000017103786066,       0.0000001376586514,       0.0000017103786066,       0.0007181097024536
        0.0007181357233881,       0.0000000000000000,       0.0000000000000000,       0.0000000000000000,      -0.0020002271120707,       0.0000052287021700,       0.0000000000000000,       0.0000052287021700,       0.0007181785288819
        0.0007181560005233,      -0.0000000212530804,      -0.0000001376586514,      -0.0000000212530804,      -0.0020002856100277,       0.0000017103786066,      -0.0000001376586514,       0.0000017103786066,       0.0007181097024536
        0.0007181468528104,       0.0000000943381998,       0.0000000738737149,       0.0000000943381998,      -0.0020002896501900,      -0.0000007901673461,       0.0000000738737149,      -0.0000007901673461,       0.0007180778047771
        0.0007181367078068,       0.0000000917107213,      -0.0000000498099020,       0.0000000917107213,      -0.0020002534582486,       0.0000002213599443,      -0.0000000498099020,       0.0000002213599443,       0.0007180898343868
        0.0007181366286612,       0.0000001102997418,       0.0000000342103012,       0.0000001102997418,      -0.0020002699528228,      -0.0000001065294406,       0.0000000342103012,      -0.0000001065294406,       0.0007180820352429
        0.0007181255175291,       0.0000001242109116,      -0.0000000112081314,       0.0000001242109116,      -0.0020002525692078,      -0.0000000475197181,      -0.0000000112081314,      -0.0000000475197181,       0.0007180935364302
        0.0007181204435033,       0.0000001067272935,       0.0000000060549353,       0.0000001067272935,      -0.0020002528400500,       0.0000000053977772,       0.0000000060549353,       0.0000000053977772,       0.0007180909599342
        0.0007181139341624,       0.0000001046961086,       0.0000000081358439,       0.0000001046961086,      -0.0020002469813150,      -0.0000000586277314,       0.0000000081358439,      -0.0000000586277314,       0.0007180980554057
        0.0007181085312017,       0.0000000700127844,      -0.0000000058906788,       0.0000000700127844,      -0.0020002439296745,       0.0000000056650589,      -0.0000000058906788,       0.0000000056650589,       0.0007180991779950
        0.0007181055334884,       0.0000000532069168,       0.0000000126332781,       0.0000000532069168,      -0.0020002424741777,      -0.0000000333237879,       0.0000000126332781,      -0.0000000333237879,       0.0007181025493149
        0.0007181034095380,       0.0000000111074801,      -0.0000000109128229,       0.0000000111074801,      -0.0020002410973832,      -0.0000000111074801,      -0.0000000109128229,      -0.0000000111074801,       0.0007181034095380
        0.0007180771887343,      -0.0000000194277677,      -0.0000000083989272,      -0.0000000194277677,      -0.0020001980209515,      -0.0000000194277677,      -0.0000000083989272,      -0.0000000194277677,       0.0007180771887343
        0.0007180796565808,      -0.0000000396064929,      -0.0000000022962501,      -0.0000000396064929,      -0.0020001966410835,      -0.0000000042756062,      -0.0000000022962501,      -0.0000000042756062,       0.0007180718411528
        0.0007180876401185,      -0.0000000766418615,      -0.0000000100452437,      -0.0000000766418615,      -0.0020001987356743,      -0.0000000381696270,      -0.0000000100452437,      -0.0000000381696270,       0.0007180656703786
        0.0007180964556477,      -0.0000000856695570,      -0.0000000239308232,      -0.0000000856695570,      -0.0020001965559090,      -0.0000000052058958,      -0.0000000239308232,      -0.0000000052058958,       0.0007180486823592
        0.0007181095131049,      -0.0000001149126010,       0.0000000070490952,      -0.0000001149126010,      -0.0020001976230188,      -0.0000000390514005,       0.0000000070490952,      -0.0000000390514005,       0.0007180402413823
        0.0007181272879043,      -0.0000001064291683,      -0.0000000635391578,      -0.0000001064291683,      -0.0020002030175943,      -0.0000000648949122,      -0.0000000635391578,      -0.0000000648949122,       0.0007180119963579
        0.0007181388498338,      -0.0000001106924527,       0.0000000460753273,      -0.0000001106924527,      -0.0020001885833779,       0.0000000683646092,       0.0000000460753273,       0.0000000683646092,       0.0007180032640266
        0.0007181616986163,      -0.0000001057277851,      -0.0000000856144814,      -0.0000001057277851,      -0.0020002277636233,      -0.0000003593640842,      -0.0000000856144814,      -0.0000003593640842,       0.0007179834946799
        0.0007181710620237,      -0.0000000296340704,       0.0000000181595398,      -0.0000000296340704,      -0.0020001591798652,       0.0000006555151710,       0.0000000181595398,       0.0000006555151710,       0.0007179497633159
        0.0007181742026756,      -0.0000001231237650,       0.0000000272246487,      -0.0000001231237650,      -0.0020002447020831,      -0.0000016419992761,       0.0000000272246487,      -0.0000016419992761,       0.0007179724430860
        0.0007181957316764,       0.0000000000000000,       0.0000000000000000,       0.0000000000000000,      -0.0020004256951231,      -0.0000051166030458,       0.0000000000000000,      -0.0000051166030458,       0.0007179860430224
        0.0007181742026756,       0.0000001231237650,      -0.0000000272246487,       0.0000001231237650,      -0.0020002447020831,      -0.0000016419992761,      -0.0000000272246487,      -0.0000016419992761,       0.0007179724430860
        0.0007181710620237,       0.0000000296340704,      -0.0000000181595398,       0.0000000296340704,      -0.0020001591798652,       0.0000006555151710,      -0.0000000181595398,       0.0000006555151710,       0.0007179497633159
        0.0007181616986163,       0.0000001057277851,       0.0000000856144814,       0.0000001057277851,      -0.0020002277636233,      -0.0000003593640842,       0.0000000856144814,      -0.0000003593640842,       0.0007179834946799
        0.0007181388498338,       0.0000001106924527,      -0.0000000460753273,       0.0000001106924527,      -0.0020001885833779,       0.0000000683646092,      -0.0000000460753273,       0.0000000683646092,       0.0007180032640266
        0.0007181272879043,       0.0000001064291683,       0.0000000635391578,       0.0000001064291683,      -0.0020002030175943,      -0.0000000648949122,       0.0000000635391578,      -0.0000000648949122,       0.0007180119963579
        0.0007181095131049,       0.0000001149126010,      -0.0000000070490952,       0.0000001149126010,      -0.0020001976230188,      -0.0000000390514005,      -0.0000000070490952,      -0.0000000390514005,       0.0007180402413823
        0.0007180964556477,       0.0000000856695570,       0.0000000239308232,       0.0000000856695570,      -0.0020001965559090,      -0.0000000052058958,       0.0000000239308232,      -0.0000000052058958,       0.0007180486823592
        0.0007180876401185,       0.0000000766418615,       0.0000000100452437,       0.0000000766418615,      -0.0020001987356743,      -0.0000000381696270,       0.0000000100452437,      -0.0000000381696270,       0.0007180656703786
        0.0007180796565808,       0.0000000396064929,       0.0000000022962501,       0.0000000396064929,      -0.0020001966410835,      -0.0000000042756062,       0.0000000022962501,      -0.0000000042756062,       0.0007180718411528
        0.0007180771887343,       0.0000000194277677,       0.0000000083989272,       0.0000000194277677,      -0.0020001980209515,      -0.0000000194277677,       0.0000000083989272,      -0.0000000194277677,       0.0007180771887343
        0.0007180544522241,      -0.0000000118787547,      -0.0000000273561625,      -0.0000000118787547,      -0.0020001605601588,      -0.0000000118787547,      -0.0000000273561625,      -0.0000000118787547,       0.0007180544522241
        0.0007180602806178,      -0.0000000347923389,       0.0000000163082377,      -0.0000000347923389,      -0.0020001612537759,      -0.0000000115950867,       0.0000000163082377,      -0.0000000115950867,       0.0007180489282302
