       -0.0000000031070890,      -0.0000000035224782,      -0.0000000035153777,      -0.0000000035224782,       0.0000020007635864,      -0.0020002448365323,      -0.0000000035153777,      -0.0020002448365323,      -0.0000031114173545
       -0.0000000035994321,      -0.0000000109861979,      -0.0000000109639818,      -0.0000000109861979,       0.0000020009926784,      -0.0020002597590537,      -0.0000000109639818,      -0.0020002597590537,      -0.0000031111737956
       -0.0000000020088322,      -0.0000000170493204,      -0.0000000170162362,      -0.0000000170493204,       0.0000019991785860,      -0.0020002883168685,      -0.0000000170162362,      -0.0020002883168685,      -0.0000031129612034
       -0.0000000032685893,      -0.0000000226232042,      -0.0000000225781725,      -0.0000000226232042,       0.0000020031039227,      -0.0020003280997834,      -0.0000000225781725,      -0.0020003280997834,      -0.0000031089993630
       -0.0000000005102792,      -0.0000000260565051,      -0.0000000260080348,      -0.0000000260565051,       0.0000019924290443,      -0.0020003760523609,      -0.0000000260080348,      -0.0020003760523609,      -0.0000031196322334
       -0.0000000000592907,      -0.0000000264893720,      -0.0000000264394487,      -0.0000000264893720,       0.0000020105583756,      -0.0020004266060267,      -0.0000000264394487,      -0.0020004266060267,      -0.0000031014615356
       -0.0000000023878839,      -0.0000000283161744,      -0.0000000282616355,      -0.0000000283161744,       0.0000019819355119,      -0.0020004784405007,      -0.0000000282616355,      -0.0020004784405007,      -0.0000031300410326
        0.0000000116480777,      -0.0000000183584677,      -0.0000000183327942,      -0.0000000183584677,       0.0000020005363862,      -0.0020005215894030,      -0.0000000183327942,      -0.0020005215894030,      -0.0000031114113732
       -0.0000000116229086,      -0.0000000187303895,      -0.0000000186877490,      -0.0000000187303895,       0.0000020687187977,      -0.0020005548127783,      -0.0000000186877490,      -0.0020005548127783,      -0.0000030432046952
       -0.0000000015697372,      -0.0000000322072047,      -0.0000000321183252,      -0.0000000322072047,       0.0000016293099742,      -0.0020006023948957,      -0.0000000321183252,      -0.0020006023948957,      -0.0000034825434285
        0.0000000329719775,       0.0000000000000000,      -0.0000000000000002,       0.0000000000000000,       0.0000011964445472,      -0.0020006332360906,      -0.0000000000000002,      -0.0020006332360906,      -0.0000039153574349
       -0.0000000015697359,       0.0000000322072045,       0.0000000321183253,       0.0000000322072045,       0.0000016293099733,      -0.0020006023948959,       0.0000000321183253,      -0.0020006023948959,      -0.0000034825434281
       -0.0000000116229085,       0.0000000187303895,       0.0000000186877489,       0.0000000187303895,       0.0000020687187993,      -0.0020005548127781,       0.0000000186877489,      -0.0020005548127781,      -0.0000030432046954
        0.0000000116480779,       0.0000000183584680,       0.0000000183327942,       0.0000000183584680,       0.0000020005363861,      -0.0020005215894027,       0.0000000183327942,      -0.0020005215894027,      -0.0000031114113737
       -0.0000000023878832,       0.0000000283161743,       0.0000000282616354,       0.0000000283161743,       0.0000019819355112,      -0.0020004784405007,       0.0000000282616354,      -0.0020004784405007,      -0.0000031300410325
       -0.0000000000592910,       0.0000000264893718,       0.0000000264394487,       0.0000000264893718,       0.0000020105583756,      -0.0020004266060267,       0.0000000264394487,      -0.0020004266060267,      -0.0000031014615350
       -0.0000000005102797,       0.0000000260565052,       0.0000000260080353,       0.0000000260565052,       0.0000019924290440,      -0.0020003760523607,       0.0000000260080353,      -0.0020003760523607,      -0.0000031196322341
       -0.0000000032685905,       0.0000000226232044,       0.0000000225781724,       0.0000000226232044,       0.0000020031039227,      -0.0020003280997833,       0.0000000225781724,      -0.0020003280997833,      -0.0000031089993642
       -0.0000000020088339,       0.0000000170493204,       0.0000000170162364,       0.0000000170493204,       0.0000019991785853,      -0.0020002883168685,       0.0000000170162364,      -0.0020002883168685,      -0.0000031129612042
       -0.0000000035994314,       0.0000000109861980,       0.0000000109639818,       0.0000000109861980,       0.0000020009926793,      -0.0020002597590539,       0.0000000109639818,      -0.0020002597590539,      -0.0000031111737949
       -0.0000000031070901,       0.0000000035224778,       0.0000000035153774,       0.0000000035224778,       0.0000020007635866,      -0.0020002448365325,       0.0000000035153774,      -0.0020002448365325,      -0.0000031114173545
       -0.0000000103864616,      -0.0000000041808753,      -0.0000000109792856,      -0.0000000041808753,       0.0000020037116593,      -0.0020002314724551,      -0.0000000109792856,      -0.0020002314724551,      -0.0000031084772877
       -0.0000000093437824,      -0.0000000102246674,      -0.0000000315743545,      -0.0000000102246674,       0.0000020031153656,      -0.0020002461179562,      -0.0000000315743545,      -0.0020002461179562,      -0.0000031098856058
       -0.0000000096934356,      -0.0000000178835771,      -0.0000000509186284,      -0.0000000178835771,       0.0000020037459885,      -0.0020002745005325,      -0.0000000509186284,      -0.0020002745005325,      -0.0000031082382319
       -0.0000000062920236,      -0.0000000222273637,      -0.0000000660602886,      -0.0000000222273637,       0.0000019981007382,      -0.0020003141674972,      -0.0000000660602886,      -0.0020003141674972,      -0.0000031152139389
       -0.0000000052264063,      -0.0000000259846773,      -0.0000000764546089,      -0.0000000259846773,       0.0000020073315469,      -0.0020003609885280,      -0.0000000764546089,      -0.0020003609885280,      -0.0000031072632827
       -0.0000000017658273,      -0.0000000302685705,      -0.0000000813930167,      -0.0000000302685705,       0.0000019835639371,      -0.0020004144853759,      -0.0000000813930167,      -0.0020004144853759,      -0.0000031259638561
        0.0000000068972184,      -0.0000000201662230,      -0.0000000749094177,      -0.0000000201662230,       0.0000020150328415,      -0.0020004605092670,      -0.0000000749094177,      -0.0020004605092670,      -0.0000031094752587
       -0.0000000021094805,      -0.0000000345206645,      -0.0000000699905589,      -0.0000000345206645,       0.0000019856637823,      -0.0020005111452320,      -0.0000000699905589,      -0.0020005111452320,      -0.0000031188970935
        0.0000000246196866,      -0.0000000111907432,      -0.0000000467524995,      -0.0000000111907432,       0.0000019077285074,      -0.0020005523811640,      -0.0000000467524995,      -0.0020005523811640,      -0.0000031896622636
        0.0000000199116245,       0.0000000591589820,      -0.0000000025130328,       0.0000000591589820,       0.0000024483544836,      -0.0020004979911976,      -0.0000000025130328,      -0.0020004979911976,      -0.0000028602461057
       -0.0000000132221607,      -0.0000000000000001,      -0.0000000000000002,      -0.0000000000000001,       0.0000029743090263,      -0.0020004352370699,      -0.0000000000000002,      -0.0020004352370699,      -0.0000025155107043
        0.0000000199116253,      -0.0000000591589818,       0.0000000025130329,      -0.0000000591589818,       0.0000024483544843,      -0.0020004979911974,       0.0000000025130329,      -0.0020004979911974,      -0.0000028602461061
        0.0000000246196857,       0.0000000111907430,       0.0000000467524996,       0.0000000111907430,       0.0000019077285069,      -0.0020005523811641,       0.0000000467524996,      -0.0020005523811641,      -0.0000031896622645
       -0.0000000021094796,       0.0000000345206644,       0.0000000699905586,       0.0000000345206644,       0.0000019856637822,      -0.0020005111452323,       0.0000000699905586,      -0.0020005111452323,      -0.0000031188970940
        0.0000000068972186,       0.0000000201662231,       0.0000000749094174,       0.0000000201662231,       0.0000020150328408,      -0.0020004605092672,       0.0000000749094174,      -0.0020004605092672,      -0.0000031094752589
       -0.0000000017658273,       0.0000000302685704,       0.0000000813930171,       0.0000000302685704,       0.0000019835639369,      -0.0020004144853760,       0.0000000813930171,      -0.0020004144853760,      -0.0000031259638552
       -0.0000000052264046,       0.0000000259846774,       0.0000000764546093,       0.0000000259846774,       0.0000020073315471,      -0.0020003609885281,       0.0000000764546093,      -0.0020003609885281,      -0.0000031072632822
       -0.0000000062920256,       0.0000000222273637,       0.0000000660602885,       0.0000000222273637,       0.0000019981007364,      -0.0020003141674974,       0.0000000660602885,      -0.0020003141674974,      -0.0000031152139405
       -0.0000000096934366,       0.0000000178835772,       0.0000000509186287,       0.0000000178835772,       0.0000020037459898,      -0.0020002745005326,       0.0000000509186287,      -0.0020002745005326,      -0.0000031082382313
       -0.0000000093437825,       0.0000000102246670,       0.0000000315743543,       0.0000000102246670,       0.0000020031153654,      -0.0020002461179560,       0.0000000315743543,      -0.0020002461179560,      -0.0000031098856061
       -0.0000000103864632,       0.0000000041808756,       0.0000000109792854,       0.0000000041808756,       0.0000020037116590,      -0.0020002314724550,       0.0000000109792854,      -0.0020002314724550,      -0.0000031084772871
       -0.0000000164987916,      -0.0000000025427121,      -0.0000000171072642,      -0.0000000025427121,       0.0000020067866711,      -0.0020002052849732,      -0.0000000171072642,      -0.0020002052849732,      -0.0000031069450894
       -0.0000000165980642,      -0.0000000115859543,      -0.0000000511194441,      -0.0000000115859543,       0.0000020065189920,      -0.0020002195608419,      -0.0000000511194441,      -0.0020002195608419,      -0.0000031057508311
       -0.0000000140928236,      -0.0000000159933461,      -0.0000000812952653,      -0.0000000159933461,       0.0000020045606914,      -0.0020002467712196,      -0.0000000812952653,      -0.0020002467712196,      -0.0000031119166583
       -0.0000000126946081,      -0.0000000230657720,      -0.0000001065936099,      -0.0000000230657720,       0.0000020080477420,      -0.0020002849902709,      -0.0000001065936099,      -0.0020002849902709,      -0.0000031079910376
       -0.0000000079167193,      -0.0000000272905538,      -0.0000001237818780,      -0.0000000272905538,       0.0000019932501260,      -0.0020003327143351,      -0.0000001237818780,      -0.0020003327143351,      -0.0000031214884341
       -0.0000000003705085,      -0.0000000237968324,      -0.0000001291787408,      -0.0000000237968324,       0.0000020181410313,      -0.0020003795573017,      -0.0000001291787408,      -0.0020003795573017,      -0.0000031176077972
        0.0000000002101501,      -0.0000000377820142,      -0.0000001267991102,      -0.0000000377820142,       0.0000019705901746,      -0.0020004365700815,      -0.0000001267991102,      -0.0020004365700815,      -0.0000031267954114
        0.0000000208040507,      -0.0000000064585797,      -0.0000001038399395,      -0.0000000064585797,       0.0000020080776045,      -0.0020004727130091,      -0.0000001038399395,      -0.0020004727130091,      -0.0000031498125476
        0.0000000084015404,      -0.0000000224112150,      -0.0000000783261552,      -0.0000000224112150,       0.0000020997767078,      -0.0020004964291447,      -0.0000000783261552,      -0.0020004964291447,      -0.0000030946023135
        0.0000000146200383,      -0.0000001136074004,      -0.0000000622053590,      -0.0000001136074004,       0.0000013703681819,      -0.0020006403067768,      -0.0000000622053590,      -0.0020006403067768,      -0.0000032271063852
        0.0000000482715390,       0.0000000000000001,       0.0000000000000000,       0.0000000000000001,       0.0000006694405196,      -0.0020007615271784,       0.0000000000000000,      -0.0020007615271784,      -0.0000034055270225
        0.0000000146200392,       0.0000001136074003,       0.0000000622053589,       0.0000001136074003,       0.0000013703681798,      -0.0020006403067768,       0.0000000622053589,      -0.0020006403067768,      -0.0000032271063872
        0.0000000084015390,       0.0000000224112151,       0.0000000783261552,       0.0000000224112151,       0.0000020997767078,      -0.0020004964291444,       0.0000000783261552,      -0.0020004964291444,      -0.0000030946023145
        0.0000000208040523,       0.0000000064585794,       0.0000001038399391,       0.0000000064585794,       0.0000020080776048,      -0.0020004727130090,       0.0000001038399391,      -0.0020004727130090,      -0.0000031498125472
        0.0000000002101510,       0.0000000377820140,       0.0000001267991101,       0.0000000377820140,       0.0000019705901749,      -0.0020004365700816,       0.0000001267991101,      -0.0020004365700816,      -0.0000031267954105
       -0.0000000003705077,       0.0000000237968326,       0.0000001291787413,       0.0000000237968326,       0.0000020181410315,      -0.0020003795573018,       0.0000001291787413,      -0.0020003795573018,      -0.0000031176077980
       -0.0000000079167201,       0.0000000272905537,       0.0000001237818782,       0.0000000272905537,       0.0000019932501260,      -0.0020003327143350,       0.0000001237818782,      -0.0020003327143350,      -0.0000031214884342
       -0.0000000126946084,       0.0000000230657722,       0.0000001065936099,       0.0000000230657722,       0.0000020080477418,      -0.0020002849902707,       0.0000001065936099,      -0.0020002849902707,      -0.0000031079910373
       -0.0000000140928240,       0.0000000159933462,       0.0000000812952654,       0.0000000159933462,       0.0000020045606932,      -0.0020002467712197,       0.0000000812952654,      -0.0020002467712197,      -0.0000031119166574
       -0.0000000165980640,       0.0000000115859542,       0.0000000511194443,       0.0000000115859542,       0.0000020065189931,      -0.0020002195608418,       0.0000000511194443,      -0.0020002195608418,      -0.0000031057508314
       -0.0000000164987935,       0.0000000025427120,       0.0000000171072638,       0.0000000025427120,       0.0000020067866724,      -0.0020002052849730,       0.0000000171072638,      -0.0020002052849730,      -0.0000031069450888
       -0.0000000222233116,      -0.0000000049636148,      -0.0000000228216071,      -0.0000000049636148,       0.0000020097600381,      -0.0020001678621557,      -0.0000000228216071,      -0.0020001678621557,      -0.0000031041488387
       -0.0000000213069305,      -0.0000000081718126,      -0.0000000666979828,      -0.0000000081718126,       0.0000020097230823,      -0.0020001806661956,      -0.0000000666979828,      -0.0020001806661956,      -0.0000031086102177
       -0.0000000201249791,      -0.0000000172794751,      -0.0000001071943500,      -0.0000000172794751,       0.0000020107682721,      -0.0020002057215868,      -0.0000001071943500,      -0.0020002057215868,      -0.0000031057871646
       -0.0000000169589660,      -0.0000000209274035,      -0.0000001405348645,      -0.0000000209274035,       0.0000020042747453,      -0.0020002416912374,      -0.0000001405348645,      -0.0020002416912374,      -0.0000031179425551
       -0.0000000095506507,      -0.0000000234258488,      -0.0000001627942435,      -0.0000000234258488,       0.0000020196838926,      -0.0020002828615787,      -0.0000001627942435,      -0.0020002828615787,      -0.0000031196770286
       -0.0000000063995883,      -0.0000000336124512,      -0.0000001731490364,      -0.0000000336124512,       0.0000019826001517,      -0.0020003350054968,      -0.0000001731490364,      -0.0020003350054968,      -0.0000031257177341
        0.0000000118026021,      -0.0000000130894078,      -0.0000001636075345,      -0.0000000130894078,       0.0000020397122947,      -0.0020003728899741,      -0.0000001636075345,      -0.0020003728899741,      -0.0000031562827771
        0.0000000101581045,      -0.0000000414147296,      -0.0000001431930546,      -0.0000000414147296,       0.0000019849102896,      -0.0020004240002847,      -0.0000001431930546,      -0.0020004240002847,      -0.0000031220731305
        0.0000000265691480,      -0.0000000182051250,      -0.0000001065142890,      -0.0000000182051250,       0.0000018565224553,      -0.0020004766965324,      -0.0000001065142890,      -0.0020004766965324,      -0.0000031652172155
        0.0000000402032581,       0.0000001158844633,      -0.0000000401233591,       0.0000001158844633,       0.0000028129417077,      -0.0020003480175615,      -0.0000000401233591,      -0.0020003480175615,      -0.0000033086383748
        0.0000000156627177,       0.0000000000000001,       0.0000000000000000,       0.0000000000000001,       0.0000037390684400,      -0.0020002094426919,       0.0000000000000000,      -0.0020002094426919,      -0.0000033659443651
        0.0000000402032583,      -0.0000001158844634,       0.0000000401233592,      -0.0000001158844634,       0.0000028129417081,      -0.0020003480175616,       0.0000000401233592,      -0.0020003480175616,      -0.0000033086383758
        0.0000000265691473,       0.0000000182051250,       0.0000001065142889,       0.0000000182051250,       0.0000018565224550,      -0.0020004766965325,       0.0000001065142889,      -0.0020004766965325,      -0.0000031652172168
        0.0000000101581038,       0.0000000414147294,       0.0000001431930542,       0.0000000414147294,       0.0000019849102889,      -0.0020004240002845,       0.0000001431930542,      -0.0020004240002845,      -0.0000031220731320
        0.0000000118026023,       0.0000000130894076,       0.0000001636075344,       0.0000000130894076,       0.0000020397122941,      -0.0020003728899736,       0.0000001636075344,      -0.0020003728899736,      -0.0000031562827780
       -0.0000000063995877,       0.0000000336124513,       0.0000001731490369,       0.0000000336124513,       0.0000019826001503,      -0.0020003350054963,       0.0000001731490369,      -0.0020003350054963,      -0.0000031257177351
       -0.0000000095506522,       0.0000000234258491,       0.0000001627942436,       0.0000000234258491,       0.0000020196838910,      -0.0020002828615784,       0.0000001627942436,      -0.0020002828615784,      -0.0000031196770288
       -0.0000000169589641,       0.0000000209274034,       0.0000001405348644,       0.0000000209274034,       0.0000020042747475,      -0.0020002416912375,       0.0000001405348644,      -0.0020002416912375,      -0.0000031179425517
       -0.0000000201249813,       0.0000000172794750,       0.0000001071943499,       0.0000000172794750,       0.0000020107682717,      -0.0020002057215870,       0.0000001071943499,      -0.0020002057215870,      -0.0000031057871645
       -0.0000000213069296,       0.0000000081718132,       0.0000000666979831,       0.0000000081718132,       0.0000020097230831,      -0.0020001806661959,       0.0000000666979831,      -0.0020001806661959,      -0.0000031086102166
       -0.0000000222233139,       0.0000000049636145,       0.0000000228216067,       0.0000000049636145,       0.0000020097600381,      -0.0020001678621558,       0.0000000228216067,      -0.0020001678621558,      -0.0000031041488384
       -0.0000000261875563,      -0.0000000006108765,      -0.0000000264979365,      -0.0000000006108765,       0.0000020126884616,      -0.0020001213423245,      -0.0000000264979365,      -0.0020001213423245,      -0.0000031051048149
       -0.0000000250379468,      -0.0000000102276361,      -0.0000000776950352,      -0.0000000102276361,       0.0000020133516954,      -0.0020001320271833,      -0.0000000776950352,      -0.0020001320271833,      -0.0000031039275223
       -0.0000000252323782,      -0.0000000125884957,      -0.0000001253327691,      -0.0000000125884957,       0.0000020118465722,      -0.0020001531346618,      -0.0000001253327691,      -0.0020001531346618,      -0.0000031130514846
       -0.0000000177949251,      -0.0000000180212569,      -0.0000001639055811,      -0.0000000180212569,       0.0000020210901731,      -0.0020001819419253,      -0.0000001639055811,      -0.0020001819419253,      -0.0000031169753993
       -0.0000000176929661,      -0.0000000258096623,      -0.0000001919642636,      -0.0000000258096623,       0.0000019996920191,      -0.0020002214157926,      -0.0000001919642636,      -0.0020002214157926,      -0.0000031224272123
        0.0000000012569441,      -0.0000000158486042,      -0.0000002014941633,      -0.0000000158486042,       0.0000020453013073,      -0.0020002562541194,      -0.0000002014941633,      -0.0020002562541194,      -0.0000031571206150
        0.0000000026500085,      -0.0000000372406341,      -0.0000001942373278,      -0.0000000372406341,       0.0000019729637686,      -0.0020003060919905,      -0.0000001942373278,      -0.0020003060919905,      -0.0000031226816406
        0.0000000182200978,      -0.0000000083815177,      -0.0000001692034546,      -0.0000000083815177,       0.0000020287704305,      -0.0020003379240853,      -0.0000001692034546,      -0.0020003379240853,      -0.0000031978914494
        0.0000000414872987,      -0.0000000030338335,      -0.0000001172300418,      -0.0000000030338335,       0.0000022017877410,      -0.0020003407895577,      -0.0000001172300418,      -0.0020003407895577,      -0.0000032249421162
        0.0000000260520592,      -0.0000001294668787,      -0.0000000684232258,      -0.0000001294668787,       0.0000010259520088,      -0.0020005146139834,      -0.0000000684232258,      -0.0020005146139834,      -0.0000028090072728
        0.0000000445587715,       0.0000000000000000,       0.0000000000000000,       0.0000000000000000,      -0.0000001353175226,      -0.0020006810277311,       0.0000000000000000,      -0.0020006810277311,      -0.0000024897430618
        0.0000000260520592,       0.0000001294668788,       0.0000000684232257,       0.0000001294668788,       0.0000010259520075,      -0.0020005146139835,       0.0000000684232257,      -0.0020005146139835,      -0.0000028090072738
        0.0000000414872994,       0.0000000030338333,       0.0000001172300419,       0.0000000030338333,       0.0000022017877417,      -0.0020003407895579,       0.0000001172300419,      -0.0020003407895579,      -0.0000032249421157
        0.0000000182200962,       0.0000000083815175,       0.0000001692034547,       0.0000000083815175,       0.0000020287704292,      -0.0020003379240852,       0.0000001692034547,      -0.0020003379240852,      -0.0000031978914503
        0.0000000026500097,       0.0000000372406341,       0.0000001942373277,       0.0000000372406341,       0.0000019729637684,      -0.0020003060919902,       0.0000001942373277,      -0.0020003060919902,      -0.0000031226816414
        0.0000000012569461,       0.0000000158486043,       0.0000002014941634,       0.0000000158486043,       0.0000020453013087,      -0.0020002562541193,       0.0000002014941634,      -0.0020002562541193,      -0.0000031571206152
       -0.0000000176929679,       0.0000000258096623,       0.0000001919642635,       0.0000000258096623,       0.0000019996920185,      -0.0020002214157930,       0.0000001919642635,      -0.0020002214157930,      -0.0000031224272131
       -0.0000000177949248,       0.0000000180212568,       0.0000001639055813,       0.0000000180212568,       0.0000020210901731,      -0.0020001819419253,       0.0000001639055813,      -0.0020001819419253,      -0.0000031169753987
       -0.0000000252323791,       0.0000000125884960,       0.0000001253327688,       0.0000000125884960,       0.0000020118465720,      -0.0020001531346616,       0.0000001253327688,      -0.0020001531346616,      -0.0000031130514844
       -0.0000000250379472,       0.0000000102276361,       0.0000000776950352,       0.0000000102276361,       0.0000020133516974,      -0.0020001320271835,       0.0000000776950352,      -0.0020001320271835,      -0.0000031039275205
       -0.0000000261875584,       0.0000000006108766,       0.0000000264979366,       0.0000000006108766,       0.0000020126884622,      -0.0020001213423247,       0.0000000264979366,      -0.0020001213423247,      -0.0000031051048146
       -0.0000000271026542,      -0.0000000031470431,      -0.0000000270667185,      -0.0000000031470431,       0.0000020148222677,      -0.0020000693479507,      -0.0000000270667185,      -0.0020000693479507,      -0.0000031042146819
       -0.0000000302006753,      -0.0000000056173696,      -0.0000000833612525,      -0.0000000056173696,       0.0000020145590715,      -0.0020000770510540,      -0.0000000833612525,      -0.0020000770510540,      -0.0000031066910136
       -0.0000000216243657,      -0.0000000091567713,      -0.0000001317348533,      -0.0000000091567713,       0.0000020212615898,      -0.0020000910059887,      -0.0000001317348533,      -0.0020000910059887,      -0.0000031144508020
       -0.0000000289857260,      -0.0000000172013149,      -0.0000001756159539,      -0.0000000172013149,       0.0000020107044095,      -0.0020001140268359,      -0.0000001756159539,      -0.0020001140268359,      -0.0000031139162124
       -0.0000000071927951,      -0.0000000105209672,      -0.0000002030045098,      -0.0000000105209672,       0.0000020424442216,      -0.0020001378033723,      -0.0000002030045098,      -0.0020001378033723,      -0.0000031511564051
       -0.0000000120389372,      -0.0000000278172888,      -0.0000002149929083,      -0.0000000278172888,       0.0000019908224705,      -0.0020001733533802,      -0.0000002149929083,      -0.0020001733533802,      -0.0000031189051274
        0.0000000077542655,      -0.0000000107034511,      -0.0000002105490278,      -0.0000000107034511,       0.0000020688661297,      -0.0020001999535887,      -0.0000002105490278,      -0.0020001999535887,      -0.0000032056758518
        0.0000000358233823,      -0.0000000151892895,      -0.0000001712667063,      -0.0000000151892895,       0.0000020262934938,      -0.0020002275454114,      -0.0000001712667063,      -0.0020002275454114,      -0.0000031652155862
        0.0000000036115175,      -0.0000000375501883,      -0.0000001360383036,      -0.0000000375501883,       0.0000017988779044,      -0.0020002812929169,      -0.0000001360383036,      -0.0020002812929169,      -0.0000030862466435
        0.0000000523224063,       0.0000000799514529,      -0.0000000804147999,       0.0000000799514529,       0.0000031156711190,      -0.0020001672092975,      -0.0000000804147999,      -0.0020001672092975,      -0.0000037609526798
        0.0000000552671993,      -0.0000000000000001,      -0.0000000000000002,      -0.0000000000000001,       0.0000044624587364,      -0.0020000256659583,      -0.0000000000000002,      -0.0020000256659583,      -0.0000043396034737
        0.0000000523224061,      -0.0000000799514529,       0.0000000804147997,      -0.0000000799514529,       0.0000031156711188,      -0.0020001672092977,       0.0000000804147997,      -0.0020001672092977,      -0.0000037609526809
        0.0000000036115173,       0.0000000375501883,       0.0000001360383038,       0.0000000375501883,       0.0000017988779047,      -0.0020002812929169,       0.0000001360383038,      -0.0020002812929169,      -0.0000030862466422
        0.0000000358233818,       0.0000000151892896,       0.0000001712667065,       0.0000000151892896,       0.0000020262934933,      -0.0020002275454116,       0.0000001712667065,      -0.0020002275454116,      -0.0000031652155860
        0.0000000077542657,       0.0000000107034510,       0.0000002105490280,       0.0000000107034510,       0.0000020688661302,      -0.0020001999535889,       0.0000002105490280,      -0.0020001999535889,      -0.0000032056758521
       -0.0000000120389336,       0.0000000278172886,       0.0000002149929082,       0.0000000278172886,       0.0000019908224719,      -0.0020001733533801,       0.0000002149929082,      -0.0020001733533801,      -0.0000031189051259
       -0.0000000071927958,       0.0000000105209672,       0.0000002030045095,       0.0000000105209672,       0.0000020424442214,      -0.0020001378033721,       0.0000002030045095,      -0.0020001378033721,      -0.0000031511564039
       -0.0000000289857267,       0.0000000172013150,       0.0000001756159543,       0.0000000172013150,       0.0000020107044104,      -0.0020001140268359,       0.0000001756159543,      -0.0020001140268359,      -0.0000031139162125
       -0.0000000216243649,       0.0000000091567714,       0.0000001317348531,       0.0000000091567714,       0.0000020212615907,      -0.0020000910059887,       0.0000001317348531,      -0.0020000910059887,      -0.0000031144508019
       -0.0000000302006772,       0.0000000056173697,       0.0000000833612522,       0.0000000056173697,       0.0000020145590715,      -0.0020000770510540,       0.0000000833612522,      -0.0020000770510540,      -0.0000031066910131
       -0.0000000271026557,       0.0000000031470432,       0.0000000270667187,       0.0000000031470432,       0.0000020148222692,      -0.0020000693479507,       0.0000000270667187,      -0.0020000693479507,      -0.0000031042146810
       -0.0000000296146495,      -0.0000000067887365,      -0.0000000292484061,      -0.0000000067887365,       0.0000020144630445,      -0.0020000166490520,      -0.0000000292484061,      -0.0020000166490520,      -0.0000031030765847
       -0.0000000205987072,       0.0000000035773442,      -0.0000000771969943,       0.0000000035773442,       0.0000020196064567,      -0.0020000194148781,      -0.0000000771969943,      -0.0020000194148781,      -0.0000031147346735
       -0.0000000366371741,      -0.0000000139795017,      -0.0000001302670474,      -0.0000000139795017,       0.0000020132488464,      -0.0020000276194088,      -0.0000001302670474,      -0.0020000276194088,      -0.0000031008474065
       -0.0000000090826204,       0.0000000029148997,      -0.0000001671741241,       0.0000000029148997,       0.0000020363073164,      -0.0020000366591969,      -0.0000001671741241,      -0.0020000366591969,      -0.0000031462280206
       -0.0000000283051781,      -0.0000000210471042,      -0.0000001970942563,      -0.0000000210471042,       0.0000020057662629,      -0.0020000531475834,      -0.0000001970942563,      -0.0020000531475834,      -0.0000031058141050
        0.0000000001233140,      -0.0000000037867669,      -0.0000002121789303,      -0.0000000037867669,       0.0000020638653258,      -0.0020000710045183,      -0.0000002121789303,      -0.0020000710045183,      -0.0000031939110159
        0.0000000184106158,      -0.0000000082707392,      -0.0000001927665047,      -0.0000000082707392,       0.0000020041392559,      -0.0020000875171251,      -0.0000001927665047,      -0.0020000875171251,      -0.0000031415307047
       -0.0000000123479271,      -0.0000000309280494,      -0.0000001825052480,      -0.0000000309280494,       0.0000020174970906,      -0.0020001168795260,      -0.0000001825052480,      -0.0020001168795260,      -0.0000031768674226
        0.0000000785512397,       0.0000000228397408,      -0.0000001243678856,       0.0000000228397408,       0.0000022903192385,      -0.0020001107294506,      -0.0000001243678856,      -0.0020001107294506,      -0.0000033681823712
        0.0000000330928059,      -0.0000000250697241,      -0.0000000388469226,      -0.0000000250697241,       0.0000009631095498,      -0.0020002004129926,      -0.0000000388469226,      -0.0020002004129926,      -0.0000025733874036
        0.0000000128164911,      -0.0000000000000001,      -0.0000000000000002,      -0.0000000000000001,      -0.0000004590510658,      -0.0020003076415901,      -0.0000000000000002,      -0.0020003076415901,      -0.0000018146364211
        0.0000000330928057,       0.0000000250697238,       0.0000000388469225,       0.0000000250697238,       0.0000009631095484,      -0.0020002004129923,       0.0000000388469225,      -0.0020002004129923,      -0.0000025733874037
        0.0000000785512395,      -0.0000000228397407,       0.0000001243678855,      -0.0000000228397407,       0.0000022903192387,      -0.0020001107294507,       0.0000001243678855,      -0.0020001107294507,      -0.0000033681823710
       -0.0000000123479276,       0.0000000309280496,       0.0000001825052482,       0.0000000309280496,       0.0000020174970904,      -0.0020001168795262,       0.0000001825052482,      -0.0020001168795262,      -0.0000031768674229
        0.0000000184106169,       0.0000000082707390,       0.0000001927665049,       0.0000000082707390,       0.0000020041392548,      -0.0020000875171251,       0.0000001927665049,      -0.0020000875171251,      -0.0000031415307042
        0.0000000001233149,       0.0000000037867669,       0.0000002121789306,       0.0000000037867669,       0.0000020638653260,      -0.0020000710045181,       0.0000002121789306,      -0.0020000710045181,      -0.0000031939110161
       -0.0000000283051773,       0.0000000210471042,       0.0000001970942558,       0.0000000210471042,       0.0000020057662646,      -0.0020000531475832,       0.0000001970942558,      -0.0020000531475832,      -0.0000031058141031
       -0.0000000090826214,      -0.0000000029148997,       0.0000001671741242,      -0.0000000029148997,       0.0000020363073162,      -0.0020000366591970,       0.0000001671741242,      -0.0020000366591970,      -0.0000031462280200
       -0.0000000366371739,       0.0000000139795017,       0.0000001302670476,       0.0000000139795017,       0.0000020132488475,      -0.0020000276194089,       0.0000001302670476,      -0.0020000276194089,      -0.0000031008474066
       -0.0000000205987090,      -0.0000000035773442,       0.0000000771969941,      -0.0000000035773442,       0.0000020196064567,      -0.0020000194148779,       0.0000000771969941,      -0.0020000194148779,      -0.0000031147346741
       -0.0000000296146510,       0.0000000067887366,       0.0000000292484060,       0.0000000067887366,       0.0000020144630452,      -0.0020000166490519,       0.0000000292484060,      -0.0020000166490519,      -0.0000031030765849
       -0.0000000200610306,       0.0000000268192558,      -0.0000000190570355,       0.0000000268192558,       0.0000020156016033,      -0.0019999676015857,      -0.0000000190570355,      -0.0019999676015857,      -0.0000031122575867
       -0.0000000361247067,      -0.0000000273016557,      -0.0000000726336003,      -0.0000000273016557,       0.0000020110731468,      -0.0019999672688533,      -0.0000000726336003,      -0.0019999672688533,      -0.0000030917430274
       -0.0000000055091936,       0.0000000273855594,      -0.0000001073832071,       0.0000000273855594,       0.0000020277826344,      -0.0019999653631531,      -0.0000001073832071,      -0.0019999653631531,      -0.0000031439850462
       -0.0000000391295539,      -0.0000000264121863,      -0.0000001472085265,      -0.0000000264121863,       0.0000020106629363,      -0.0019999642127505,      -0.0000001472085265,      -0.0019999642127505,      -0.0000030875688607
       -0.0000000015850012,       0.0000000166052784,      -0.0000001730411844,       0.0000000166052784,       0.0000020455398633,      -0.0019999703734436,      -0.0000001730411844,      -0.0019999703734436,      -0.0000031775921676
       -0.0000000018884719,      -0.0000000067528340,      -0.0000001736302016,      -0.0000000067528340,       0.0000020155077335,      -0.0019999655311727,      -0.0000001736302016,      -0.0019999655311727,      -0.0000031247490774
       -0.0000000189549009,      -0.0000000209290514,      -0.0000001838521320,      -0.0000000209290514,       0.0000020452941405,      -0.0019999874917759,      -0.0000001838521320,      -0.0019999874917759,      -0.0000031752214734
        0.0000000647782539,       0.0000000305727712,      -0.0000001420034975,       0.0000000305727712,       0.0000020838445319,      -0.0019999847542967,      -0.0000001420034975,      -0.0019999847542967,      -0.0000032380634976
       -0.0000000169587293,      -0.0000000253136761,      -0.0000001023664344,      -0.0000000253136761,       0.0000018011101589,      -0.0019999990323739,      -0.0000001023664344,      -0.0019999990323739,      -0.0000030159339548
        0.0000000261407571,      -0.0000000717244900,      -0.0000000990086475,      -0.0000000717244900,       0.0000029826806085,      -0.0019999932186980,      -0.0000000990086475,      -0.0019999932186980,      -0.0000038079575757
        0.0000000985850530,       0.0000000000000000,      -0.0000000000000001,       0.0000000000000000,       0.0000043173697042,      -0.0019999648532409,      -0.0000000000000001,      -0.0019999648532409,      -0.0000046486006850
        0.0000000261407573,       0.0000000717244901,       0.0000000990086476,       0.0000000717244901,       0.0000029826806092,      -0.0019999932186979,       0.0000000990086476,      -0.0019999932186979,      -0.0000038079575755
       -0.0000000169587286,       0.0000000253136760,       0.0000001023664340,       0.0000000253136760,       0.0000018011101601,      -0.0019999990323736,       0.0000001023664340,      -0.0019999990323736,      -0.0000030159339538
        0.0000000647782523,      -0.0000000305727714,       0.0000001420034977,      -0.0000000305727714,       0.0000020838445313,      -0.0019999847542966,       0.0000001420034977,      -0.0019999847542966,      -0.0000032380634984
       -0.0000000189548996,       0.0000000209290517,       0.0000001838521324,       0.0000000209290517,       0.0000020452941407,      -0.0019999874917759,       0.0000001838521324,      -0.0019999874917759,      -0.0000031752214739
       -0.0000000018884718,       0.0000000067528341,       0.0000001736302017,       0.0000000067528341,       0.0000020155077326,      -0.0019999655311730,       0.0000001736302017,      -0.0019999655311730,      -0.0000031247490779
       -0.0000000015850021,      -0.0000000166052787,       0.0000001730411840,      -0.0000000166052787,       0.0000020455398622,      -0.0019999703734440,       0.0000001730411840,      -0.0019999703734440,      -0.0000031775921673
       -0.0000000391295532,       0.0000000264121864,       0.0000001472085265,       0.0000000264121864,       0.0000020106629369,      -0.0019999642127505,       0.0000001472085265,      -0.0019999642127505,      -0.0000030875688599
       -0.0000000055091945,      -0.0000000273855594,       0.0000001073832073,      -0.0000000273855594,       0.0000020277826348,      -0.0019999653631530,       0.0000001073832073,      -0.0019999653631530,      -0.0000031439850450
       -0.0000000361247068,       0.0000000273016557,       0.0000000726336003,       0.0000000273016557,       0.0000020110731475,      -0.0019999672688536,       0.0000000726336003,      -0.0019999672688536,      -0.0000030917430269
       -0.0000000200610320,      -0.0000000268192556,       0.0000000190570355,      -0.0000000268192556,       0.0000020156016042,      -0.0019999676015859,       0.0000000190570355,      -0.0019999676015859,      -0.0000031122575864
       -0.0000000215879098,      -0.0000000478478562,      -0.0000000192275959,      -0.0000000478478562,       0.0000020099618004,      -0.0019999281346995,      -0.0000000192275959,      -0.0019999281346995,      -0.0000031017969016
       -0.0000000111475130,       0.0000000491055287,      -0.0000000490471980,       0.0000000491055287,       0.0000020155517487,      -0.0019999248836925,      -0.0000000490471980,      -0.0019999248836925,      -0.0000031275841126
