        0.0000000044310520,       0.0000000050277778,       0.0000000050277778,       0.0000000050277778,      -0.0000019966533556,      -0.0039961365679534,       0.0000000050277778,      -0.0039961365679534,      -0.0000019966533556
        0.0000000040560228,       0.0000000172764319,       0.0000000172764319,       0.0000000172764319,      -0.0000020011339408,      -0.0039961102887392,       0.0000000172764319,      -0.0039961102887392,      -0.0000020011339408
        0.0000000041549710,       0.0000000271328452,       0.0000000271328452,       0.0000000271328452,      -0.0000019909482314,      -0.0039960563806930,       0.0000000271328452,      -0.0039960563806930,      -0.0000019909482314
        0.0000000018361902,       0.0000000356384430,       0.0000000356384430,       0.0000000356384430,      -0.0000020062764539,      -0.0039959829797851,       0.0000000356384430,      -0.0039959829797851,      -0.0000020062764539
        0.0000000042919461,       0.0000000449915056,       0.0000000449915056,       0.0000000449915056,      -0.0000019837416675,      -0.0039958855023904,       0.0000000449915056,      -0.0039958855023904,      -0.0000019837416675
       -0.0000000044167683,       0.0000000429059938,       0.0000000429059938,       0.0000000429059938,      -0.0000020068725473,      -0.0039957833098930,       0.0000000429059938,      -0.0039957833098930,      -0.0000020068725473
        0.0000000070223420,       0.0000000512234902,       0.0000000512234902,       0.0000000512234902,      -0.0000019932689461,      -0.0039956720152722,       0.0000000512234902,      -0.0039956720152722,      -0.0000019932689461
       -0.0000000151232305,       0.0000000359107677,       0.0000000359107677,       0.0000000359107677,      -0.0000019542411524,      -0.0039955656666055,       0.0000000359107677,      -0.0039955656666055,      -0.0000019542411524
        0.0000000062018494,       0.0000000225725387,       0.0000000225725387,       0.0000000225725387,      -0.0000021394438079,      -0.0039955113280378,       0.0000000225725387,      -0.0039955113280378,      -0.0000021394438079
        0.0000000118852979,       0.0000000724913658,       0.0000000724913658,       0.0000000724913658,      -0.0000015759082271,      -0.0039953702044270,       0.0000000724913658,      -0.0039953702044270,      -0.0000015759082271
       -0.0000000486792517,       0.0000000000000000,       0.0000000000000000,       0.0000000000000000,      -0.0000008682001271,      -0.0039952427681558,       0.0000000000000000,      -0.0039952427681558,      -0.0000008682001271
        0.0000000118852979,      -0.0000000724913658,      -0.0000000724913658,      -0.0000000724913658,      -0.0000015759082271,      -0.0039953702044270,      -0.0000000724913658,      -0.0039953702044270,      -0.0000015759082271
        0.0000000062018494,      -0.0000000225725387,      -0.0000000225725387,      -0.0000000225725387,      -0.0000021394438079,      -0.0039955113280378,      -0.0000000225725387,      -0.0039955113280378,      -0.0000021394438079
       -0.0000000151232305,      -0.0000000359107677,      -0.0000000359107677,      -0.0000000359107677,      -0.0000019542411524,      -0.0039955656666055,      -0.0000000359107677,      -0.0039955656666055,      -0.0000019542411524
        0.0000000070223420,      -0.0000000512234902,      -0.0000000512234902,      -0.0000000512234902,      -0.0000019932689461,      -0.0039956720152722,      -0.0000000512234902,      -0.0039956720152722,      -0.0000019932689461
       -0.0000000044167683,      -0.0000000429059938,      -0.0000000429059938,      -0.0000000429059938,      -0.0000020068725473,      -0.0039957833098930,      -0.0000000429059938,      -0.0039957833098930,      -0.0000020068725473
        0.0000000042919461,      -0.0000000449915056,      -0.0000000449915056,      -0.0000000449915056,      -0.0000019837416675,      -0.0039958855023904,      -0.0000000449915056,      -0.0039958855023904,      -0.0000019837416675
        0.0000000018361902,      -0.0000000356384430,      -0.0000000356384430,      -0.0000000356384430,      -0.0000020062764539,      -0.0039959829797851,      -0.0000000356384430,      -0.0039959829797851,      -0.0000020062764539
        0.0000000041549710,      -0.0000000271328452,      -0.0000000271328452,      -0.0000000271328452,      -0.0000019909482314,      -0.0039960563806930,      -0.0000000271328452,      -0.0039960563806930,      -0.0000019909482314
        0.0000000040560228,      -0.0000000172764319,      -0.0000000172764319,      -0.0000000172764319,      -0.0000020011339408,      -0.0039961102887392,      -0.0000000172764319,      -0.0039961102887392,      -0.0000020011339408
        0.0000000044310520,      -0.0000000050277778,      -0.0000000050277778,      -0.0000000050277778,      -0.0000019966533556,      -0.0039961365679534,      -0.0000000050277778,      -0.0039961365679534,      -0.0000019966533556
        0.0000000087513448,       0.0000000074999344,       0.0000000171386128,       0.0000000074999344,      -0.0000020006663451,      -0.0039961569921903,       0.0000000171386128,      -0.0039961569921903,      -0.0000020002946064
        0.0000000087988110,       0.0000000155904429,       0.0000000494553395,       0.0000000155904429,      -0.0000019953359762,      -0.0039961293462218,       0.0000000494553395,      -0.0039961293462218,      -0.0000019957884113
        0.0000000070320821,       0.0000000276371974,       0.0000000805022986,       0.0000000276371974,      -0.0000020057021780,      -0.0039960795168245,       0.0000000805022986,      -0.0039960795168245,      -0.0000020036826245
        0.0000000077541422,       0.0000000390464972,       0.0000001085074646,       0.0000000390464972,      -0.0000019868557849,      -0.0039959998128644,       0.0000001085074646,      -0.0039959998128644,      -0.0000019892689572
        0.0000000014316404,       0.0000000382403780,       0.0000001260427840,       0.0000000382403780,      -0.0000020106987039,      -0.0039959119469579,       0.0000001260427840,      -0.0039959119469579,      -0.0000020045543818
        0.0000000061171437,       0.0000000590471801,       0.0000001423597707,       0.0000000590471801,      -0.0000019801515269,      -0.0039957965925540,       0.0000001423597707,      -0.0039957965925540,      -0.0000019855451184
       -0.0000000104115893,       0.0000000319015556,       0.0000001317911255,       0.0000000319015556,      -0.0000019948226432,      -0.0039956924473584,       0.0000001317911255,      -0.0039956924473584,      -0.0000019869634499
        0.0000000048381011,       0.0000000543862990,       0.0000001241791101,       0.0000000543862990,      -0.0000020334476239,      -0.0039955973855415,       0.0000001241791101,      -0.0039955973855415,      -0.0000020250277380
       -0.0000000184861526,       0.0000000550894846,       0.0000000986083481,       0.0000000550894846,      -0.0000018165965560,      -0.0039954557422593,       0.0000000986083481,      -0.0039954557422593,      -0.0000018599414247
       -0.0000000309645624,      -0.0000001493146414,      -0.0000000076870734,      -0.0000001493146414,      -0.0000024828150555,      -0.0039955910767387,      -0.0000000076870734,      -0.0039955910767387,      -0.0000023162395377
        0.0000000302781051,       0.0000000000000000,       0.0000000000000000,       0.0000000000000000,      -0.0000033128756716,      -0.0039958031312998,       0.0000000000000000,      -0.0039958031312998,      -0.0000029178066986
       -0.0000000309645624,       0.0000001493146414,       0.0000000076870734,       0.0000001493146414,      -0.0000024828150555,      -0.0039955910767387,       0.0000000076870734,      -0.0039955910767387,      -0.0000023162395377
       -0.0000000184861526,      -0.0000000550894847,      -0.0000000986083481,      -0.0000000550894847,      -0.0000018165965560,      -0.0039954557422593,      -0.0000000986083481,      -0.0039954557422593,      -0.0000018599414247
        0.0000000048381011,      -0.0000000543862990,      -0.0000001241791101,      -0.0000000543862990,      -0.0000020334476239,      -0.0039955973855415,      -0.0000001241791101,      -0.0039955973855415,      -0.0000020250277380
       -0.0000000104115893,      -0.0000000319015556,      -0.0000001317911255,      -0.0000000319015556,      -0.0000019948226432,      -0.0039956924473584,      -0.0000001317911255,      -0.0039956924473584,      -0.0000019869634499
        0.0000000061171437,      -0.0000000590471801,      -0.0000001423597707,      -0.0000000590471801,      -0.0000019801515269,      -0.0039957965925540,      -0.0000001423597707,      -0.0039957965925540,      -0.0000019855451184
        0.0000000014316404,      -0.0000000382403780,      -0.0000001260427840,      -0.0000000382403780,      -0.0000020106987039,      -0.0039959119469578,      -0.0000001260427840,      -0.0039959119469578,      -0.0000020045543818
        0.0000000077541422,      -0.0000000390464972,      -0.0000001085074646,      -0.0000000390464972,      -0.0000019868557849,      -0.0039959998128644,      -0.0000001085074646,      -0.0039959998128644,      -0.0000019892689572
        0.0000000070320821,      -0.0000000276371974,      -0.0000000805022986,      -0.0000000276371974,      -0.0000020057021780,      -0.0039960795168245,      -0.0000000805022986,      -0.0039960795168245,      -0.0000020036826245
        0.0000000087988110,      -0.0000000155904429,      -0.0000000494553395,      -0.0000000155904429,      -0.0000019953359762,      -0.0039961293462218,      -0.0000000494553395,      -0.0039961293462218,      -0.0000019957884113
        0.0000000087513448,      -0.0000000074999344,      -0.0000000171386128,      -0.0000000074999344,      -0.0000020006663451,      -0.0039961569921903,      -0.0000000171386128,      -0.0039961569921903,      -0.0000020002946064
        0.0000000132186047,       0.0000000034730192,       0.0000000272707615,       0.0000000034730192,      -0.0000019998593600,      -0.0039961962037726,       0.0000000272707615,      -0.0039961962037726,      -0.0000019997217682
        0.0000000119141827,       0.0000000180170746,       0.0000000803392918,       0.0000000180170746,      -0.0000020056669463,      -0.0039961719621261,       0.0000000803392918,      -0.0039961719621261,      -0.0000020020954463
        0.0000000129025989,       0.0000000282981399,       0.0000001317489007,       0.0000000282981399,      -0.0000019919130176,      -0.0039961176316555,       0.0000001317489007,      -0.0039961176316555,      -0.0000019953222999
        0.0000000075950248,       0.0000000326839400,       0.0000001744721988,       0.0000000326839400,      -0.0000020130476759,      -0.0039960499016437,       0.0000001744721988,      -0.0039960499016437,      -0.0000020005002365
        0.0000000099865238,       0.0000000553944149,       0.0000002119653783,       0.0000000553944149,      -0.0000019796834681,      -0.0039959466922826,       0.0000002119653783,      -0.0039959466922826,      -0.0000019904535290
       -0.0000000028600746,       0.0000000315044307,       0.0000002247899677,       0.0000000315044307,      -0.0000020151229449,      -0.0039958518180794,       0.0000002247899677,      -0.0039958518180794,      -0.0000019885393276
        0.0000000038378991,       0.0000000737477465,       0.0000002300656560,       0.0000000737477465,      -0.0000019888153432,      -0.0039957312359127,       0.0000002300656560,      -0.0039957312359127,      -0.0000019951653856
       -0.0000000176927332,       0.0000000277999190,       0.0000001975373194,       0.0000000277999190,      -0.0000019380970839,      -0.0039956127140086,       0.0000001975373194,      -0.0039956127140086,      -0.0000019461943857
       -0.0000000104302151,      -0.0000000093296699,       0.0000001391972797,      -0.0000000093296699,      -0.0000022079700973,      -0.0039956122043193,       0.0000001391972797,      -0.0039956122043193,      -0.0000020547066794
        0.0000000027474203,       0.0000002823868531,       0.0000001328475487,       0.0000002823868531,      -0.0000013419939492,      -0.0039952715232209,       0.0000001328475487,      -0.0039952715232209,      -0.0000017957799225
       -0.0000000624386052,       0.0000000000000000,       0.0000000000000000,       0.0000000000000000,      -0.0000002748013070,      -0.0039949051538457,       0.0000000000000000,      -0.0039949051538457,      -0.0000014006796492
        0.0000000027474203,      -0.0000002823868531,      -0.0000001328475487,      -0.0000002823868531,      -0.0000013419939492,      -0.0039952715232209,      -0.0000001328475487,      -0.0039952715232209,      -0.0000017957799225
       -0.0000000104302151,       0.0000000093296699,      -0.0000001391972797,       0.0000000093296699,      -0.0000022079700973,      -0.0039956122043193,      -0.0000001391972797,      -0.0039956122043193,      -0.0000020547066794
       -0.0000000176927332,      -0.0000000277999190,      -0.0000001975373194,      -0.0000000277999190,      -0.0000019380970839,      -0.0039956127140086,      -0.0000001975373194,      -0.0039956127140086,      -0.0000019461943857
        0.0000000038378991,      -0.0000000737477465,      -0.0000002300656560,      -0.0000000737477465,      -0.0000019888153432,      -0.0039957312359127,      -0.0000002300656560,      -0.0039957312359127,      -0.0000019951653856
       -0.0000000028600746,      -0.0000000315044307,      -0.0000002247899677,      -0.0000000315044307,      -0.0000020151229449,      -0.0039958518180794,      -0.0000002247899677,      -0.0039958518180794,      -0.0000019885393276
        0.0000000099865238,      -0.0000000553944149,      -0.0000002119653783,      -0.0000000553944149,      -0.0000019796834681,      -0.0039959466922826,      -0.0000002119653783,      -0.0039959466922826,      -0.0000019904535290
        0.0000000075950248,      -0.0000000326839400,      -0.0000001744721988,      -0.0000000326839400,      -0.0000020130476759,      -0.0039960499016437,      -0.0000001744721988,      -0.0039960499016437,      -0.0000020005002365
        0.0000000129025989,      -0.0000000282981399,      -0.0000001317489007,      -0.0000000282981399,      -0.0000019919130176,      -0.0039961176316555,      -0.0000001317489007,      -0.0039961176316555,      -0.0000019953222999
        0.0000000119141827,      -0.0000000180170746,      -0.0000000803392918,      -0.0000000180170746,      -0.0000020056669463,      -0.0039961719621261,      -0.0000000803392918,      -0.0039961719621261,      -0.0000020020954463
        0.0000000132186047,      -0.0000000034730192,      -0.0000000272707615,      -0.0000000034730192,      -0.0000019998593600,      -0.0039961962037726,      -0.0000000272707615,      -0.0039961962037726,      -0.0000019997217682
        0.0000000161717440,       0.0000000055405236,       0.0000000351472963,       0.0000000055405236,      -0.0000020050790486,      -0.0039962555383844,       0.0000000351472963,      -0.0039962555383844,      -0.0000020013743470
        0.0000000176583039,       0.0000000171273480,       0.0000001086944617,       0.0000000171273480,      -0.0000019973029420,      -0.0039962295831390,       0.0000001086944617,      -0.0039962295831390,      -0.0000020002320708
        0.0000000128017346,       0.0000000224484985,       0.0000001742735457,       0.0000000224484985,      -0.0000020139543874,      -0.0039961869083985,       0.0000001742735457,      -0.0039961869083985,      -0.0000019979153967
        0.0000000163733256,       0.0000000452461863,       0.0000002380990483,       0.0000000452461863,      -0.0000019850017154,      -0.0039961091148535,       0.0000002380990483,      -0.0039961091148535,      -0.0000019978553719
        0.0000000047608128,       0.0000000283800385,       0.0000002813814159,       0.0000000283800385,      -0.0000020251518153,      -0.0039960318968456,       0.0000002813814159,      -0.0039960318968456,      -0.0000019837774839
        0.0000000085548410,       0.0000000738970905,       0.0000003130350522,       0.0000000738970905,      -0.0000019752027246,      -0.0039959142986503,       0.0000003130350522,      -0.0039959142986503,      -0.0000019958681232
       -0.0000000090707729,       0.0000000214822163,       0.0000003061797219,       0.0000000214822163,      -0.0000020039339700,      -0.0039958135767425,       0.0000003061797219,      -0.0039958135767425,      -0.0000019565747787
       -0.0000000088703715,       0.0000000588891175,       0.0000002729405186,       0.0000000588891175,      -0.0000020653088580,      -0.0039957309898951,       0.0000002729405186,      -0.0039957309898951,      -0.0000019893250287
       -0.0000000155722155,       0.0000001006554321,       0.0000002183638910,       0.0000001006554321,      -0.0000017073425179,      -0.0039955300232935,       0.0000002183638910,      -0.0039955300232935,      -0.0000019476556331
       -0.0000000481861850,      -0.0000003170046933,       0.0000000681343111,      -0.0000003170046933,      -0.0000028305100051,      -0.0039958233545932,       0.0000000681343111,      -0.0039958233545932,      -0.0000019183164396
        0.0000000107572445,       0.0000000000000000,       0.0000000000000000,       0.0000000000000000,      -0.0000042212635851,      -0.0039962439032691,       0.0000000000000000,      -0.0039962439032691,      -0.0000020088707076
       -0.0000000481861850,       0.0000003170046933,      -0.0000000681343111,       0.0000003170046933,      -0.0000028305100050,      -0.0039958233545932,      -0.0000000681343111,      -0.0039958233545932,      -0.0000019183164396
       -0.0000000155722155,      -0.0000001006554321,      -0.0000002183638910,      -0.0000001006554321,      -0.0000017073425179,      -0.0039955300232935,      -0.0000002183638910,      -0.0039955300232935,      -0.0000019476556331
       -0.0000000088703715,      -0.0000000588891175,      -0.0000002729405186,      -0.0000000588891175,      -0.0000020653088580,      -0.0039957309898951,      -0.0000002729405186,      -0.0039957309898951,      -0.0000019893250287
       -0.0000000090707729,      -0.0000000214822163,      -0.0000003061797219,      -0.0000000214822163,      -0.0000020039339700,      -0.0039958135767425,      -0.0000003061797219,      -0.0039958135767425,      -0.0000019565747787
        0.0000000085548410,      -0.0000000738970905,      -0.0000003130350522,      -0.0000000738970905,      -0.0000019752027246,      -0.0039959142986503,      -0.0000003130350522,      -0.0039959142986503,      -0.0000019958681232
        0.0000000047608128,      -0.0000000283800385,      -0.0000002813814159,      -0.0000000283800385,      -0.0000020251518153,      -0.0039960318968456,      -0.0000002813814159,      -0.0039960318968456,      -0.0000019837774839
        0.0000000163733256,      -0.0000000452461863,      -0.0000002380990483,      -0.0000000452461863,      -0.0000019850017154,      -0.0039961091148535,      -0.0000002380990483,      -0.0039961091148535,      -0.0000019978553719
        0.0000000128017346,      -0.0000000224484985,      -0.0000001742735457,      -0.0000000224484985,      -0.0000020139543874,      -0.0039961869083985,      -0.0000001742735457,      -0.0039961869083985,      -0.0000019979153967
        0.0000000176583039,      -0.0000000171273480,      -0.0000001086944617,      -0.0000000171273480,      -0.0000019973029420,      -0.0039962295831390,      -0.0000001086944617,      -0.0039962295831390,      -0.0000020002320708
        0.0000000161717440,      -0.0000000055405236,      -0.0000000351472963,      -0.0000000055405236,      -0.0000020050790486,      -0.0039962555383844,      -0.0000000351472963,      -0.0039962555383844,      -0.0000020013743470
        0.0000000202435394,       0.0000000118443201,       0.0000000453302910,       0.0000000118443201,      -0.0000020026783533,      -0.0039963291501170,       0.0000000453302910,      -0.0039963291501170,      -0.0000020025469416
        0.0000000164656846,       0.0000000054770681,       0.0000001254773262,       0.0000000054770681,      -0.0000020130106645,      -0.0039963113816776,       0.0000001254773262,      -0.0039963113816776,      -0.0000019968886402
        0.0000000222357167,       0.0000000360483692,       0.0000002121709711,       0.0000000360483692,      -0.0000019914502501,      -0.0039962649594504,       0.0000002121709711,      -0.0039962649594504,      -0.0000020047382362
        0.0000000104010627,       0.0000000156982787,       0.0000002811613674,       0.0000000156982787,      -0.0000020280372937,      -0.0039962133760737,       0.0000002811613674,      -0.0039962133760737,      -0.0000019808105450
        0.0000000172208896,       0.0000000647469286,       0.0000003447051754,       0.0000000647469286,      -0.0000019770347239,      -0.0039961220477502,       0.0000003447051754,      -0.0039961220477502,      -0.0000020048222874
       -0.0000000000292394,       0.0000000174736649,       0.0000003754036872,       0.0000000174736649,      -0.0000020350938250,      -0.0039960424373092,       0.0000003754036872,      -0.0039960424373092,      -0.0000019513417319
       -0.0000000029863091,       0.0000000742626711,       0.0000003760773155,       0.0000000742626711,      -0.0000020030578428,      -0.0039959398419661,       0.0000003760773155,      -0.0039959398419661,      -0.0000019883379905
       -0.0000000082376721,       0.0000000431092649,       0.0000003415999450,       0.0000000431092649,      -0.0000019106028134,      -0.0039958102043590,       0.0000003415999450,      -0.0039958102043590,      -0.0000019510359630
       -0.0000000395414242,      -0.0000000587813400,       0.0000002403770019,      -0.0000000587813400,      -0.0000023699924106,      -0.0039958662233594,       0.0000002403770019,      -0.0039958662233594,      -0.0000018639238706
       -0.0000000077013722,       0.0000003748452066,       0.0000001578623950,       0.0000003748452066,      -0.0000009713903088,      -0.0039954380194060,       0.0000001578623950,      -0.0039954380194060,      -0.0000021978151080
       -0.0000000561423521,       0.0000000000000000,       0.0000000000000000,       0.0000000000000000,       0.0000007866958772,      -0.0039949253466161,       0.0000000000000000,      -0.0039949253466161,      -0.0000024730997082
       -0.0000000077013722,      -0.0000003748452066,      -0.0000001578623950,      -0.0000003748452066,      -0.0000009713903088,      -0.0039954380194060,      -0.0000001578623950,      -0.0039954380194060,      -0.0000021978151080
       -0.0000000395414242,       0.0000000587813400,      -0.0000002403770019,       0.0000000587813400,      -0.0000023699924106,      -0.0039958662233594,      -0.0000002403770019,      -0.0039958662233594,      -0.0000018639238706
       -0.0000000082376721,      -0.0000000431092649,      -0.0000003415999450,      -0.0000000431092649,      -0.0000019106028134,      -0.0039958102043590,      -0.0000003415999450,      -0.0039958102043590,      -0.0000019510359630
       -0.0000000029863091,      -0.0000000742626711,      -0.0000003760773155,      -0.0000000742626711,      -0.0000020030578428,      -0.0039959398419661,      -0.0000003760773155,      -0.0039959398419661,      -0.0000019883379905
       -0.0000000000292394,      -0.0000000174736649,      -0.0000003754036872,      -0.0000000174736649,      -0.0000020350938250,      -0.0039960424373092,      -0.0000003754036872,      -0.0039960424373092,      -0.0000019513417319
        0.0000000172208896,      -0.0000000647469286,      -0.0000003447051754,      -0.0000000647469286,      -0.0000019770347239,      -0.0039961220477502,      -0.0000003447051754,      -0.0039961220477502,      -0.0000020048222874
        0.0000000104010627,      -0.0000000156982787,      -0.0000002811613674,      -0.0000000156982787,      -0.0000020280372937,      -0.0039962133760737,      -0.0000002811613674,      -0.0039962133760737,      -0.0000019808105450
        0.0000000222357167,      -0.0000000360483692,      -0.0000002121709711,      -0.0000000360483692,      -0.0000019914502501,      -0.0039962649594504,      -0.0000002121709711,      -0.0039962649594504,      -0.0000020047382362
        0.0000000164656846,      -0.0000000054770681,      -0.0000001254773262,      -0.0000000054770681,      -0.0000020130106645,      -0.0039963113816776,      -0.0000001254773262,      -0.0039963113816776,      -0.0000019968886402
        0.0000000202435394,      -0.0000000118443201,      -0.0000000453302910,      -0.0000000118443201,      -0.0000020026783533,      -0.0039963291501170,      -0.0000000453302910,      -0.0039963291501170,      -0.0000020025469416
        0.0000000192809466,      -0.0000000213920175,       0.0000000421595147,      -0.0000000213920175,      -0.0000020095521473,      -0.0039964167815893,       0.0000000421595147,      -0.0039964167815893,      -0.0000019985118280
        0.0000000248475745,       0.0000000380288368,       0.0000001426779362,       0.0000000380288368,      -0.0000019971657252,      -0.0039963989235366,       0.0000001426779362,      -0.0039963989235366,      -0.0000020088481786
        0.0000000131943729,      -0.0000000102994686,       0.0000002242356100,      -0.0000000102994686,      -0.0000020255916150,      -0.0039963739191966,       0.0000002242356100,      -0.0039963739191966,      -0.0000019804712752
        0.0000000254495238,       0.0000000594014719,       0.0000003131579812,       0.0000000594014719,      -0.0000019837172323,      -0.0039963196897084,       0.0000003131579812,      -0.0039963196897084,      -0.0000020148509418
        0.0000000059542450,      -0.0000000001065468,       0.0000003752243851,      -0.0000000001065468,      -0.0000020434970522,      -0.0039962682069126,       0.0000003752243851,      -0.0039962682069126,      -0.0000019495775466
        0.0000000089177962,       0.0000000689533276,       0.0000004155568889,       0.0000000689533276,      -0.0000019854500254,      -0.0039961892908307,       0.0000004155568889,      -0.0039961892908307,      -0.0000020029639509
        0.0000000016992035,       0.0000000259290200,       0.0000004252445937,       0.0000000259290200,      -0.0000020059159217,      -0.0039961017601173,       0.0000004252445937,      -0.0039961017601173,      -0.0000019337255439
       -0.0000000344187776,       0.0000000113131582,       0.0000003652148211,       0.0000000113131582,      -0.0000021451279289,      -0.0039960737538747,       0.0000003652148211,      -0.0039960737538747,      -0.0000019014589046
        0.0000000032572643,       0.0000001394636318,       0.0000002930193922,       0.0000001394636318,      -0.0000015773723447,      -0.0039958659149487,       0.0000002930193922,      -0.0039958659149487,      -0.0000020941111953
       -0.0000000472344793,      -0.0000002849864069,       0.0000001660792939,      -0.0000002849864069,      -0.0000031915783440,      -0.0039961583933751,       0.0000001660792939,      -0.0039961583933751,      -0.0000014484685108
       -0.0000000418961032,       0.0000000000000000,       0.0000000000000000,       0.0000000000000000,      -0.0000052838650056,      -0.0039966223158592,       0.0000000000000000,      -0.0039966223158592,      -0.0000007717788090
       -0.0000000472344793,       0.0000002849864069,      -0.0000001660792939,       0.0000002849864069,      -0.0000031915783440,      -0.0039961583933751,      -0.0000001660792939,      -0.0039961583933751,      -0.0000014484685108
        0.0000000032572643,      -0.0000001394636318,      -0.0000002930193922,      -0.0000001394636318,      -0.0000015773723447,      -0.0039958659149487,      -0.0000002930193922,      -0.0039958659149487,      -0.0000020941111953
       -0.0000000344187776,      -0.0000000113131582,      -0.0000003652148211,      -0.0000000113131582,      -0.0000021451279289,      -0.0039960737538747,      -0.0000003652148211,      -0.0039960737538747,      -0.0000019014589046
        0.0000000016992035,      -0.0000000259290200,      -0.0000004252445938,      -0.0000000259290200,      -0.0000020059159217,      -0.0039961017601173,      -0.0000004252445938,      -0.0039961017601173,      -0.0000019337255439
        0.0000000089177962,      -0.0000000689533276,      -0.0000004155568889,      -0.0000000689533276,      -0.0000019854500254,      -0.0039961892908307,      -0.0000004155568889,      -0.0039961892908307,      -0.0000020029639509
        0.0000000059542450,       0.0000000001065468,      -0.0000003752243851,       0.0000000001065468,      -0.0000020434970522,      -0.0039962682069126,      -0.0000003752243851,      -0.0039962682069126,      -0.0000019495775466
        0.0000000254495238,      -0.0000000594014719,      -0.0000003131579812,      -0.0000000594014719,      -0.0000019837172323,      -0.0039963196897084,      -0.0000003131579812,      -0.0039963196897084,      -0.0000020148509418
        0.0000000131943729,       0.0000000102994686,      -0.0000002242356100,       0.0000000102994686,      -0.0000020255916150,      -0.0039963739191966,      -0.0000002242356100,      -0.0039963739191966,      -0.0000019804712752
        0.0000000248475745,      -0.0000000380288368,      -0.0000001426779362,      -0.0000000380288368,      -0.0000019971657252,      -0.0039963989235366,      -0.0000001426779362,      -0.0039963989235366,      -0.0000020088481786
        0.0000000192809466,       0.0000000213920175,      -0.0000000421595147,       0.0000000213920175,      -0.0000020095521473,      -0.0039964167815893,      -0.0000000421595147,      -0.0039964167815893,      -0.0000019985118280
        0.0000000224355001,       0.0000000613101023,       0.0000000511821772,       0.0000000613101023,      -0.0000020031166868,      -0.0039965065302212,       0.0000000511821772,      -0.0039965065302212,      -0.0000020058889504
        0.0000000144880504,      -0.0000000516465313,       0.0000001313777424,      -0.0000000516465313,      -0.0000020188246710,      -0.0039964999173181,       0.0000001313777424,      -0.0039964999173181,      -0.0000019840021446
        0.0000000285332773,       0.0000000707714661,       0.0000002300283585,       0.0000000707714661,      -0.0000019905576540,      -0.0039964800867550,       0.0000002300283585,      -0.0039964800867550,      -0.0000020208809607
        0.0000000083819517,      -0.0000000363718459,       0.0000003059054500,      -0.0000000363718459,      -0.0000020375929071,      -0.0039964563599441,       0.0000003059054500,      -0.0039964563599441,      -0.0000019541860402
        0.0000000203510830,       0.0000000668706667,       0.0000003759597855,       0.0000000668706667,      -0.0000019873201102,      -0.0039964210226863,       0.0000003759597855,      -0.0039964210226863,      -0.0000020173704329
        0.0000000080719998,       0.0000000038975435,       0.0000004252081553,       0.0000000038975435,      -0.0000020345631828,      -0.0039963686416912,       0.0000004252081553,      -0.0039963686416912,      -0.0000019318431013
       -0.0000000198618861,       0.0000000152019938,       0.0000004126208815,       0.0000000152019938,      -0.0000020558909954,      -0.0039963464805488,       0.0000004126208815,      -0.0039963464805488,      -0.0000019443017722
        0.0000000175526602,       0.0000000860290332,       0.0000003925006427,       0.0000000860290332,      -0.0000018595163856,      -0.0039962383431191,       0.0000003925006427,      -0.0039962383431191,      -0.0000020100782251
       -0.0000000615562867,      -0.0000000860986580,       0.0000002953650234,      -0.0000000860986580,      -0.0000025159357471,      -0.0039963164895703,       0.0000002953650234,      -0.0039963164895703,      -0.0000016571042300
       -0.0000000477464664,       0.0000001558079242,       0.0000001005173439,       0.0000001558079242,      -0.0000008303329969,      -0.0039960579568388,       0.0000001005173439,      -0.0039960579568388,      -0.0000024654716488
        0.0000000186992953,       0.0000000000000000,       0.0000000000000000,       0.0000000000000000,       0.0000014624691657,      -0.0039956721336655,       0.0000000000000000,      -0.0039956721336655,      -0.0000034863473059
       -0.0000000477464664,      -0.0000001558079242,      -0.0000001005173439,      -0.0000001558079242,      -0.0000008303329969,      -0.0039960579568388,      -0.0000001005173439,      -0.0039960579568388,      -0.0000024654716488
       -0.0000000615562867,       0.0000000860986580,      -0.0000002953650234,       0.0000000860986580,      -0.0000025159357471,      -0.0039963164895703,      -0.0000002953650234,      -0.0039963164895703,      -0.0000016571042300
        0.0000000175526602,      -0.0000000860290332,      -0.0000003925006427,      -0.0000000860290332,      -0.0000018595163856,      -0.0039962383431191,      -0.0000003925006427,      -0.0039962383431191,      -0.0000020100782251
       -0.0000000198618861,      -0.0000000152019938,      -0.0000004126208815,      -0.0000000152019938,      -0.0000020558909954,      -0.0039963464805488,      -0.0000004126208815,      -0.0039963464805488,      -0.0000019443017722
        0.0000000080719998,      -0.0000000038975435,      -0.0000004252081553,      -0.0000000038975435,      -0.0000020345631828,      -0.0039963686416912,      -0.0000004252081553,      -0.0039963686416912,      -0.0000019318431013
        0.0000000203510830,      -0.0000000668706667,      -0.0000003759597855,      -0.0000000668706667,      -0.0000019873201102,      -0.0039964210226863,      -0.0000003759597855,      -0.0039964210226863,      -0.0000020173704329
        0.0000000083819517,       0.0000000363718459,      -0.0000003059054499,       0.0000000363718459,      -0.0000020375929071,      -0.0039964563599441,      -0.0000003059054499,      -0.0039964563599441,      -0.0000019541860402
        0.0000000285332773,      -0.0000000707714661,      -0.0000002300283585,      -0.0000000707714661,      -0.0000019905576540,      -0.0039964800867550,      -0.0000002300283585,      -0.0039964800867550,      -0.0000020208809607
        0.0000000144880504,       0.0000000516465313,      -0.0000001313777424,       0.0000000516465313,      -0.0000020188246710,      -0.0039964999173181,      -0.0000001313777424,      -0.0039964999173181,      -0.0000019840021446
        0.0000000224355001,      -0.0000000613101023,      -0.0000000511821772,      -0.0000000613101023,      -0.0000020031166868,      -0.0039965065302212,      -0.0000000511821772,      -0.0039965065302212,      -0.0000020058889504
        0.0000000163271167,      -0.0000000911285807,       0.0000000369254264,      -0.0000000911285807,      -0.0000020089818660,      -0.0039965927809780,       0.0000000369254264,      -0.0039965927809780,      -0.0000019942365893
        0.0000000227952579,       0.0000000908217066,       0.0000001229116573,       0.0000000908217066,      -0.0000019977734832,      -0.0039965940019079,       0.0000001229116573,      -0.0039965940019079,      -0.0000020156844032
        0.0000000116764942,      -0.0000000732242179,       0.0000001982406665,      -0.0000000732242179,      -0.0000020227653402,      -0.0039965871075967,       0.0000001982406665,      -0.0039965871075967,      -0.0000019684189101
        0.0000000208943531,       0.0000000670600624,       0.0000002719972191,       0.0000000670600624,      -0.0000019964421148,      -0.0039965934012814,       0.0000002719972191,      -0.0039965934012814,      -0.0000020191420008
        0.0000000143724621,      -0.0000000192508733,       0.0000003420193968,      -0.0000000192508733,      -0.0000020258887676,      -0.0039965687086467,       0.0000003420193968,      -0.0039965687086467,      -0.0000019516930989
       -0.0000000075771390,      -0.0000000036574242,       0.0000003647856253,      -0.0000000036574242,      -0.0000020324252224,      -0.0039965884130566,       0.0000003647856253,      -0.0039965884130566,      -0.0000019676144521
        0.0000000261158138,       0.0000000782326901,       0.0000003926554100,       0.0000000782326901,      -0.0000019583878565,      -0.0039965358341353,       0.0000003926554100,      -0.0039965358341353,      -0.0000019887008043
       -0.0000000507941346,      -0.0000000857970699,       0.0000003443028335,      -0.0000000857970699,      -0.0000022254646516,      -0.0039965724195050,       0.0000003443028335,      -0.0039965724195050,      -0.0000017954638425
       -0.0000000085738923,       0.0000000681195550,       0.0000002271873540,       0.0000000681195550,      -0.0000015622679793,      -0.0039965063908804,       0.0000002271873540,      -0.0039965063908804,      -0.0000021855029916
        0.0000000412222260,       0.0000001137245042,       0.0000002408265369,       0.0000001137245042,      -0.0000031100909763,      -0.0039965691831394,       0.0000002408265369,      -0.0039965691831394,      -0.0000013620470656
       -0.0000001729180974,       0.0000000000000000,       0.0000000000000000,       0.0000000000000000,      -0.0000053674494601,      -0.0039967488899803,       0.0000000000000000,      -0.0039967488899803,      -0.0000000960475690
        0.0000000412222260,      -0.0000001137245042,      -0.0000002408265369,      -0.0000001137245042,      -0.0000031100909763,      -0.0039965691831394,      -0.0000002408265369,      -0.0039965691831394,      -0.0000013620470656
       -0.0000000085738923,      -0.0000000681195550,      -0.0000002271873540,      -0.0000000681195550,      -0.0000015622679793,      -0.0039965063908804,      -0.0000002271873540,      -0.0039965063908804,      -0.0000021855029916
       -0.0000000507941346,       0.0000000857970699,      -0.0000003443028335,       0.0000000857970699,      -0.0000022254646516,      -0.0039965724195050,      -0.0000003443028335,      -0.0039965724195050,      -0.0000017954638425
        0.0000000261158138,      -0.0000000782326901,      -0.0000003926554100,      -0.0000000782326901,      -0.0000019583878565,      -0.0039965358341353,      -0.0000003926554100,      -0.0039965358341353,      -0.0000019887008043
       -0.0000000075771390,       0.0000000036574242,      -0.0000003647856253,       0.0000000036574242,      -0.0000020324252224,      -0.0039965884130566,      -0.0000003647856253,      -0.0039965884130566,      -0.0000019676144521
        0.0000000143724621,       0.0000000192508733,      -0.0000003420193968,       0.0000000192508733,      -0.0000020258887676,      -0.0039965687086467,      -0.0000003420193968,      -0.0039965687086467,      -0.0000019516930989
        0.0000000208943531,      -0.0000000670600624,      -0.0000002719972191,      -0.0000000670600624,      -0.0000019964421148,      -0.0039965934012814,      -0.0000002719972191,      -0.0039965934012814,      -0.0000020191420008
        0.0000000116764942,       0.0000000732242179,      -0.0000001982406665,       0.0000000732242179,      -0.0000020227653402,      -0.0039965871075967,      -0.0000001982406665,      -0.0039965871075967,      -0.0000019684189101
        0.0000000227952579,      -0.0000000908217066,      -0.0000001229116573,      -0.0000000908217066,      -0.0000019977734832,      -0.0039965940019079,      -0.0000001229116573,      -0.0039965940019079,      -0.0000020156844032
        0.0000000163271167,       0.0000000911285807,      -0.0000000369254264,       0.0000000911285807,      -0.0000020089818660,      -0.0039965927809780,      -0.0000000369254264,      -0.0039965927809780,      -0.0000019942365893
        0.0000000106734727,      -0.0000000201333699,       0.0000000175266444,      -0.0000000201333699,      -0.0000020034634163,      -0.0039966668140215,       0.0000000175266444,      -0.0039966668140215,      -0.0000019994541887
        0.0000000235430739,       0.0000000298427025,       0.0000001029015373,       0.0000000298427025,      -0.0000020039307451,      -0.0039966642839416,       0.0000001029015373,      -0.0039966642839416,      -0.0000019987597228
