       -0.0609642218116325,       0.0001971126239335,       0.0001975021711931,       0.0001971126239335,       0.4592765589241021,     112.6494795994983917,       0.0001975021711931,     112.6494795994983633,       0.2253951131913794
       -0.0609400429159282,       0.0006150036115538,       0.0006162237099419,       0.0006150036115538,       0.4592745135639090,     112.6503110575808080,       0.0006162237099419,     112.6503110575808080,       0.2253937364779598
       -0.0608863303035854,       0.0009545920654835,       0.0009564067988891,       0.0009545920654835,       0.4594918858343920,     112.6518974803717441,       0.0009564067988891,     112.6518974803717583,       0.2256123215537034
       -0.0612383599166021,       0.0012675982118022,       0.0012700688239221,       0.0012675982118022,       0.4589289419140453,     112.6541147092292618,       0.0012700688239221,     112.6541147092292334,       0.2250510698490345
       -0.0602236071728551,       0.0014605073916357,       0.0014631636968228,       0.0014605073916357,       0.4605686258532163,     112.6567803177904494,       0.0014631636968228,     112.6567803177904494,       0.2266926626508486
       -0.0625120067784991,       0.0014857629158273,       0.0014884955489886,       0.0014857629158273,       0.4575270390886105,     112.6595885834721287,       0.0014884955489886,     112.6595885834721145,       0.2236529753057094
       -0.0587555319094844,       0.0015889762558608,       0.0015919667158308,       0.0015889762558608,       0.4624916295514564,     112.6624982781170417,       0.0015919667158308,     112.6624982781170417,       0.2286196172710046
       -0.0625476533635054,       0.0010310593535208,       0.0010324541116643,       0.0010310593535208,       0.4585319438860512,     112.6648428585386341,       0.0010324541116643,     112.6648428585386341,       0.2246610810266985
       -0.0684826528938566,       0.0010506743849964,       0.0010530092785345,       0.0010506743849964,       0.4485589244909609,     112.6667058268692330,       0.0010530092785345,     112.6667058268692330,       0.2146893689281575
       -0.0154769272892469,       0.0018049264420241,       0.0018098296782922,       0.0018049264420241,       0.5215911041473527,     112.6698434217267391,       0.0018098296782922,     112.6698434217267533,       0.2877261397662447
        0.0341305870427308,       0.0000000000168286,       0.0000000000016957,       0.0000000000168286,       0.5920087166094542,     112.6719572509665284,       0.0000000000016957,     112.6719572509665284,       0.3581470990300369
       -0.0154769272547964,      -0.0018049264422664,      -0.0018098296746269,      -0.0018049264422664,       0.5215911041200156,     112.6698434217248064,      -0.0018098296746269,     112.6698434217247922,       0.2877261397336685
       -0.0684826530226438,      -0.0010506744139698,      -0.0010530092776182,      -0.0010506744139698,       0.4485589243415241,     112.6667058268588590,      -0.0010530092776182,     112.6667058268588590,       0.2146893687992589
       -0.0625476533667252,      -0.0010310593417653,      -0.0010324541010568,      -0.0010310593417653,       0.4585319438621834,     112.6648428585329498,      -0.0010324541010568,     112.6648428585329356,       0.2246610810028266
       -0.0587555318312463,      -0.0015889762411099,      -0.0015919667151977,      -0.0015889762411099,       0.4624916296296357,     112.6624982781133326,      -0.0015919667151977,     112.6624982781133468,       0.2286196172925740
       -0.0625120068399948,      -0.0014857629165347,      -0.0014884955490747,      -0.0014857629165347,       0.4575270390476692,     112.6595885834686754,      -0.0014884955490747,     112.6595885834686754,       0.2236529753317836
       -0.0602236071454879,      -0.0014605073921311,      -0.0014631636773838,      -0.0014605073921311,       0.4605686258394445,     112.6567803178061951,      -0.0014631636773838,     112.6567803178061951,       0.2266926626629397
       -0.0612383597572280,      -0.0012675982247822,      -0.0012700688281325,      -0.0012675982247822,       0.4589289420632002,     112.6541147092479065,      -0.0012700688281325,     112.6541147092478923,       0.2250510700240640
       -0.0608863302665590,      -0.0009545920834950,      -0.0009564068073755,      -0.0009545920834950,       0.4594918858816966,     112.6518974803709625,      -0.0009564068073755,     112.6518974803710051,       0.2256123216474019
       -0.0609400428248112,      -0.0006150036173332,      -0.0006162237397411,      -0.0006150036173332,       0.4592745137013972,     112.6503110575862650,      -0.0006162237397411,     112.6503110575862650,       0.2253937366309618
       -0.0609642217681667,      -0.0001971125999909,      -0.0001975021655633,      -0.0001971125999909,       0.4592765590191233,     112.6494795995078704,      -0.0001975021655633,     112.6494795995078846,       0.2253951133328224
       -0.0605648186933269,       0.0002327467940254,       0.0006166357437083,       0.0002327467940254,       0.4592256862628135,     112.6487402985013233,       0.0006166357437083,     112.6487402985013375,       0.2253464581234395
       -0.0605508857735796,       0.0005685991258110,       0.0017725443064322,       0.0005685991258110,       0.4593158871563769,     112.6495542493411222,       0.0017725443064322,     112.6495542493411079,       0.2254760244405620
       -0.0606514097096232,       0.0009965044527526,       0.0028601318095791,       0.0009965044527526,       0.4591815756669057,     112.6511365655340171,       0.0028601318095791,     112.6511365655340171,       0.2252996511935914
       -0.0602357712980861,       0.0012394962162428,       0.0037098176216471,       0.0012394962162428,       0.4600136045020972,     112.6533416292661798,       0.0037098176216471,     112.6533416292661940,       0.2261987970064763
       -0.0614066860051950,       0.0014518285784906,       0.0042960155867589,       0.0014518285784906,       0.4584998531985625,     112.6559503828107012,       0.0042960155867589,     112.6559503828107012,       0.2247511560673434
       -0.0591673017223831,       0.0016937609111253,       0.0045742862640394,       0.0016937609111253,       0.4619827776638514,     112.6589354611243863,       0.0045742862640394,     112.6589354611243863,       0.2280113225206724
       -0.0630457313084713,       0.0011291538262182,       0.0042087625248759,       0.0011291538262182,       0.4571085117676841,     112.6614745541738642,       0.0042087625248759,     112.6614745541738642,       0.2238299873630868
       -0.0597119753872482,       0.0019368201164108,       0.0039379092445928,       0.0019368201164108,       0.4613954841911418,     112.6643466843770796,       0.0039379092445928,     112.6643466843770796,       0.2272137507732234
       -0.0534119829757810,       0.0006273885123883,       0.0026297552294145,       0.0006273885123883,       0.4723855578583105,     112.6666406268651883,       0.0026297552294145,     112.6666406268651741,       0.2378842662247602
       -0.1064691072783689,      -0.0033209839021228,       0.0001327973030028,      -0.0033209839021228,       0.3949203602012774,     112.6631629693896173,       0.0001327973030028,     112.6631629693896173,       0.1700731764062690
       -0.1565395703954846,      -0.0000000000081502,      -0.0000000000047287,      -0.0000000000081502,       0.3198408234788915,     112.6592965617130915,      -0.0000000000047287,     112.6592965617131057,       0.1032737761721827
       -0.1064691070916275,       0.0033209839088180,      -0.0001327973079861,       0.0033209839088180,       0.3949203603466470,     112.6631629693727916,      -0.0001327973079861,     112.6631629693728058,       0.1700731765825886
       -0.0534119830205344,      -0.0006273885034923,      -0.0026297552334906,      -0.0006273885034923,       0.4723855578649275,     112.6666406268484764,      -0.0026297552334906,     112.6666406268484479,       0.2378842662880608
       -0.0597119753090100,      -0.0019368201269687,      -0.0039379092242901,      -0.0019368201269687,       0.4613954842383589,     112.6643466843591170,      -0.0039379092242901,     112.6643466843591170,       0.2272137508255275
       -0.0630457313828459,      -0.0011291538105686,      -0.0042087625302480,      -0.0011291538105686,       0.4571085116415820,     112.6614745541472331,      -0.0042087625302480,     112.6614745541472331,       0.2238299872833569
       -0.0591673018106023,      -0.0016937609036663,      -0.0045742862487375,      -0.0016937609036663,       0.4619827775960457,     112.6589354611056990,      -0.0045742862487375,     112.6589354611056990,       0.2280113224220515
       -0.0614066857704806,      -0.0014518285771680,      -0.0042960155508740,      -0.0014518285771680,       0.4584998533559635,     112.6559503828061679,      -0.0042960155508740,     112.6559503828061821,       0.2247511562092920
       -0.0602357713866272,      -0.0012394962346289,      -0.0037098176476110,      -0.0012394962346289,       0.4600136045010234,     112.6533416292467678,      -0.0037098176476110,     112.6533416292467678,       0.2261987969177367
       -0.0606514097814219,      -0.0009965044789002,      -0.0028601318313706,      -0.0009965044789002,       0.4591815757288886,     112.6511365655094465,      -0.0028601318313706,     112.6511365655094323,       0.2252996511267090
       -0.0605508855807207,      -0.0005685991088805,      -0.0017725442974442,      -0.0005685991088805,       0.4593158874470987,     112.6495542493422874,      -0.0017725442974442,     112.6495542493422732,       0.2254760246437392
       -0.0605648187786482,      -0.0002327467877244,      -0.0006166357573684,      -0.0002327467877244,       0.4592256862548114,     112.6487402985106456,      -0.0006166357573684,     112.6487402985106741,       0.2253464580897346
       -0.0602204814163178,       0.0001389441487261,       0.0009596760708431,       0.0001389441487261,       0.4591710081046880,     112.6472856001322214,       0.0009596760708431,     112.6472856001322356,       0.2253637649768869
       -0.0602641322133950,       0.0006397624382572,       0.0028710019202225,       0.0006397624382572,       0.4591370513788093,     112.6480813875733702,       0.0028710019202225,     112.6480813875733844,       0.2252663843343936
       -0.0600275746939236,       0.0008819714137259,       0.0045637182062819,       0.0008819714137259,       0.4595722909792277,     112.6495941928767053,       0.0045637182062819,     112.6495941928767195,       0.2259009950154671
       -0.0606271232853492,       0.0012771201695462,       0.0059875087764537,       0.0012771201695463,       0.4588868958459774,     112.6517243401514037,       0.0059875087764537,     112.6517243401514037,       0.2252052701300191
       -0.0593941341090175,       0.0015136655749246,       0.0069525486485151,       0.0015136655749246,       0.4610038244899468,     112.6543820774406726,       0.0069525486485151,     112.6543820774406726,       0.2272758069592762
       -0.0619652243131560,       0.0013206579978520,       0.0072565942680359,       0.0013206579978520,       0.4576618341272805,     112.6569835799729162,       0.0072565942680359,     112.6569835799729162,       0.2249079679968014
       -0.0585413969985291,       0.0021086848569080,       0.0071280770917603,       0.0021086848569080,       0.4632765994474835,     112.6601816779153467,       0.0071280770917603,     112.6601816779153609,       0.2287827509028702
       -0.0616283469120040,       0.0003523579025223,       0.0058333104846047,       0.0003523579025223,       0.4594151601380086,     112.6621561715325868,       0.0058333104846047,     112.6621561715325726,       0.2277023655310508
       -0.0693524732202180,       0.0012558104723799,       0.0043975285076445,       0.0012558104723799,       0.4470522727042508,     112.6634619502361119,       0.0043975285076445,     112.6634619502360977,       0.2170111456184508
       -0.0169666121714529,       0.0063813277201416,       0.0034998691458013,       0.0063813277201416,       0.5326146973150723,     112.6718376064209792,       0.0034998691458013,     112.6718376064209650,       0.2752696846044987
        0.0335757671587931,      -0.0000000000014923,      -0.0000000000154028,      -0.0000000000014923,       0.6162240272780726,     112.6789030631172324,      -0.0000000000154028,     112.6789030631172324,       0.3349798391036983
       -0.0169666122387442,      -0.0063813277247008,      -0.0034998691429560,      -0.0063813277247008,       0.5326146972065222,     112.6718376064179381,      -0.0034998691429560,     112.6718376064179523,       0.2752696844496428
       -0.0693524732784941,      -0.0012558104624914,      -0.0043975285084049,      -0.0012558104624914,       0.4470522726924421,     112.6634619502496548,      -0.0043975285084049,     112.6634619502496548,       0.2170111456633122
       -0.0616283466914560,      -0.0003523579087675,      -0.0058333104845491,      -0.0003523579087675,       0.4594151603122761,     112.6621561715426338,      -0.0058333104845491,     112.6621561715426338,       0.2277023657722673
       -0.0585413967844206,      -0.0021086848661866,      -0.0071280770892945,      -0.0021086848661866,       0.4632765995791734,     112.6601816779112539,      -0.0071280770892945,     112.6601816779112681,       0.2287827510911407
       -0.0619652246357677,      -0.0013206579632181,      -0.0072565942433318,      -0.0013206579632181,       0.4576618338251857,     112.6569835799567159,      -0.0072565942433318,     112.6569835799566874,       0.2249079677564611
       -0.0593941341357410,      -0.0015136655867189,      -0.0069525486535231,      -0.0015136655867189,       0.4610038244113148,     112.6543820773871687,      -0.0069525486535231,     112.6543820773871829,       0.2272758068857380
       -0.0606271231633233,      -0.0012771201812914,      -0.0059875087814491,      -0.0012771201812914,       0.4588868959779712,     112.6517243401026889,      -0.0059875087814491,     112.6517243401026889,       0.2252052702567463
       -0.0600275750300579,      -0.0008819714179377,      -0.0045637182089237,      -0.0008819714179377,       0.4595722906739599,     112.6495941928710209,      -0.0045637182089237,     112.6495941928710351,       0.2259009947411209
       -0.0602641324165568,      -0.0006397624370983,      -0.0028710019037263,      -0.0006397624370983,       0.4591370511499457,     112.6480813875786140,      -0.0028710019037263,     112.6480813875786282,       0.2252663840797640
       -0.0602204816751797,      -0.0001389441451418,      -0.0009596760885787,      -0.0001389441451418,       0.4591710080004185,     112.6472856001331024,      -0.0009596760885787,     112.6472856001331024,       0.2253637648313288
       -0.0599971443379071,       0.0002724432859352,       0.0012831153046512,       0.0002724432859352,       0.4590265080334143,     112.6452061546755345,       0.0012831153046512,     112.6452061546755488,       0.2252248049386588
       -0.0598153611276351,       0.0004407170571282,       0.0037424937578209,       0.0004407170571282,       0.4592454534515714,     112.6459181462457479,       0.0037424937578209,     112.6459181462457479,       0.2256500336470675
       -0.0601716902864539,       0.0009432001976211,       0.0060203512254753,       0.0009432001976211,       0.4588930142111005,     112.6473137113503213,       0.0060203512254753,     112.6473137113503213,       0.2252232615213358
       -0.0593567171275066,       0.0011413531954801,       0.0078904138197048,       0.0011413531954801,       0.4601313593397247,     112.6493161228348043,       0.0078904138197048,     112.6493161228348043,       0.2267322998628089
       -0.0609758785829623,       0.0012808539159813,       0.0091425437752433,       0.0012808539159813,       0.4581434328390417,     112.6516056084556539,       0.0091425437752433,     112.6516056084556254,       0.2255405455223325
       -0.0586563334312100,       0.0018529382545528,       0.0097278540173463,       0.0018529382545528,       0.4622790532905168,     112.6545179845632134,       0.0097278540173463,     112.6545179845631992,       0.2282716666120910
       -0.0622209991524617,       0.0007053374962648,       0.0091877684254760,       0.0007053374962648,       0.4569274186623387,     112.6566109000383733,       0.0091877684254760,     112.6566109000383591,       0.2269444151159550
       -0.0607743336902051,       0.0023056947042624,       0.0080432123168676,       0.0023056947042624,       0.4608127976557748,     112.6594748069637717,       0.0080432123168676,     112.6594748069637859,       0.2267614292517783
       -0.0519738177370255,       0.0010032026582794,       0.0059940197682099,       0.0010032026582794,       0.4761238630845709,     112.6624441183427621,       0.0059940197682099,     112.6624441183427621,       0.2381902583106147
       -0.1034632488922598,      -0.0065231455861034,       0.0022690760508231,      -0.0065231455861034,       0.3819183006843148,     112.6550593190272735,       0.0022690760508231,     112.6550593190272593,       0.1943389466550513
       -0.1543257123815463,      -0.0000000000003025,      -0.0000000000101586,      -0.0000000000003025,       0.2880705829293919,     112.6471313585840903,      -0.0000000000101586,     112.6471313585840903,       0.1455030091318758
       -0.1034632487354616,       0.0065231455927789,      -0.0022690760638807,       0.0065231455927789,       0.3819183007484438,     112.6550593190278278,      -0.0022690760638807,     112.6550593190278420,       0.1943389467139218
       -0.0519738176597531,      -0.0010032026741632,      -0.0059940197521068,      -0.0010032026741632,       0.4761238632338344,     112.6624441183263912,      -0.0059940197521068,     112.6624441183263912,       0.2381902584907711
       -0.0607743335305091,      -0.0023056947076352,      -0.0080432123063155,      -0.0023056947076352,       0.4608127978052259,     112.6594748069740604,      -0.0080432123063155,     112.6594748069740604,       0.2267614293497549
       -0.0622209990262505,      -0.0007053374920448,      -0.0091877684539678,      -0.0007053374920448,       0.4569274186753128,     112.6566109000463882,      -0.0091877684539678,     112.6566109000463740,       0.2269444151803798
       -0.0586563337026289,      -0.0018529382562918,      -0.0097278540042937,      -0.0018529382562918,       0.4622790530087122,     112.6545179845422808,      -0.0097278540042937,     112.6545179845422666,       0.2282716663764992
       -0.0609758787220524,      -0.0012808539075566,      -0.0091425437747516,      -0.0012808539075566,       0.4581434326949710,     112.6516056084718684,      -0.0091425437747516,     112.6516056084718542,       0.2255405453987938
       -0.0593567172768996,      -0.0011413532106079,      -0.0078904138164757,      -0.0011413532106079,       0.4601313591957145,     112.6493161228651871,      -0.0078904138164757,     112.6493161228651729,       0.2267322997497363
       -0.0601716901206404,      -0.0009432001845331,      -0.0060203512012832,      -0.0009432001845331,       0.4588930144387343,     112.6473137113491134,      -0.0060203512012832,     112.6473137113490992,       0.2252232617128692
       -0.0598153611920286,      -0.0004407170494565,      -0.0037424937733292,      -0.0004407170494565,       0.4592454534025399,     112.6459181462311392,      -0.0037424937733292,     112.6459181462311250,       0.2256500335567814
       -0.0599971444847242,      -0.0002724432895523,      -0.0012831153050432,      -0.0002724432895523,       0.4590265080359132,     112.6452061546667949,      -0.0012831153050432,     112.6452061546668091,       0.2252248048793536
       -0.0597349560187092,       0.0000251411147194,       0.0014831996491239,       0.0000251411147194,       0.4590084597983207,     112.6426187748719769,       0.0014831996491239,     112.6426187748719769,       0.2253748327966400
       -0.0599652512929109,       0.0005485288235507,       0.0043648798942581,       0.0005485288235507,       0.4587950583914640,     112.6432126797907500,       0.0043648798942581,     112.6432126797907500,       0.2251392796878252
       -0.0592865376392593,       0.0006659796054120,       0.0070330958774879,       0.0006659796054120,       0.4595185747266142,     112.6443881521056625,       0.0070330958774879,     112.6443881521056625,       0.2262162093047612
       -0.0603903797088871,       0.0009620041638091,       0.0092022380508538,       0.0009620041638091,       0.4583134406485331,     112.6459873588055132,       0.0092022380508538,     112.6459873588055132,       0.2256164661247134
       -0.0587428071279614,       0.0013925435359636,       0.0107791470673070,       0.0013925435359636,       0.4609174510610930,     112.6481887906596739,       0.0107791470673070,     112.6481887906596882,       0.2274986008250212
       -0.0614123641088817,       0.0008350846664631,       0.0113095159306305,       0.0008350846664631,       0.4569954177207938,     112.6501181118307358,       0.0113095159306305,     112.6501181118307215,       0.2272524186405766
       -0.0592162771299314,       0.0020424530120607,       0.0109070241889565,       0.0020424530120607,       0.4625385862677479,     112.6528947860007719,       0.0109070241889565,     112.6528947860007577,       0.2279081012965964
       -0.0596765326856387,       0.0004265794201823,       0.0095078276060289,       0.0004265794201823,       0.4601909594596267,     112.6546745004082197,       0.0095078276060289,     112.6546745004082339,       0.2315664133611302
       -0.0711079531004641,       0.0001449217427147,       0.0065724637915671,       0.0001449217427147,       0.4419593912815041,     112.6547917708698350,       0.0065724637915671,     112.6547917708698350,       0.2224791475305100
       -0.0226996974499635,       0.0072626214057283,       0.0038033957091411,       0.0072626214057283,       0.5430946170185988,     112.6644977706011588,       0.0038033957091411,     112.6644977706011730,       0.2507270117919530
        0.0271500785486892,      -0.0000000000005438,       0.0000000000040274,      -0.0000000000005438,       0.6464495700036050,     112.6738234112496144,       0.0000000000040274,     112.6738234112495860,       0.2863020554962261
       -0.0226996973305136,      -0.0072626214091570,      -0.0038033957402698,      -0.0072626214091570,       0.5430946170658947,     112.6644977706018551,      -0.0038033957402698,     112.6644977706018693,       0.2507270118032673
       -0.0711079530769604,      -0.0001449217359512,      -0.0065724637782284,      -0.0001449217359512,       0.4419593913152838,     112.6547917708625732,      -0.0065724637782284,     112.6547917708625732,       0.2224791476002839
       -0.0596765324889163,      -0.0004265794257261,      -0.0095078275791658,      -0.0004265794257261,       0.4601909596769016,     112.6546745003941652,      -0.0095078275791658,     112.6546745003941794,       0.2315664135319112
       -0.0592162770584546,      -0.0020424530280061,      -0.0109070242304315,      -0.0020424530280061,       0.4625385863083626,     112.6528947860029035,      -0.0109070242304315,     112.6528947860029035,       0.2279081013371496
       -0.0614123642003206,      -0.0008350846768139,      -0.0113095159330436,      -0.0008350846768139,       0.4569954175933938,     112.6501181118391486,      -0.0113095159330436,     112.6501181118391202,       0.2272524185543315
       -0.0587428073114830,      -0.0013925435416774,      -0.0107791470386575,      -0.0013925435416774,       0.4609174509496706,     112.6481887906504227,      -0.0107791470386575,     112.6481887906504227,       0.2274986006619885
       -0.0603903795456495,      -0.0009620041506129,      -0.0092022380514444,      -0.0009620041506129,       0.4583134408065679,     112.6459873587975977,      -0.0092022380514444,     112.6459873587975835,       0.2256164661848417
       -0.0592865375954716,      -0.0006659795705548,      -0.0070330958775145,      -0.0006659795705548,       0.4595185747856774,     112.6443881520862078,      -0.0070330958775145,     112.6443881520862078,       0.2262162094050770
       -0.0599652513717928,      -0.0005485288222018,      -0.0043648799065421,      -0.0005485288222018,       0.4587950584308302,     112.6432126797607651,      -0.0043648799065421,     112.6432126797607793,       0.2251392797014234
       -0.0597349560087281,      -0.0000251411292603,      -0.0014831996342340,      -0.0000251411292603,       0.4590084598752061,     112.6426187748623136,      -0.0014831996342340,     112.6426187748623136,       0.2253748327859239
       -0.0598639349011086,       0.0001659031265023,       0.0015260905024311,       0.0001659031265023,       0.4587810478354692,     112.6397255264465826,       0.0015260905024311,     112.6397255264465826,       0.2251853697447115
       -0.0593650238080061,       0.0002819185239900,       0.0046723151325534,       0.0002819185239900,       0.4591469996369886,     112.6401556388024829,       0.0046723151325534,     112.6401556388024829,       0.2256509371175092
       -0.0601989294849357,       0.0004630485334732,       0.0073956483535594,       0.0004630485334732,       0.4583738149519871,     112.6409261411658491,       0.0073956483535594,     112.6409261411658633,       0.2255310109359722
       -0.0587938310457653,       0.0008987645652402,       0.0098549721579700,       0.0008987645652402,       0.4599128432584784,     112.6422111706647371,       0.0098549721579700,     112.6422111706647229,       0.2265563165486306
       -0.0607474682802847,       0.0005173948786467,       0.0113870367996141,       0.0005173948786467,       0.4574485982464593,     112.6435237098683189,       0.0113870367996141,     112.6435237098683473,       0.2272296631986336
       -0.0590217636449549,       0.0014870119575509,       0.0120660787742642,       0.0014870119575509,       0.4612894939373737,     112.6454993528537329,       0.0120660787742642,     112.6454993528537329,       0.2272140360914335
       -0.0605688034032737,       0.0005307198977645,       0.0118145109787338,       0.0005307198977645,       0.4570178079734275,     112.6469891935512777,       0.0118145109787338,     112.6469891935512919,       0.2304670993891111
       -0.0633821124598655,       0.0007985481123371,       0.0095986460422028,       0.0007985481123371,       0.4573864502803621,     112.6484881127918101,       0.0095986460422028,     112.6484881127918101,       0.2269992574990424
       -0.0508302926777354,       0.0020670537889548,       0.0076349801159848,       0.0020670537889548,       0.4788121252813479,     112.6514978103012936,       0.0076349801159848,     112.6514978103012936,       0.2343828648248551
       -0.0954941180188790,      -0.0045096026521255,       0.0045691739566319,      -0.0045096026521255,       0.3763817744822915,     112.6453175615699251,       0.0045691739566319,     112.6453175615699251,       0.2231121176599070
       -0.1430657222633251,      -0.0000000000064084,      -0.0000000000009272,      -0.0000000000064084,       0.2677382760792135,     112.6375580666261129,      -0.0000000000009272,     112.6375580666261271,       0.2026031378119082
       -0.0954941179911899,       0.0045096026496992,      -0.0045691739718264,       0.0045096026496992,       0.3763817744378563,     112.6453175615688735,      -0.0045691739718264,     112.6453175615688593,       0.2231121176257699
       -0.0508302925286643,      -0.0020670537935353,      -0.0076349801124051,      -0.0020670537935353,       0.4788121254408656,     112.6514978103203219,      -0.0076349801124051,     112.6514978103203077,       0.2343828649998306
       -0.0633821127547880,      -0.0007985481103629,      -0.0095986460297848,      -0.0007985481103629,       0.4573864499442651,     112.6484881127966418,      -0.0095986460297848,     112.6484881127966275,       0.2269992572144842
       -0.0605688035182163,      -0.0005307198926846,      -0.0118145109769957,      -0.0005307198926846,       0.4570178077916209,     112.6469891935657301,      -0.0118145109769957,     112.6469891935657017,       0.2304670992536993
       -0.0590217637061287,      -0.0014870119769832,      -0.0120660787925788,      -0.0014870119769832,       0.4612894938970957,     112.6454993528881516,      -0.0120660787925788,     112.6454993528881516,       0.2272140360408238
       -0.0607474679786008,      -0.0005173948799958,      -0.0113870367900120,      -0.0005173948799958,       0.4574485985740045,     112.6435237098838797,      -0.0113870367900120,     112.6435237098838940,       0.2272296635107413
       -0.0587938306793659,      -0.0008987645356055,      -0.0098549721488652,      -0.0008987645356055,       0.4599128436505237,     112.6422111706582854,      -0.0098549721488652,     112.6422111706582996,       0.2265563168583493
       -0.0601989294144245,      -0.0004630485373198,      -0.0073956483854265,      -0.0004630485373198,       0.4583738151048990,     112.6409261411652665,      -0.0073956483854265,     112.6409261411652807,       0.2255310110940585
       -0.0593650240050504,      -0.0002819185220530,      -0.0046723151092170,      -0.0002819185220530,       0.4591469994554831,     112.6401556388123311,      -0.0046723151092170,     112.6401556388123453,       0.2256509369875161
       -0.0598639351084558,      -0.0001659031270452,      -0.0015260904953925,      -0.0001659031270452,       0.4587810476951359,     112.6397255264525228,      -0.0015260904953925,     112.6397255264525370,       0.2251853695837869
       -0.0596879365588920,       0.0003677987103561,       0.0016322038307284,       0.0003677987103561,       0.4589071128011462,     112.6367942209144104,       0.0016322038307284,     112.6367942209143962,       0.2252177144657072
       -0.0602384773404580,      -0.0002363123966480,       0.0043366353591676,      -0.0002363123966480,       0.4585113501097045,     112.6369433070818360,       0.0043366353591676,     112.6369433070818502,       0.2255782679400293
       -0.0589962586265273,       0.0007259237235409,       0.0073041545040707,       0.0007259237235409,       0.4593259226740002,     112.6374036557652687,       0.0073041545040707,     112.6374036557652687,       0.2254493212751750
       -0.0605278878300440,      -0.0002372999576522,       0.0093716769170910,      -0.0002372999576522,       0.4579289480436685,     112.6378952338041302,       0.0093716769170910,     112.6378952338041159,       0.2271456706435321
       -0.0590741105520091,       0.0010969029192971,       0.0110538676095272,       0.0010969029192971,       0.4599066133910649,     112.6388086122758807,       0.0110538676095272,     112.6388086122758949,       0.2258359771744161
       -0.0602165179269150,       0.0001262939100591,       0.0118901050370375,       0.0001262939100591,       0.4573179244264253,     112.6398063863119603,       0.0118901050370375,     112.6398063863119603,       0.2298841469097968
       -0.0616575059535779,       0.0003846887684655,       0.0107993677903703,       0.0003846887684655,       0.4593851473918773,     112.6406870596477034,       0.0107993677903703,     112.6406870596477034,       0.2267579634505015
       -0.0570218817994562,       0.0016710465539716,       0.0102300028227228,       0.0016710465539716,       0.4619934192288929,     112.6423506118933631,       0.0102300028227228,     112.6423506118933489,       0.2315423799446504
       -0.0716239534819948,      -0.0013268979306103,       0.0069759139688316,      -0.0013268979306103,       0.4389720527990189,     112.6420248080137014,       0.0069759139688316,     112.6420248080136872,       0.2297165746250852
       -0.0340310418624306,       0.0013719585508133,       0.0021137319512770,       0.0013719585508133,       0.5349530273284877,     112.6466810522242810,       0.0021137319512770,     112.6466810522242952,       0.2285584628789628
        0.0089418150484214,      -0.0000000000158931,      -0.0000000000153731,      -0.0000000000158931,       0.6416884051798526,     112.6523564409312570,      -0.0000000000153731,     112.6523564409312570,       0.2354806746827567
       -0.0340310418308779,      -0.0013719585659667,      -0.0021137319421606,      -0.0013719585659667,       0.5349530272467325,     112.6466810522237409,      -0.0021137319421606,     112.6466810522237552,       0.2285584627765539
       -0.0716239535296460,       0.0013268979459751,      -0.0069759139635573,       0.0013268979459751,       0.4389720527926227,     112.6420248080212332,      -0.0069759139635573,     112.6420248080212190,       0.2297165745775123
       -0.0570218815322227,      -0.0016710465476033,      -0.0102300028187053,      -0.0016710465476033,       0.4619934195837449,     112.6423506119042202,      -0.0102300028187053,     112.6423506119042344,       0.2315423802892587
       -0.0616575058376696,      -0.0003846887690001,      -0.0107993677788802,      -0.0003846887690001,       0.4593851474716680,     112.6406870596475187,      -0.0107993677788802,     112.6406870596475329,       0.2267579634582828
       -0.0602165182153981,      -0.0001262939088827,      -0.0118901050427946,      -0.0001262939088827,       0.4573179241584687,     112.6398063863121308,      -0.0118901050427946,     112.6398063863121308,       0.2298841466523226
       -0.0590741104058358,      -0.0010969029040971,      -0.0110538676093843,      -0.0010969029040971,       0.4599066135064902,     112.6388086123027961,      -0.0110538676093843,     112.6388086123027819,       0.2258359772693360
       -0.0605278877859344,       0.0002372999539448,      -0.0093716769302028,       0.0002372999539448,       0.4579289480569810,     112.6378952338196768,      -0.0093716769302028,     112.6378952338197053,       0.2271456707135318
       -0.0589962586268492,      -0.0007259237379657,      -0.0073041545209962,      -0.0007259237379657,       0.4593259226634048,     112.6374036557727862,      -0.0073041545209962,     112.6374036557728004,       0.2254493213625139
       -0.0602384774666692,       0.0002363123826187,      -0.0043366353311346,       0.0002363123826187,       0.4585113500608443,     112.6369433070982780,      -0.0043366353311346,     112.6369433070982780,       0.2255782679118791
       -0.0596879366748003,      -0.0003677986847797,      -0.0016322038385518,      -0.0003677986847797,       0.4589071127470693,     112.6367942209197395,      -0.0016322038385518,     112.6367942209197253,       0.2252177144322947
       -0.0602439345033886,      -0.0015161950740604,       0.0010681706445842,      -0.0015161950740604,       0.4587636487921686,     112.6340625748567561,       0.0010681706445842,     112.6340625748567561,       0.2255156021773202
       -0.0595217724953616,       0.0014965729082367,       0.0040741319874597,       0.0014965729082367,       0.4589851261564579,     112.6340447203982791,       0.0040741319874597,     112.6340447203982933,       0.2245742541913219
       -0.0605758805669804,      -0.0015919348395310,       0.0060125524821296,      -0.0015919348395310,       0.4584967279686868,     112.6339333145193393,       0.0060125524821296,     112.6339333145193251,       0.2271967610724683
       -0.0594081343426170,       0.0014100426277542,       0.0082514460748611,       0.0014100426277542,       0.4589570134796508,     112.6338621012422436,       0.0082514460748611,     112.6338621012422294,       0.2242354950042207
       -0.0599730926321176,      -0.0010133726017715,       0.0096837293616324,      -0.0010133726017715,       0.4584075084401713,     112.6342094784099856,       0.0096837293616324,     112.6342094784099999,       0.2293200410962364
       -0.0612917490039941,       0.0002935038004700,       0.0097169233554451,       0.0002935038004700,       0.4584191951764425,     112.6339075914429202,       0.0097169233554451,     112.6339075914429202,       0.2254476626957342
       -0.0581692832011975,       0.0010999939650227,       0.0102847822109697,       0.0010999939650227,       0.4593691355515576,     112.6351527263456518,       0.0102847822109697,     112.6351527263456660,       0.2299695933713415
       -0.0654809554703588,      -0.0017825256942443,       0.0079452532142132,      -0.0017825256942443,       0.4539583005618114,     112.6349795798078475,       0.0079452532142132,     112.6349795798078617,       0.2291119576919665
       -0.0530593366670719,       0.0013700297388157,       0.0057063451062083,       0.0013700297388157,       0.4755929046732492,     112.6356968265161527,       0.0057063451062083,     112.6356968265161669,       0.2275730022797340
       -0.0815524449615732,       0.0040249139634597,       0.0055798969260144,       0.0040249139634597,       0.3952038044632268,     112.6357684759887263,       0.0055798969260144,     112.6357684759887263,       0.2373796677236992
       -0.1196037694402913,       0.0000000000005497,      -0.0000000000167568,       0.0000000000005497,       0.2996606603195958,     112.6345873710720014,      -0.0000000000167568,     112.6345873710720156,       0.2412936235036336
       -0.0815524450732962,      -0.0040249139750484,      -0.0055798969022559,      -0.0040249139750484,       0.3952038043670461,     112.6357684760019140,      -0.0055798969022559,     112.6357684760019140,       0.2373796675502917
       -0.0530593367758970,      -0.0013700297369847,      -0.0057063451050585,      -0.0013700297369847,       0.4755929046365978,     112.6356968265252760,      -0.0057063451050585,     112.6356968265252618,       0.2275730021710061
       -0.0654809554536163,       0.0017825257133047,      -0.0079452532232362,       0.0017825257133047,       0.4539583005836348,     112.6349795798000031,      -0.0079452532232362,     112.6349795798000173,       0.2291119577550138
       -0.0581692832485269,      -0.0010999939713623,      -0.0102847822029260,      -0.0010999939713623,       0.4593691355093240,     112.6351527263382195,      -0.0102847822029260,     112.6351527263382337,       0.2299695932827434
       -0.0612917492483677,      -0.0002935037932028,      -0.0097169233440152,      -0.0002935037932028,       0.4584191949732083,     112.6339075914344647,      -0.0097169233440152,     112.6339075914344789,       0.2254476624564652
       -0.0599730927332156,       0.0010133725851714,      -0.0096837293506042,       0.0010133725851714,       0.4584075082461742,     112.6342094783923926,      -0.0096837293506042,     112.6342094783923926,       0.2293200409332272
       -0.0594081340000432,      -0.0014100426307366,      -0.0082514461103234,      -0.0014100426307366,       0.4589570138428204,     112.6338621012463932,      -0.0082514461103234,     112.6338621012463932,       0.2242354953159386
       -0.0605758806184951,       0.0015919348493396,      -0.0060125524753046,       0.0015919348493396,       0.4584967280203603,     112.6339333145359802,      -0.0060125524753046,     112.6339333145359660,       0.2271967610725713
       -0.0595217723060443,      -0.0014965729053144,      -0.0040741319860710,      -0.0014965729053144,       0.4589851264282181,     112.6340447203974833,      -0.0040741319860710,     112.6340447203975117,       0.2245742544424045
       -0.0602439344499417,       0.0015161950700408,      -0.0010681706472130,       0.0015161950700408,       0.4587636489434361,     112.6340625748498923,      -0.0010681706472130,     112.6340625748499065,       0.2255156023285798
       -0.0604073286528342,       0.0026765720876430,       0.0011259818449888,       0.0026765720876430,       0.4588307397600662,     112.6318642336231477,       0.0011259818449888,     112.6318642336231761,       0.2248189066123499
       -0.0602787141598775,      -0.0027840089000929,       0.0027032946143844,      -0.0027840089000929,       0.4591617879998617,     112.6316880715904745,       0.0027032946143844,     112.6316880715904745,       0.2265589574467446
