        0.0000020009313642,      -0.0020002499469985,      -0.0000000035160143,      -0.0020002499469985,       0.0000020009313644,      -0.0000000035160143,      -0.0000000035160143,      -0.0000000035160143,      -0.0000023927262770
        0.0000020038656456,      -0.0020002365925676,      -0.0000000041608356,      -0.0020002365925676,       0.0000020038666710,      -0.0000000109800644,      -0.0000000041608356,      -0.0000000109800644,      -0.0000023999853099
        0.0000020069141393,      -0.0020002104118671,      -0.0000000025120521,      -0.0020002104118671,       0.0000020053909456,      -0.0000000171057979,      -0.0000000025120521,      -0.0000000171057979,      -0.0000024060592055
        0.0000020098495216,      -0.0020001729982251,      -0.0000000049226660,      -0.0020001729982251,       0.0000020081759888,      -0.0000000228256675,      -0.0000000049226660,      -0.0000000228256675,      -0.0000024117303045
        0.0000020127315352,      -0.0020001264798856,      -0.0000000005645292,      -0.0020001264798856,       0.0000020072086377,      -0.0000000264868371,      -0.0000000005645292,      -0.0000000264868371,      -0.0000024156307019
        0.0000020148133967,      -0.0020000744891302,      -0.0000000031000163,      -0.0020000744891302,       0.0000020080889899,      -0.0000000270832361,      -0.0000000031000163,      -0.0000000270832361,      -0.0000024164793722
        0.0000020144022964,      -0.0020000217940455,      -0.0000000067372166,      -0.0020000217940455,       0.0000020092143266,      -0.0000000292207944,      -0.0000000067372166,      -0.0000000292207944,      -0.0000024189216521
        0.0000020154925811,      -0.0019999727266307,       0.0000000268481796,      -0.0019999727266307,       0.0000020000332923,      -0.0000000190627542,       0.0000000268481796,      -0.0000000190627542,      -0.0000024093149597
        0.0000020098151100,      -0.0019999332787901,      -0.0000000478098947,      -0.0019999332787901,       0.0000020104863788,      -0.0000000193285483,      -0.0000000478098947,      -0.0000000193285483,      -0.0000024107963531
        0.0000020030418617,      -0.0019999099549895,      -0.0000002388190155,      -0.0019999099549895,       0.0000020271139163,      -0.0000000346813429,      -0.0000002388190155,      -0.0000000346813429,      -0.0000024251348517
        0.0000020007768111,      -0.0019999020988060,      -0.0000003379773193,      -0.0019999020988060,       0.0000020003965679,      -0.0000000029962212,      -0.0000003379773193,      -0.0000000029962212,      -0.0000023916485912
        0.0000019984024043,      -0.0019999100020109,      -0.0000002386882621,      -0.0019999100020109,       0.0000019736165152,       0.0000000319262335,      -0.0000002386882621,       0.0000000319262335,      -0.0000023579471156
        0.0000019913080418,      -0.0019999333401221,      -0.0000000476604817,      -0.0019999333401221,       0.0000019901585516,       0.0000000198495507,      -0.0000000476604817,       0.0000000198495507,      -0.0000023718463714
        0.0000019851872921,      -0.0019999728540719,       0.0000000270658452,      -0.0019999728540719,       0.0000020005549797,       0.0000000191071853,       0.0000000270658452,       0.0000000191071853,      -0.0000023728065728
        0.0000019857809721,      -0.0020000219635961,      -0.0000000064946383,      -0.0020000219635961,       0.0000019912586993,       0.0000000291013982,      -0.0000000064946383,       0.0000000291013982,      -0.0000023625373737
        0.0000019849318748,      -0.0020000746640986,      -0.0000000028991073,      -0.0020000746640986,       0.0000019921883694,       0.0000000271760934,      -0.0000000028991073,       0.0000000271760934,      -0.0000023642769944
        0.0000019866787532,      -0.0020001266630078,      -0.0000000003926152,      -0.0020001266630078,       0.0000019928267425,       0.0000000264439831,      -0.0000000003926152,       0.0000000264439831,      -0.0000023644762254
        0.0000019893694745,      -0.0020001731745770,      -0.0000000048085737,      -0.0020001731745770,       0.0000019915794615,       0.0000000228481932,      -0.0000000048085737,       0.0000000228481932,      -0.0000023678177852
        0.0000019922245680,      -0.0020002105450193,      -0.0000000024410516,      -0.0020002105450193,       0.0000019940918985,       0.0000000170962227,      -0.0000000024410516,       0.0000000170962227,      -0.0000023730648750
        0.0000019952680925,      -0.0020002366899358,      -0.0000000041257829,      -0.0020002366899358,       0.0000019954005613,       0.0000000109735530,      -0.0000000041257829,       0.0000000109735530,      -0.0000023788573081
        0.0000019982146476,      -0.0020002499729338,      -0.0000000035058294,      -0.0020002499729338,       0.0000019982146479,       0.0000000035058295,      -0.0000000035058294,       0.0000000035058295,      -0.0000023859774979
        0.0000020038666708,      -0.0020002365925676,      -0.0000000109800645,      -0.0020002365925676,       0.0000020038656454,      -0.0000000041608353,      -0.0000000109800645,      -0.0000000041608353,      -0.0000023999853098
        0.0000020117656401,      -0.0020002237906223,      -0.0000000101500477,      -0.0020002237906223,       0.0000020117656399,      -0.0000000101500475,      -0.0000000101500477,      -0.0000000101500475,      -0.0000024199600869
        0.0000020207648547,      -0.0020001991672073,      -0.0000000114434208,      -0.0020001991672073,       0.0000020189925433,      -0.0000000178349830,      -0.0000000114434208,      -0.0000000178349830,      -0.0000024389016512
        0.0000020294135121,      -0.0020001632646714,      -0.0000000079494671,      -0.0020001632646714,       0.0000020222141901,      -0.0000000222708452,      -0.0000000079494671,      -0.0000000222708452,      -0.0000024542302942
        0.0000020373624824,      -0.0020001190554931,      -0.0000000099109042,      -0.0020001190554931,       0.0000020257331186,      -0.0000000262085481,      -0.0000000099109042,      -0.0000000262085481,      -0.0000024649439515
        0.0000020423270145,      -0.0020000694068132,      -0.0000000052870249,      -0.0020000694068132,       0.0000020242646825,      -0.0000000307803143,      -0.0000000052870249,      -0.0000000307803143,      -0.0000024708204649
        0.0000020447305863,      -0.0020000179143317,       0.0000000039814309,      -0.0020000179143317,       0.0000020199317455,      -0.0000000205941850,       0.0000000039814309,      -0.0000000205941850,      -0.0000024650763516
        0.0000020380801219,      -0.0019999722795650,      -0.0000000269145305,      -0.0019999722795650,       0.0000020232917666,      -0.0000000355295005,      -0.0000000269145305,      -0.0000000355295005,      -0.0000024610100158
        0.0000020322708948,      -0.0019999343827715,       0.0000000491901347,      -0.0019999343827715,       0.0000020066722367,      -0.0000000117145417,       0.0000000491901347,      -0.0000000117145417,      -0.0000024379246576
        0.0000020205282439,      -0.0019999025791636,       0.0000002528268803,      -0.0019999025791636,       0.0000019845195331,       0.0000000621796567,       0.0000002528268803,       0.0000000621796567,      -0.0000023933687749
        0.0000020006938473,      -0.0019998910981376,       0.0000003601312315,      -0.0019998910981376,       0.0000020002615180,       0.0000000031832084,       0.0000003601312315,       0.0000000031832084,      -0.0000023913102151
        0.0000019807481050,      -0.0019999027288133,       0.0000002528323294,      -0.0019999027288133,       0.0000020161321719,      -0.0000000593256965,       0.0000002528323294,      -0.0000000593256965,      -0.0000023893850747
        0.0000019687395011,      -0.0019999346788749,       0.0000000494336674,      -0.0019999346788749,       0.0000019940761233,       0.0000000110786587,       0.0000000494336674,       0.0000000110786587,      -0.0000023447008199
        0.0000019625044860,      -0.0019999726593020,      -0.0000000266953359,      -0.0019999726593020,       0.0000019773344933,       0.0000000354930424,      -0.0000000266953359,       0.0000000354930424,      -0.0000023210115936
        0.0000019554289049,      -0.0020000183774534,       0.0000000041688987,      -0.0020000183774534,       0.0000019805247612,       0.0000000207271196,       0.0000000041688987,       0.0000000207271196,      -0.0000023163195966
        0.0000019574217840,      -0.0020000699367185,      -0.0000000050633272,      -0.0020000699367185,       0.0000019760072415,       0.0000000306936362,      -0.0000000050633272,       0.0000000306936362,      -0.0000023099368224
        0.0000019621083180,      -0.0020001195946551,      -0.0000000097765527,      -0.0020001195946551,       0.0000019742701266,       0.0000000262730220,      -0.0000000097765527,       0.0000000262730220,      -0.0000023151834975
        0.0000019698826575,      -0.0020001637548324,      -0.0000000078388363,      -0.0020001637548324,       0.0000019775092154,       0.0000000222459577,      -0.0000000078388363,       0.0000000222459577,      -0.0000023253870601
        0.0000019784812070,      -0.0020001995761980,      -0.0000000113892864,      -0.0020001995761980,       0.0000019804671213,       0.0000000178297645,      -0.0000000113892864,       0.0000000178297645,      -0.0000023403213560
        0.0000019874810081,      -0.0020002240465181,      -0.0000000101211801,      -0.0020002240465181,       0.0000019874810108,       0.0000000101211805,      -0.0000000101211801,       0.0000000101211805,      -0.0000023590076119
        0.0000019954005600,      -0.0020002366899360,      -0.0000000109735529,      -0.0020002366899360,       0.0000019952680951,       0.0000000041257835,      -0.0000000109735529,       0.0000000041257835,      -0.0000023788573087
        0.0000020053909463,      -0.0020002104118670,      -0.0000000171057980,      -0.0020002104118670,       0.0000020069141393,      -0.0000000025120522,      -0.0000000171057980,      -0.0000000025120522,      -0.0000024060592058
        0.0000020189925428,      -0.0020001991672072,      -0.0000000178349832,      -0.0020001991672072,       0.0000020207648544,      -0.0000000114434209,      -0.0000000178349832,      -0.0000000114434209,      -0.0000024389016515
        0.0000020316354730,      -0.0020001766140461,      -0.0000000157923796,      -0.0020001766140461,       0.0000020316354727,      -0.0000000157923797,      -0.0000000157923796,      -0.0000000157923797,      -0.0000024685082818
        0.0000020460291308,      -0.0020001447627421,      -0.0000000169078951,      -0.0020001447627421,       0.0000020404577341,      -0.0000000229069251,      -0.0000000169078951,      -0.0000000229069251,      -0.0000024934550829
        0.0000020577218084,      -0.0020001041727615,      -0.0000000121005693,      -0.0020001041727615,       0.0000020426048946,      -0.0000000272805164,      -0.0000000121005693,      -0.0000000272805164,      -0.0000025113129043
        0.0000020667853822,      -0.0020000584586334,      -0.0000000084111512,      -0.0020000584586334,       0.0000020430159723,      -0.0000000238081013,      -0.0000000084111512,      -0.0000000238081013,      -0.0000025171595547
        0.0000020669408206,      -0.0020000131158368,      -0.0000000133146559,      -0.0020000131158368,       0.0000020401534110,      -0.0000000382946119,      -0.0000000133146559,      -0.0000000382946119,      -0.0000025159106202
        0.0000020643057075,      -0.0019999673596438,       0.0000000279286508,      -0.0019999673596438,       0.0000020265376005,      -0.0000000063945622,       0.0000000279286508,      -0.0000000063945622,      -0.0000024940280091
        0.0000020444261165,      -0.0019999334072960,      -0.0000000337136032,      -0.0019999334072960,       0.0000020267758631,      -0.0000000224735646,      -0.0000000337136032,      -0.0000000224735646,      -0.0000024684330208
        0.0000020212459958,      -0.0019999239253069,      -0.0000002511389567,      -0.0019999239253069,       0.0000020269631965,      -0.0000001174581876,      -0.0000002511389567,      -0.0000001174581876,      -0.0000024522670750
        0.0000020005328859,      -0.0019999212551067,      -0.0000003711012707,      -0.0019999212551067,       0.0000020005664105,      -0.0000000035533196,      -0.0000003711012707,      -0.0000000035533196,      -0.0000023916134037
        0.0000019797489982,      -0.0019999241027790,      -0.0000002509656889,      -0.0019999241027790,       0.0000019739833004,       0.0000001143503745,      -0.0000002509656889,       0.0000001143503745,      -0.0000023304900222
        0.0000019563129268,      -0.0019999338070111,      -0.0000000336891280,      -0.0019999338070111,       0.0000019739361171,       0.0000000232427487,      -0.0000000336891280,       0.0000000232427487,      -0.0000023137355575
        0.0000019361520025,      -0.0019999679780624,       0.0000000281133026,      -0.0019999679780624,       0.0000019740898796,       0.0000000063915255,       0.0000000281133026,       0.0000000063915255,      -0.0000022878360542
        0.0000019331386024,      -0.0020000138701282,      -0.0000000130738599,      -0.0020000138701282,       0.0000019603288824,       0.0000000381757710,      -0.0000000130738599,       0.0000000381757710,      -0.0000022653992068
        0.0000019330119987,      -0.0020000592888521,      -0.0000000082949480,      -0.0020000592888521,       0.0000019572018279,       0.0000000239366008,      -0.0000000082949480,       0.0000000239366008,      -0.0000022635562931
        0.0000019418401767,      -0.0020001050095568,      -0.0000000119416375,      -0.0020001050095568,       0.0000019573605575,       0.0000000272152428,      -0.0000000119416375,       0.0000000272152428,      -0.0000022688968174
        0.0000019534347067,      -0.0020001455387215,      -0.0000000168540726,      -0.0020001455387215,       0.0000019592299906,       0.0000000229256234,      -0.0000000168540726,       0.0000000229256234,      -0.0000022862986649
        0.0000019677952153,      -0.0020001772262956,      -0.0000000157413828,      -0.0020001772262956,       0.0000019677952156,       0.0000000157413832,      -0.0000000157413828,       0.0000000157413832,      -0.0000023109259333
        0.0000019804671197,      -0.0020001995761983,      -0.0000000178297646,      -0.0020001995761983,       0.0000019784812065,       0.0000000113892863,      -0.0000000178297646,       0.0000000113892863,      -0.0000023403213575
        0.0000019940918985,      -0.0020002105450192,      -0.0000000170962227,      -0.0020002105450192,       0.0000019922245693,       0.0000000024410510,      -0.0000000170962227,       0.0000000024410510,      -0.0000023730648750
        0.0000020081759897,      -0.0020001729982252,      -0.0000000228256675,      -0.0020001729982252,       0.0000020098495211,      -0.0000000049226660,      -0.0000000228256675,      -0.0000000049226660,      -0.0000024117303043
        0.0000020222141899,      -0.0020001632646713,      -0.0000000222708455,      -0.0020001632646713,       0.0000020294135119,      -0.0000000079494670,      -0.0000000222708455,      -0.0000000079494670,      -0.0000024542302937
        0.0000020404577343,      -0.0020001447627420,      -0.0000000229069251,      -0.0020001447627420,       0.0000020460291301,      -0.0000000169078950,      -0.0000000229069251,      -0.0000000169078950,      -0.0000024934550832
        0.0000020565380005,      -0.0020001169474359,      -0.0000000205350998,      -0.0020001169474359,       0.0000020565380005,      -0.0000000205350999,      -0.0000000205350998,      -0.0000000205350999,      -0.0000025265670318
        0.0000020732638221,      -0.0020000825420501,      -0.0000000172161871,      -0.0020000825420501,       0.0000020633969064,      -0.0000000229275401,      -0.0000000172161871,      -0.0000000229275401,      -0.0000025483473601
        0.0000020824826786,      -0.0020000437652611,      -0.0000000163788471,      -0.0020000437652611,       0.0000020618664149,      -0.0000000334227220,      -0.0000000163788471,      -0.0000000334227220,      -0.0000025596079192
        0.0000020874922493,      -0.0020000005619719,       0.0000000040368506,      -0.0020000005619719,       0.0000020554237883,      -0.0000000125760576,       0.0000000040368506,      -0.0000000125760576,      -0.0000025506464700
        0.0000020740191208,      -0.0019999678374166,      -0.0000000250996584,      -0.0019999678374166,       0.0000020489867451,      -0.0000000413617670,      -0.0000000250996584,      -0.0000000413617670,      -0.0000025300790975
        0.0000020635781556,      -0.0019999337791673,       0.0000000320736216,      -0.0019999337791673,       0.0000020290099176,      -0.0000000190107556,       0.0000000320736216,      -0.0000000190107556,      -0.0000024969849868
        0.0000020387640299,      -0.0019998918277428,       0.0000002828022064,      -0.0019998918277428,       0.0000020130049710,       0.0000001184420056,       0.0000002828022064,       0.0000001184420056,      -0.0000024342732729
        0.0000020003156708,      -0.0019998761942004,       0.0000004272587419,      -0.0019998761942004,       0.0000020003334926,       0.0000000039458391,       0.0000004272587419,       0.0000000039458391,      -0.0000023907809867
        0.0000019618076684,      -0.0019998921986360,       0.0000002828419138,      -0.0019998921986360,       0.0000019877170462,      -0.0000001150715420,       0.0000002828419138,      -0.0000001150715420,      -0.0000023476078439
        0.0000019368858297,      -0.0019999343549269,       0.0000000323282619,      -0.0019999343549269,       0.0000019717370596,       0.0000000181415488,       0.0000000323282619,       0.0000000181415488,      -0.0000022849806573
        0.0000019261897388,      -0.0019999686125598,      -0.0000000249850516,      -0.0019999686125598,       0.0000019516269922,       0.0000000414966138,      -0.0000000249850516,       0.0000000414966138,      -0.0000022513980266
        0.0000019125522798,      -0.0020000015353436,       0.0000000041183142,      -0.0020000015353436,       0.0000019449669627,       0.0000000127339403,       0.0000000041183142,       0.0000000127339403,      -0.0000022304809848
        0.0000019173472413,      -0.0020000448286482,      -0.0000000161837781,      -0.0020000448286482,       0.0000019383262807,       0.0000000333052118,      -0.0000000161837781,       0.0000000333052118,      -0.0000022211191493
        0.0000019264653096,      -0.0020000836128513,      -0.0000000171963530,      -0.0020000836128513,       0.0000019365257019,       0.0000000229998306,      -0.0000000171963530,       0.0000000229998306,      -0.0000022319566120
        0.0000019431320974,      -0.0020001179060042,      -0.0000000204427432,      -0.0020001179060042,       0.0000019431320972,       0.0000000204427432,      -0.0000000204427432,       0.0000000204427432,      -0.0000022534347117
        0.0000019592299900,      -0.0020001455387219,      -0.0000000229256231,      -0.0020001455387219,       0.0000019534347071,       0.0000000168540727,      -0.0000000229256231,       0.0000000168540727,      -0.0000022862986668
        0.0000019775092132,      -0.0020001637548326,      -0.0000000222459581,      -0.0020001637548326,       0.0000019698826582,       0.0000000078388362,      -0.0000000222459581,       0.0000000078388362,      -0.0000023253870619
        0.0000019915794615,      -0.0020001731745769,      -0.0000000228481931,      -0.0020001731745769,       0.0000019893694744,       0.0000000048085737,      -0.0000000228481931,       0.0000000048085737,      -0.0000023678177843
        0.0000020072086377,      -0.0020001264798858,      -0.0000000264868371,      -0.0020001264798858,       0.0000020127315350,      -0.0000000005645290,      -0.0000000264868371,      -0.0000000005645290,      -0.0000024156307024
        0.0000020257331188,      -0.0020001190554932,      -0.0000000262085483,      -0.0020001190554932,       0.0000020373624824,      -0.0000000099109041,      -0.0000000262085483,      -0.0000000099109041,      -0.0000024649439512
        0.0000020426048943,      -0.0020001041727614,      -0.0000000272805165,      -0.0020001041727614,       0.0000020577218077,      -0.0000000121005692,      -0.0000000272805165,      -0.0000000121005692,      -0.0000025113129044
        0.0000020633969060,      -0.0020000825420500,      -0.0000000229275400,      -0.0020000825420500,       0.0000020732638207,      -0.0000000172161871,      -0.0000000229275400,      -0.0000000172161871,      -0.0000025483473607
        0.0000020793593370,      -0.0020000551530010,      -0.0000000251180734,      -0.0020000551530010,       0.0000020793593366,      -0.0000000251180735,      -0.0000000251180734,      -0.0000000251180735,      -0.0000025762693674
        0.0000020934850664,      -0.0020000214014885,      -0.0000000091750509,      -0.0020000214014885,       0.0000020808804999,      -0.0000000147802074,      -0.0000000091750509,      -0.0000000147802074,      -0.0000025850267604
        0.0000020918966658,      -0.0019999932535643,      -0.0000000196336682,      -0.0019999932535643,       0.0000020721679145,      -0.0000000364589746,      -0.0000000196336682,      -0.0000000364589746,      -0.0000025775614520
        0.0000020917796293,      -0.0019999520671190,       0.0000000171502371,      -0.0019999520671190,       0.0000020596099967,      -0.0000000082641879,       0.0000000171502371,      -0.0000000082641879,      -0.0000025562945768
        0.0000020601176196,      -0.0019999322895680,      -0.0000000000242184,      -0.0019999322895680,       0.0000020454538753,      -0.0000000011440022,      -0.0000000000242184,      -0.0000000011440022,      -0.0000025012440268
        0.0000020256448894,      -0.0019999491731624,      -0.0000002691215210,      -0.0019999491731624,       0.0000020101394352,      -0.0000001292167955,      -0.0000002691215210,      -0.0000001292167955,      -0.0000024484711758
        0.0000020000629849,      -0.0019999593261454,      -0.0000004367041490,      -0.0019999593261454,       0.0000020002879353,      -0.0000000041010391,      -0.0000004367041490,      -0.0000000041010391,      -0.0000023908903143
        0.0000019744782159,      -0.0019999493823642,      -0.0000002692169677,      -0.0019999493823642,       0.0000019905437680,       0.0000001258973577,      -0.0000002692169677,       0.0000001258973577,      -0.0000023330005640
        0.0000019399433359,      -0.0019999329356213,      -0.0000000000752215,      -0.0019999329356213,       0.0000019552035976,       0.0000000022530477,      -0.0000000000752215,       0.0000000022530477,      -0.0000022799387644
        0.0000019082721634,      -0.0019999529912093,       0.0000000172725178,      -0.0019999529912093,       0.0000019408298030,       0.0000000081757216,       0.0000000172725178,       0.0000000081757216,      -0.0000022248623348
        0.0000019080389821,      -0.0019999943362480,      -0.0000000195182238,      -0.0019999943362480,       0.0000019281486654,       0.0000000364350487,      -0.0000000195182238,       0.0000000364350487,      -0.0000022033162274
        0.0000019064481910,      -0.0020000226098488,      -0.0000000092137239,      -0.0020000226098488,       0.0000019192227366,       0.0000000149213579,      -0.0000000092137239,       0.0000000149213579,      -0.0000021956517040
        0.0000019205467437,      -0.0020000563373398,      -0.0000000249802172,      -0.0020000563373398,       0.0000019205467431,       0.0000000249802174,      -0.0000000249802172,       0.0000000249802174,      -0.0000022042317319
        0.0000019365257026,      -0.0020000836128515,      -0.0000000229998307,      -0.0020000836128515,       0.0000019264653106,       0.0000000171963530,      -0.0000000229998307,       0.0000000171963530,      -0.0000022319566120
        0.0000019573605549,      -0.0020001050095571,      -0.0000000272152428,      -0.0020001050095571,       0.0000019418401752,       0.0000000119416372,      -0.0000000272152428,       0.0000000119416372,      -0.0000022688968194
        0.0000019742701258,      -0.0020001195946550,      -0.0000000262730219,      -0.0020001195946550,       0.0000019621083173,       0.0000000097765527,      -0.0000000262730219,       0.0000000097765527,      -0.0000023151834974
        0.0000019928267413,      -0.0020001266630077,      -0.0000000264439829,      -0.0020001266630077,       0.0000019866787528,       0.0000000003926158,      -0.0000000264439829,       0.0000000003926158,      -0.0000023644762256
        0.0000020080889901,      -0.0020000744891302,      -0.0000000270832363,      -0.0020000744891302,       0.0000020148133960,      -0.0000000031000166,      -0.0000000270832363,      -0.0000000031000166,      -0.0000024164793733
        0.0000020242646821,      -0.0020000694068131,      -0.0000000307803145,      -0.0020000694068131,       0.0000020423270154,      -0.0000000052870251,      -0.0000000307803145,      -0.0000000052870251,      -0.0000024708204641
        0.0000020430159716,      -0.0020000584586338,      -0.0000000238081013,      -0.0020000584586338,       0.0000020667853822,      -0.0000000084111512,      -0.0000000238081013,      -0.0000000084111512,      -0.0000025171595552
        0.0000020618664147,      -0.0020000437652610,      -0.0000000334227221,      -0.0020000437652610,       0.0000020824826780,      -0.0000000163788469,      -0.0000000334227221,      -0.0000000163788469,      -0.0000025596079201
        0.0000020808805001,      -0.0020000214014882,      -0.0000000147802075,      -0.0020000214014882,       0.0000020934850669,      -0.0000000091750509,      -0.0000000147802075,      -0.0000000091750509,      -0.0000025850267601
        0.0000020900121208,      -0.0020000025965192,      -0.0000000265345593,      -0.0020000025965192,       0.0000020900121215,      -0.0000000265345595,      -0.0000000265345593,      -0.0000000265345595,      -0.0000025956762552
        0.0000021000411010,      -0.0019999665232745,      -0.0000000027818534,      -0.0019999665232745,       0.0000020875000751,      -0.0000000099051290,      -0.0000000027818534,      -0.0000000099051290,      -0.0000025931047983
        0.0000020787775191,      -0.0019999587029202,      -0.0000000043724418,      -0.0019999587029202,       0.0000020663625180,      -0.0000000127772776,      -0.0000000043724418,      -0.0000000127772776,      -0.0000025489603331
        0.0000020709260602,      -0.0019999305063076,      -0.0000000114302641,      -0.0019999305063076,       0.0000020439457256,      -0.0000000377748732,      -0.0000000114302641,      -0.0000000377748732,      -0.0000025217178564
        0.0000020499082883,      -0.0019998678273159,       0.0000002878394279,      -0.0019998678273159,       0.0000020544476284,       0.0000000776548460,       0.0000002878394279,       0.0000000776548460,      -0.0000024793530147
        0.0000019998237147,      -0.0019998335109820,       0.0000004845508959,      -0.0019998335109820,       0.0000020004646659,       0.0000000042564497,       0.0000004845508959,       0.0000000042564497,      -0.0000023902062533
        0.0000019497527151,      -0.0019998682969217,       0.0000002881498801,      -0.0019998682969217,       0.0000019459985034,      -0.0000000740447514,       0.0000002881498801,      -0.0000000740447514,      -0.0000023010932293
        0.0000019287775415,      -0.0019999311218236,      -0.0000000114509043,      -0.0019999311218236,       0.0000019561908516,       0.0000000370138532,      -0.0000000114509043,       0.0000000370138532,      -0.0000022587777301
        0.0000019210235351,      -0.0019999596236150,      -0.0000000044320034,      -0.0019999596236150,       0.0000019339286514,       0.0000000131367967,      -0.0000000044320034,       0.0000000131367967,      -0.0000022315720835
        0.0000018998960837,      -0.0019999676675319,      -0.0000000028010672,      -0.0019999676675319,       0.0000019126155272,       0.0000000099891857,      -0.0000000028010672,       0.0000000099891857,      -0.0000021875592361
        0.0000019099987341,      -0.0020000037969796,      -0.0000000264584875,      -0.0020000037969796,       0.0000019099987344,       0.0000000264584874,      -0.0000000264584875,       0.0000000264584874,      -0.0000021849632666
        0.0000019192227370,      -0.0020000226098492,      -0.0000000149213578,      -0.0020000226098492,       0.0000019064481913,       0.0000000092137238,      -0.0000000149213578,       0.0000000092137238,      -0.0000021956517047
        0.0000019383262804,      -0.0020000448286483,      -0.0000000333052119,      -0.0020000448286483,       0.0000019173472398,       0.0000000161837782,      -0.0000000333052119,       0.0000000161837782,      -0.0000022211191522
        0.0000019572018265,      -0.0020000592888520,      -0.0000000239366009,      -0.0020000592888520,       0.0000019330120007,       0.0000000082949483,      -0.0000000239366009,       0.0000000082949483,      -0.0000022635562917
        0.0000019760072422,      -0.0020000699367184,      -0.0000000306936356,      -0.0020000699367184,       0.0000019574217849,       0.0000000050633275,      -0.0000000306936356,       0.0000000050633275,      -0.0000023099368226
        0.0000019921883658,      -0.0020000746640985,      -0.0000000271760934,      -0.0020000746640985,       0.0000019849318738,       0.0000000028991072,      -0.0000000271760934,       0.0000000028991072,      -0.0000023642769962
        0.0000020092143270,      -0.0020000217940452,      -0.0000000292207946,      -0.0020000217940452,       0.0000020144022966,      -0.0000000067372168,      -0.0000000292207946,      -0.0000000067372168,      -0.0000024189216522
        0.0000020199317451,      -0.0020000179143318,      -0.0000000205941850,      -0.0020000179143318,       0.0000020447305854,       0.0000000039814308,      -0.0000000205941850,       0.0000000039814308,      -0.0000024650763510
        0.0000020401534108,      -0.0020000131158369,      -0.0000000382946119,      -0.0020000131158369,       0.0000020669408202,      -0.0000000133146560,      -0.0000000382946119,      -0.0000000133146560,      -0.0000025159106201
        0.0000020554237892,      -0.0020000005619719,      -0.0000000125760575,      -0.0020000005619719,       0.0000020874922493,       0.0000000040368504,      -0.0000000125760575,       0.0000000040368504,      -0.0000025506464706
        0.0000020721679136,      -0.0019999932535642,      -0.0000000364589749,      -0.0019999932535642,       0.0000020918966656,      -0.0000000196336682,      -0.0000000364589749,      -0.0000000196336682,      -0.0000025775614521
        0.0000020875000747,      -0.0019999665232744,      -0.0000000099051288,      -0.0019999665232744,       0.0000021000411008,      -0.0000000027818534,      -0.0000000099051288,      -0.0000000027818534,      -0.0000025931047971
        0.0000020804827879,      -0.0019999673688204,      -0.0000000056869723,      -0.0019999673688204,       0.0000020804827879,      -0.0000000056869725,      -0.0000000056869723,      -0.0000000056869725,      -0.0000025673671582
        0.0000020863225907,      -0.0019999274414491,      -0.0000000204519428,      -0.0019999274414491,       0.0000020754131376,      -0.0000000308076470,      -0.0000000204519428,      -0.0000000308076470,      -0.0000025657198894
        0.0000020576006043,      -0.0019999192976294,       0.0000000432981303,      -0.0019999192976294,       0.0000020594568381,       0.0000000237120540,       0.0000000432981303,       0.0000000237120540,      -0.0000025037355355
        0.0000020122331867,      -0.0019999773956958,      -0.0000002448584807,      -0.0019999773956958,       0.0000019827842087,      -0.0000000199419740,      -0.0000002448584807,      -0.0000000199419740,      -0.0000024083976188
        0.0000019995872076,      -0.0020000254475830,      -0.0000004575418192,      -0.0020000254475830,       0.0000019994010008,      -0.0000000036722009,      -0.0000004575418192,      -0.0000000036722009,      -0.0000023895504396
        0.0000019869727685,      -0.0019999775978804,      -0.0000002453608554,      -0.0019999775978804,       0.0000020168756598,       0.0000000170261490,      -0.0000002453608554,       0.0000000170261490,      -0.0000023710846796
        0.0000019418751684,      -0.0019999199547214,       0.0000000434023151,      -0.0019999199547214,       0.0000019406779146,      -0.0000000227614190,       0.0000000434023151,      -0.0000000227614190,      -0.0000022761218983
        0.0000019132589988,      -0.0019999282664084,      -0.0000000205518285,      -0.0019999282664084,       0.0000019243470839,       0.0000000308093823,      -0.0000000205518285,       0.0000000308093823,      -0.0000022142433049
        0.0000019194322242,      -0.0019999683966387,      -0.0000000058245535,      -0.0019999683966387,       0.0000019194322219,       0.0000000058245536,      -0.0000000058245535,       0.0000000058245536,      -0.0000022129030322
        0.0000019126155254,      -0.0019999676675319,      -0.0000000099891858,      -0.0019999676675319,       0.0000018998960818,       0.0000000028010672,      -0.0000000099891858,       0.0000000028010672,      -0.0000021875592362
        0.0000019281486653,      -0.0019999943362480,      -0.0000000364350489,      -0.0019999943362480,       0.0000019080389806,       0.0000000195182235,      -0.0000000364350489,       0.0000000195182235,      -0.0000022033162287
        0.0000019449669633,      -0.0020000015353438,      -0.0000000127339400,      -0.0020000015353438,       0.0000019125522797,      -0.0000000041183145,      -0.0000000127339400,      -0.0000000041183145,      -0.0000022304809864
        0.0000019603288814,      -0.0020000138701278,      -0.0000000381757709,      -0.0020000138701278,       0.0000019331386019,       0.0000000130738599,      -0.0000000381757709,       0.0000000130738599,      -0.0000022653992058
        0.0000019805247616,      -0.0020000183774537,      -0.0000000207271193,      -0.0020000183774537,       0.0000019554289046,      -0.0000000041688987,      -0.0000000207271193,      -0.0000000041688987,      -0.0000023163195948
        0.0000019912586994,      -0.0020000219635964,      -0.0000000291013979,      -0.0020000219635964,       0.0000019857809721,       0.0000000064946383,      -0.0000000291013979,       0.0000000064946383,      -0.0000023625373731
        0.0000020000332919,      -0.0019999727266308,      -0.0000000190627546,      -0.0019999727266308,       0.0000020154925799,       0.0000000268481795,      -0.0000000190627546,       0.0000000268481795,      -0.0000024093149593
        0.0000020232917670,      -0.0019999722795650,      -0.0000000355295002,      -0.0019999722795650,       0.0000020380801214,      -0.0000000269145305,      -0.0000000355295002,      -0.0000000269145305,      -0.0000024610100153
        0.0000020265376005,      -0.0019999673596434,      -0.0000000063945624,      -0.0019999673596434,       0.0000020643057073,       0.0000000279286508,      -0.0000000063945624,       0.0000000279286508,      -0.0000024940280092
        0.0000020489867455,      -0.0019999678374166,      -0.0000000413617670,      -0.0019999678374166,       0.0000020740191199,      -0.0000000250996586,      -0.0000000413617670,      -0.0000000250996586,      -0.0000025300790979
        0.0000020596099971,      -0.0019999520671193,      -0.0000000082641881,      -0.0019999520671193,       0.0000020917796284,       0.0000000171502370,      -0.0000000082641881,       0.0000000171502370,      -0.0000025562945761
        0.0000020663625184,      -0.0019999587029201,      -0.0000000127772773,      -0.0019999587029201,       0.0000020787775191,      -0.0000000043724417,      -0.0000000127772773,      -0.0000000043724417,      -0.0000025489603316
        0.0000020754131369,      -0.0019999274414490,      -0.0000000308076469,      -0.0019999274414490,       0.0000020863225896,      -0.0000000204519425,      -0.0000000308076469,      -0.0000000204519425,      -0.0000025657198894
        0.0000020625651044,      -0.0019999357600527,       0.0000000317925561,      -0.0019999357600527,       0.0000020625651028,       0.0000000317925563,       0.0000000317925561,       0.0000000317925563,      -0.0000025155326660
        0.0000020436164426,      -0.0019999311037505,      -0.0000000408063542,      -0.0019999311037505,       0.0000020312767782,      -0.0000000225261482,      -0.0000000408063542,      -0.0000000225261482,      -0.0000024823024949
        0.0000020512532495,      -0.0019998305667859,       0.0000002060728298,      -0.0019998305667859,       0.0000020730632229,      -0.0000000747742019,       0.0000002060728298,      -0.0000000747742019,      -0.0000024984780929
        0.0000019993763281,      -0.0019997538743588,       0.0000004436690775,      -0.0019997538743588,       0.0000020004656359,       0.0000000032471394,       0.0000004436690775,       0.0000000032471394,      -0.0000023896902777
        0.0000019477668348,      -0.0019998308613590,       0.0000002064314828,      -0.0019998308613590,       0.0000019266654114,       0.0000000777089282,       0.0000002064314828,       0.0000000777089282,      -0.0000022804328075
        0.0000019553753303,      -0.0019999315546190,      -0.0000000411959259,      -0.0019999315546190,       0.0000019678355022,       0.0000000223103947,      -0.0000000411959259,       0.0000000223103947,      -0.0000022964834156
        0.0000019370998320,      -0.0019999365094049,       0.0000000316503867,      -0.0019999365094049,       0.0000019370998301,      -0.0000000316503865,       0.0000000316503867,      -0.0000000316503865,      -0.0000022640359015
        0.0000019243470857,      -0.0019999282664084,      -0.0000000308093825,      -0.0019999282664084,       0.0000019132589991,       0.0000000205518284,      -0.0000000308093825,       0.0000000205518284,      -0.0000022142433050
        0.0000019339286521,      -0.0019999596236155,      -0.0000000131367967,      -0.0019999596236155,       0.0000019210235331,       0.0000000044320032,      -0.0000000131367967,       0.0000000044320032,      -0.0000022315720814
        0.0000019408298035,      -0.0019999529912091,      -0.0000000081757220,      -0.0019999529912091,       0.0000019082721612,      -0.0000000172725178,      -0.0000000081757220,      -0.0000000172725178,      -0.0000022248623336
        0.0000019516269927,      -0.0019999686125596,      -0.0000000414966133,      -0.0019999686125596,       0.0000019261897369,       0.0000000249850516,      -0.0000000414966133,       0.0000000249850516,      -0.0000022513980263
        0.0000019740898798,      -0.0019999679780628,      -0.0000000063915256,      -0.0019999679780628,       0.0000019361520006,      -0.0000000281133031,      -0.0000000063915256,      -0.0000000281133031,      -0.0000022878360528
        0.0000019773344920,      -0.0019999726593020,      -0.0000000354930420,      -0.0019999726593020,       0.0000019625044864,       0.0000000266953356,      -0.0000000354930420,       0.0000000266953356,      -0.0000023210115912
        0.0000020005549832,      -0.0019999728540716,      -0.0000000191071849,      -0.0019999728540716,       0.0000019851872926,      -0.0000000270658453,      -0.0000000191071849,      -0.0000000270658453,      -0.0000023728065703
        0.0000020104863793,      -0.0019999332787902,      -0.0000000193285489,      -0.0019999332787902,       0.0000020098151107,      -0.0000000478098948,      -0.0000000193285489,      -0.0000000478098948,      -0.0000024107963527
        0.0000020066722369,      -0.0019999343827713,      -0.0000000117145413,      -0.0019999343827713,       0.0000020322708948,       0.0000000491901346,      -0.0000000117145413,       0.0000000491901346,      -0.0000024379246574
