        0.0000020010851016,      -0.0020002499442843,      -0.0000000035167956,      -0.0020002499442843,       0.0000020010851016,      -0.0000000035167951,      -0.0000000035167956,      -0.0000000035167951,      -0.0000000027799099
        0.0000020040070453,      -0.0020002365842194,      -0.0000000041633086,      -0.0020002365842194,       0.0000020040313325,      -0.0000000109809404,      -0.0000000041633086,      -0.0000000109809404,      -0.0000000100356480
        0.0000020070315825,      -0.0020002103987864,      -0.0000000025150915,      -0.0020002103987864,       0.0000020055767342,      -0.0000000171047167,      -0.0000000025150915,      -0.0000000171047167,      -0.0000000161025153
        0.0000020099325061,      -0.0020001729812260,      -0.0000000049276613,      -0.0020001729812260,       0.0000020083911904,      -0.0000000228294677,      -0.0000000049276613,      -0.0000000228294677,      -0.0000000217638658
        0.0000020127722049,      -0.0020001264596701,      -0.0000000005680437,      -0.0020001264596701,       0.0000020074597055,      -0.0000000264769469,      -0.0000000005680437,      -0.0000000264769469,      -0.0000000256512353
        0.0000020148064753,      -0.0020000744691646,      -0.0000000031046433,      -0.0020000744691646,       0.0000020083780931,      -0.0000000270982087,      -0.0000000031046433,      -0.0000000270982087,      -0.0000000264848123
        0.0000020143476762,      -0.0020000217719867,      -0.0000000067421921,      -0.0020000217719867,       0.0000020095426997,      -0.0000000291957860,      -0.0000000067421921,      -0.0000000291957860,      -0.0000000289128000
        0.0000020153933167,      -0.0019999727122082,       0.0000000268497598,      -0.0019999727122082,       0.0000020003946497,      -0.0000000190675984,       0.0000000268497598,      -0.0000000190675984,      -0.0000000192888185
        0.0000020096806522,      -0.0019999332644103,      -0.0000000478167370,      -0.0019999332644103,       0.0000020108737211,      -0.0000000194193330,      -0.0000000478167370,      -0.0000000194193330,      -0.0000000207598939
        0.0000020028841320,      -0.0019999099289095,      -0.0000002388376749,      -0.0019999099289095,       0.0000020275411473,      -0.0000000341736159,      -0.0000002388376749,      -0.0000000341736159,      -0.0000000351088509
        0.0000020006106134,      -0.0019999020985707,      -0.0000003379787511,      -0.0019999020985707,       0.0000020008502264,      -0.0000000019067832,      -0.0000003379787511,      -0.0000000019067832,      -0.0000000016330908
        0.0000019982446442,      -0.0019999100276653,      -0.0000002386708095,      -0.0019999100276653,       0.0000019740438929,       0.0000000324336232,      -0.0000002386708095,       0.0000000324336232,       0.0000000320788710
        0.0000019911734971,      -0.0019999333541832,      -0.0000000476529446,      -0.0019999333541832,       0.0000019905460534,       0.0000000197584737,      -0.0000000476529446,       0.0000000197584737,       0.0000000181900538
        0.0000019850879081,      -0.0019999728683230,       0.0000000270644713,      -0.0019999728683230,       0.0000020009164688,       0.0000000191021810,       0.0000000270644713,       0.0000000191021810,       0.0000000172196174
        0.0000019857262700,      -0.0020000219856362,      -0.0000000064898708,      -0.0020000219856362,       0.0000019915872053,       0.0000000291261387,      -0.0000000064898708,       0.0000000291261387,       0.0000000274715095
        0.0000019849248861,      -0.0020000746841522,      -0.0000000028943793,      -0.0020000746841522,       0.0000019924776327,       0.0000000271608023,      -0.0000000028943793,       0.0000000271608023,       0.0000000257175498
        0.0000019867194170,      -0.0020001266833495,      -0.0000000003890959,      -0.0020001266833495,       0.0000019930779264,       0.0000000264535716,      -0.0000000003890959,       0.0000000264535716,       0.0000000255032109
        0.0000019894524746,      -0.0020001731916713,      -0.0000000048035570,      -0.0020001731916713,       0.0000019917947673,       0.0000000228440979,      -0.0000000048035570,       0.0000000228440979,       0.0000000221485946
        0.0000019923420559,      -0.0020002105581225,      -0.0000000024379553,      -0.0020002105581225,       0.0000019942777635,       0.0000000170970670,      -0.0000000024379553,       0.0000000170970670,       0.0000000168917569
        0.0000019954095252,      -0.0020002366982256,      -0.0000000041232702,      -0.0020002366982256,       0.0000019955652619,       0.0000000109725249,      -0.0000000041232702,       0.0000000109725249,       0.0000000110923077
        0.0000019983684003,      -0.0020002499755385,      -0.0000000035049915,      -0.0020002499755385,       0.0000019983684012,       0.0000000035049915,      -0.0000000035049915,       0.0000000035049915,       0.0000000039688497
        0.0000020040313321,      -0.0020002365842192,      -0.0000000109809405,      -0.0020002365842192,       0.0000020040070455,      -0.0000000041633087,      -0.0000000109809405,      -0.0000000041633087,      -0.0000000100356481
        0.0000020119175899,      -0.0020002237665209,      -0.0000000101511508,      -0.0020002237665209,       0.0000020119175903,      -0.0000000101511505,      -0.0000000101511508,      -0.0000000101511505,      -0.0000000300053399
        0.0000020208915579,      -0.0020001991286098,      -0.0000000114475774,      -0.0020001991286098,       0.0000020191645095,      -0.0000000178378313,      -0.0000000114475774,      -0.0000000178378313,      -0.0000000489381448
        0.0000020295043262,      -0.0020001632140387,      -0.0000000079500393,      -0.0020001632140387,       0.0000020224149564,      -0.0000000222656546,      -0.0000000079500393,      -0.0000000222656546,      -0.0000000642520232
        0.0000020374074919,      -0.0020001189974791,      -0.0000000099162168,      -0.0020001189974791,       0.0000020259673235,      -0.0000000262147723,      -0.0000000099162168,      -0.0000000262147723,      -0.0000000749479965
        0.0000020423218434,      -0.0020000693440060,      -0.0000000052881733,      -0.0020000693440060,       0.0000020245378578,      -0.0000000307604246,      -0.0000000052881733,      -0.0000000307604246,      -0.0000000808044232
        0.0000020446718516,      -0.0020000178570429,       0.0000000039844330,      -0.0020000178570429,       0.0000020202387045,      -0.0000000206038959,       0.0000000039844330,      -0.0000000206038959,      -0.0000000750340193
        0.0000020379742017,      -0.0019999722256269,      -0.0000000269283052,      -0.0019999722256269,       0.0000020236354816,      -0.0000000355170829,      -0.0000000269283052,      -0.0000000355170829,      -0.0000000709541284
        0.0000020321245520,      -0.0019999343459931,       0.0000000492040943,      -0.0019999343459931,       0.0000020070464192,      -0.0000000116113964,       0.0000000492040943,      -0.0000000116113964,      -0.0000000478468639
        0.0000020203559850,      -0.0019999025780676,       0.0000002528784939,      -0.0019999025780676,       0.0000019848449073,       0.0000000617698296,       0.0000002528784939,       0.0000000617698296,      -0.0000000032237002
        0.0000020005134214,      -0.0019998910978432,       0.0000003601325712,      -0.0019998910978432,       0.0000020005323538,       0.0000000022577539,       0.0000003601325712,       0.0000000022577539,      -0.0000000011200528
        0.0000019805756405,      -0.0019999027293787,       0.0000002527817156,      -0.0019999027293787,       0.0000020164574970,      -0.0000000597347297,       0.0000002527817156,      -0.0000000597347297,       0.0000000007602745
        0.0000019685928535,      -0.0019999347152917,       0.0000000494189182,      -0.0019999347152917,       0.0000019944504669,       0.0000000111821286,       0.0000000494189182,       0.0000000111821286,       0.0000000453772642
        0.0000019623982498,      -0.0019999727130800,      -0.0000000266817036,      -0.0019999727130800,       0.0000019776785593,       0.0000000355051238,      -0.0000000266817036,       0.0000000355051238,       0.0000000690444527
        0.0000019553698687,      -0.0020000184347490,       0.0000000041661073,      -0.0020000184347490,       0.0000019808321052,       0.0000000207172065,       0.0000000041661073,       0.0000000207172065,       0.0000000737228689
        0.0000019574164558,      -0.0020000699996579,      -0.0000000050622532,      -0.0020000699996579,       0.0000019762807659,       0.0000000307133177,      -0.0000000050622532,       0.0000000307133177,       0.0000000800792730
        0.0000019621532771,      -0.0020001196528455,      -0.0000000097711551,      -0.0020001196528455,       0.0000019745046625,       0.0000000262664954,      -0.0000000097711551,       0.0000000262664954,       0.0000000748123929
        0.0000019699735464,      -0.0020001638056195,      -0.0000000078381760,      -0.0020001638056195,       0.0000019777102345,       0.0000000222509065,      -0.0000000078381760,       0.0000000222509065,       0.0000000645910834
        0.0000019786080248,      -0.0020001996148725,      -0.0000000113850203,      -0.0020001996148725,       0.0000019806392673,       0.0000000178267020,      -0.0000000113850203,       0.0000000178267020,       0.0000000496419944
        0.0000019876330694,      -0.0020002240706166,      -0.0000000101199282,      -0.0020002240706166,       0.0000019876330717,       0.0000000101199282,      -0.0000000101199282,       0.0000000101199282,       0.0000000309470144
        0.0000019955652614,      -0.0020002366982258,      -0.0000000109725251,      -0.0020002366982258,       0.0000019954095262,       0.0000000041232699,      -0.0000000109725251,       0.0000000041232699,       0.0000000110923071
        0.0000020055767331,      -0.0020002103987866,      -0.0000000171047165,      -0.0020002103987866,       0.0000020070315820,      -0.0000000025150916,      -0.0000000171047165,      -0.0000000025150916,      -0.0000000161025149
        0.0000020191645090,      -0.0020001991286098,      -0.0000000178378314,      -0.0020001991286098,       0.0000020208915574,      -0.0000000114475775,      -0.0000000178378314,      -0.0000000114475775,      -0.0000000489381448
        0.0000020317807609,      -0.0020001765521400,      -0.0000000157902243,      -0.0020001765521400,       0.0000020317807604,      -0.0000000157902243,      -0.0000000157902243,      -0.0000000157902243,      -0.0000000785290947
        0.0000020461339482,      -0.0020001446822702,      -0.0000000169121124,      -0.0020001446822702,       0.0000020406279100,      -0.0000000229103161,      -0.0000000169121124,      -0.0000000229103161,      -0.0000001034547158
        0.0000020577770478,      -0.0020001040782330,      -0.0000000120958905,      -0.0020001040782330,       0.0000020428076413,      -0.0000000272665839,      -0.0000000120958905,      -0.0000000272665839,      -0.0000001212836021
        0.0000020667807423,      -0.0020000583610837,      -0.0000000084088312,      -0.0020000583610837,       0.0000020432495393,      -0.0000000238079148,      -0.0000000084088312,      -0.0000000238079148,      -0.0000001270938859
        0.0000020668774864,      -0.0020000130189080,      -0.0000000133197327,      -0.0020000130189080,       0.0000020404250859,      -0.0000000382701382,      -0.0000000133197327,      -0.0000000382701382,      -0.0000001258157985
        0.0000020641834207,      -0.0019999672804756,       0.0000000279546155,      -0.0019999672804756,       0.0000020268339433,      -0.0000000063631807,       0.0000000279546155,      -0.0000000063631807,      -0.0000001038862409
        0.0000020442571979,      -0.0019999333486218,      -0.0000000337292402,      -0.0019999333486218,       0.0000020270859021,      -0.0000000225239902,      -0.0000000337292402,      -0.0000000225239902,      -0.0000000782652101
        0.0000020210476059,      -0.0019999238765652,      -0.0000002512204468,      -0.0019999238765652,       0.0000020273901050,      -0.0000001171487434,      -0.0000002512204468,      -0.0000001171487434,      -0.0000000621713650
        0.0000020003233738,      -0.0019999212549184,      -0.0000003711023725,      -0.0019999212549184,       0.0000020010951819,      -0.0000000028535269,      -0.0000003711023725,      -0.0000000028535269,      -0.0000000015809727
        0.0000019795503773,      -0.0019999241511298,      -0.0000002508847451,      -0.0019999241511298,       0.0000019744106446,       0.0000001146582819,      -0.0000002508847451,       0.0000001146582819,       0.0000000596055939
        0.0000019561435081,      -0.0019999338653511,      -0.0000000336725505,      -0.0019999338653511,       0.0000019742465343,       0.0000000231916381,      -0.0000000336725505,       0.0000000231916381,       0.0000000764325430
        0.0000019360291368,      -0.0019999680570715,       0.0000000280873570,      -0.0019999680570715,       0.0000019743865416,       0.0000000064231858,       0.0000000280873570,       0.0000000064231858,       0.0000001023062716
        0.0000019330748132,      -0.0020000139671128,      -0.0000000130689456,      -0.0020000139671128,       0.0000019606009574,       0.0000000382000883,      -0.0000000130689456,       0.0000000382000883,       0.0000001246960153
        0.0000019330070569,      -0.0020000593865875,      -0.0000000082971256,      -0.0020000593865875,       0.0000019574358164,       0.0000000239365734,      -0.0000000082971256,       0.0000000239365734,       0.0000001265096236
        0.0000019418953563,      -0.0020001051043486,      -0.0000000119463059,      -0.0020001051043486,       0.0000019575636547,       0.0000000272290430,      -0.0000000119463059,       0.0000000272290430,       0.0000001211325535
        0.0000019535396388,      -0.0020001456194282,      -0.0000000168497122,      -0.0020001456194282,       0.0000019594004617,       0.0000000229220043,      -0.0000000168497122,       0.0000000229220043,       0.0000001037015980
        0.0000019679407105,      -0.0020001772883697,      -0.0000000157433719,      -0.0020001772883697,       0.0000019679407107,       0.0000000157433723,      -0.0000000157433719,       0.0000000157433723,       0.0000000790530846
        0.0000019806392645,      -0.0020001996148727,      -0.0000000178267021,      -0.0020001996148727,       0.0000019786080243,       0.0000000113850204,      -0.0000000178267021,       0.0000000113850204,       0.0000000496419933
        0.0000019942777648,      -0.0020002105581222,      -0.0000000170970672,      -0.0020002105581222,       0.0000019923420579,       0.0000000024379557,      -0.0000000170970672,       0.0000000024379557,       0.0000000168917578
        0.0000020083911904,      -0.0020001729812263,      -0.0000000228294679,      -0.0020001729812263,       0.0000020099325057,      -0.0000000049276612,      -0.0000000228294679,      -0.0000000049276612,      -0.0000000217638658
        0.0000020224149568,      -0.0020001632140387,      -0.0000000222656547,      -0.0020001632140387,       0.0000020295043259,      -0.0000000079500394,      -0.0000000222656547,      -0.0000000079500394,      -0.0000000642520223
        0.0000020406279106,      -0.0020001446822702,      -0.0000000229103159,      -0.0020001446822702,       0.0000020461339479,      -0.0000000169121124,      -0.0000000229103159,      -0.0000000169121124,      -0.0000001034547152
        0.0000020566647299,      -0.0020001168409729,      -0.0000000205255711,      -0.0020001168409729,       0.0000020566647292,      -0.0000000205255711,      -0.0000000205255711,      -0.0000000205255711,      -0.0000001365317135
        0.0000020733301008,      -0.0020000824203454,      -0.0000000172124327,      -0.0020000824203454,       0.0000020635462483,      -0.0000000229229640,      -0.0000000172124327,      -0.0000000229229640,      -0.0000001582653771
        0.0000020824831369,      -0.0020000436343925,      -0.0000000163720102,      -0.0020000436343925,       0.0000020620467039,      -0.0000000334014622,      -0.0000000163720102,      -0.0000000334014622,      -0.0000001694772475
        0.0000020874172847,      -0.0020000004399581,       0.0000000040636786,      -0.0020000004399581,       0.0000020556247939,      -0.0000000125450466,       0.0000000040636786,      -0.0000000125450466,      -0.0000001604480981
        0.0000020738765458,      -0.0019999677306461,      -0.0000000251171635,      -0.0019999677306461,       0.0000020492153305,      -0.0000000413493178,      -0.0000000251171635,      -0.0000000413493178,      -0.0000001398406344
        0.0000020633814967,      -0.0019999336974623,       0.0000000321002505,      -0.0019999336974623,       0.0000020292747596,      -0.0000000189196958,       0.0000000321002505,      -0.0000000189196958,      -0.0000001067057028
        0.0000020385260502,      -0.0019998917982268,       0.0000002829161993,      -0.0019998917982268,       0.0000020131578783,       0.0000001183915951,       0.0000002829161993,       0.0000001183915951,      -0.0000000438443074
        0.0000020000629615,      -0.0019998761938272,       0.0000004272595573,      -0.0019998761938272,       0.0000020003667022,       0.0000000036856179,       0.0000004272595573,       0.0000000036856179,      -0.0000000002438571
        0.0000019615692257,      -0.0019998922276389,       0.0000002827280134,      -0.0019998922276389,       0.0000019878697401,      -0.0000001151197506,       0.0000002827280134,      -0.0000001151197506,       0.0000000428219850
        0.0000019366885577,      -0.0019999344363860,       0.0000000323007112,      -0.0019999344363860,       0.0000019720019986,       0.0000000182333337,       0.0000000323007112,       0.0000000182333337,       0.0000001052994515
        0.0000019260464292,      -0.0019999687192362,      -0.0000000249673567,      -0.0019999687192362,       0.0000019518558518,       0.0000000415085430,      -0.0000000249673567,       0.0000000415085430,       0.0000001388412294
        0.0000019124766277,      -0.0020000016574218,       0.0000000040915676,      -0.0020000016574218,       0.0000019451681914,       0.0000000127650733,       0.0000000040915676,       0.0000000127650733,       0.0000001597182917
        0.0000019173473164,      -0.0020000449597826,      -0.0000000161907189,      -0.0020000449597826,       0.0000019385067921,       0.0000000333264638,      -0.0000000161907189,       0.0000000333264638,       0.0000001690121548
        0.0000019265314956,      -0.0020000837348609,      -0.0000000171999710,      -0.0020000837348609,       0.0000019366752636,       0.0000000230042323,      -0.0000000171999710,       0.0000000230042323,       0.0000001581257051
        0.0000019432589928,      -0.0020001180127859,      -0.0000000204522020,      -0.0020001180127859,       0.0000019432589926,       0.0000000204522022,      -0.0000000204522020,       0.0000000204522022,       0.0000001366006863
        0.0000019594004602,      -0.0020001456194286,      -0.0000000229220041,      -0.0020001456194286,       0.0000019535396375,       0.0000000168497121,      -0.0000000229220041,       0.0000000168497121,       0.0000001037015975
        0.0000019777102350,      -0.0020001638056191,      -0.0000000222509065,      -0.0020001638056191,       0.0000019699735477,       0.0000000078381759,      -0.0000000222509065,       0.0000000078381759,       0.0000000645910843
        0.0000019917947682,      -0.0020001731916708,      -0.0000000228440980,      -0.0020001731916708,       0.0000019894524762,       0.0000000048035571,      -0.0000000228440980,       0.0000000048035571,       0.0000000221485946
        0.0000020074597052,      -0.0020001264596701,      -0.0000000264769471,      -0.0020001264596701,       0.0000020127722038,      -0.0000000005680436,      -0.0000000264769471,      -0.0000000005680436,      -0.0000000256512357
        0.0000020259673235,      -0.0020001189974791,      -0.0000000262147723,      -0.0020001189974791,       0.0000020374074913,      -0.0000000099162165,      -0.0000000262147723,      -0.0000000099162165,      -0.0000000749479965
        0.0000020428076410,      -0.0020001040782327,      -0.0000000272665839,      -0.0020001040782327,       0.0000020577770480,      -0.0000000120958902,      -0.0000000272665839,      -0.0000000120958902,      -0.0000001212836021
        0.0000020635462490,      -0.0020000824203455,      -0.0000000229229641,      -0.0020000824203455,       0.0000020733301019,      -0.0000000172124326,      -0.0000000229229641,      -0.0000000172124326,      -0.0000001582653771
        0.0000020794441786,      -0.0020000550092449,      -0.0000000251023622,      -0.0020000550092449,       0.0000020794441786,      -0.0000000251023622,      -0.0000000251023622,      -0.0000000251023622,      -0.0000001861244631
        0.0000020934850873,      -0.0020000212534135,      -0.0000000091453958,      -0.0020000212534135,       0.0000020809773611,      -0.0000000147473363,      -0.0000000091453958,      -0.0000000147473363,      -0.0000001947942226
        0.0000020918125067,      -0.0019999931101198,      -0.0000000196345764,      -0.0019999931101198,       0.0000020722856575,      -0.0000000364409945,      -0.0000000196345764,      -0.0000000364409945,      -0.0000001872584026
        0.0000020916141564,      -0.0019999519417959,       0.0000000172028689,      -0.0019999519417959,       0.0000020597428688,      -0.0000000081891755,       0.0000000172028689,      -0.0000000081891755,      -0.0000001659012968
        0.0000020598747874,      -0.0019999322070090,      -0.0000000000150591,      -0.0019999322070090,       0.0000020455714552,      -0.0000000010975845,      -0.0000000000150591,      -0.0000000010975845,      -0.0000001107692969
        0.0000020253633699,      -0.0019999491240865,      -0.0000002692322475,      -0.0019999491240865,       0.0000020103867149,      -0.0000001292479811,      -0.0000002692322475,      -0.0000001292479811,      -0.0000000580854808
        0.0000019997690701,      -0.0019999593261133,      -0.0000004367043213,      -0.0019999593261133,       0.0000020006717024,      -0.0000000041264043,      -0.0000004367043213,      -0.0000000041264043,      -0.0000000006059093
        0.0000019741963110,      -0.0019999494310836,      -0.0000002691054277,      -0.0019999494310836,       0.0000019907911462,       0.0000001258636431,      -0.0000002691054277,       0.0000001258636431,       0.0000000573854180
        0.0000019396995837,      -0.0019999330178175,      -0.0000000000834232,      -0.0019999330178175,       0.0000019553210855,       0.0000000022990600,      -0.0000000000834232,       0.0000000022990600,       0.0000001105371817
        0.0000019081057772,      -0.0019999531165110,       0.0000000172195969,      -0.0019999531165110,       0.0000019409625469,       0.0000000082514416,       0.0000000172195969,       0.0000000082514416,       0.0000001655324212
        0.0000019079540702,      -0.0019999944798686,      -0.0000000195172533,      -0.0019999944798686,       0.0000019282663237,       0.0000000364528087,      -0.0000000195172533,       0.0000000364528087,       0.0000001869881011
        0.0000019064477014,      -0.0020000227581366,      -0.0000000092433535,      -0.0020000227581366,       0.0000019193194715,       0.0000000149542617,      -0.0000000092433535,       0.0000000149542617,       0.0000001945819889
        0.0000019206314786,      -0.0020000564814498,      -0.0000000249959903,      -0.0020000564814498,       0.0000019206314796,       0.0000000249959903,      -0.0000000249959903,       0.0000000249959903,       0.0000001859139060
        0.0000019366752627,      -0.0020000837348613,      -0.0000000230042322,      -0.0020000837348613,       0.0000019265314947,       0.0000000171999710,      -0.0000000230042322,       0.0000000171999710,       0.0000001581257031
        0.0000019575636532,      -0.0020001051043485,      -0.0000000272290432,      -0.0020001051043485,       0.0000019418953557,       0.0000000119463059,      -0.0000000272290432,       0.0000000119463059,       0.0000001211325540
        0.0000019745046633,      -0.0020001196528450,      -0.0000000262664951,      -0.0020001196528450,       0.0000019621532772,       0.0000000097711550,      -0.0000000262664951,       0.0000000097711550,       0.0000000748123934
        0.0000019930779266,      -0.0020001266833498,      -0.0000000264535717,      -0.0020001266833498,       0.0000019867194182,       0.0000000003890956,      -0.0000000264535717,       0.0000000003890956,       0.0000000255032122
        0.0000020083780931,      -0.0020000744691646,      -0.0000000270982085,      -0.0020000744691646,       0.0000020148064758,      -0.0000000031046433,      -0.0000000270982085,      -0.0000000031046433,      -0.0000000264848130
        0.0000020245378582,      -0.0020000693440058,      -0.0000000307604246,      -0.0020000693440058,       0.0000020423218445,      -0.0000000052881733,      -0.0000000307604246,      -0.0000000052881733,      -0.0000000808044235
        0.0000020432495389,      -0.0020000583610838,      -0.0000000238079150,      -0.0020000583610838,       0.0000020667807428,      -0.0000000084088314,      -0.0000000238079150,      -0.0000000084088314,      -0.0000001270938864
        0.0000020620467026,      -0.0020000436343924,      -0.0000000334014622,      -0.0020000436343924,       0.0000020824831358,      -0.0000000163720105,      -0.0000000334014622,      -0.0000000163720105,      -0.0000001694772488
        0.0000020809773613,      -0.0020000212534136,      -0.0000000147473361,      -0.0020000212534136,       0.0000020934850871,      -0.0000000091453956,      -0.0000000147473361,      -0.0000000091453956,      -0.0000001947942239
        0.0000020900185232,      -0.0020000024391761,      -0.0000000265221833,      -0.0020000024391761,       0.0000020900185241,      -0.0000000265221829,      -0.0000000265221833,      -0.0000000265221829,      -0.0000002053479697
        0.0000020999454483,      -0.0019999663707802,      -0.0000000027178343,      -0.0019999663707802,       0.0000020875087874,      -0.0000000098318646,      -0.0000000027178343,      -0.0000000098318646,      -0.0000002026511085
        0.0000020785751809,      -0.0019999585829787,      -0.0000000043647826,      -0.0019999585829787,       0.0000020663633248,      -0.0000000127408029,      -0.0000000043647826,      -0.0000000127408029,      -0.0000001584000690
        0.0000020706575099,      -0.0019999304054688,      -0.0000000114124701,      -0.0019999304054688,       0.0000020439778791,      -0.0000000377455428,      -0.0000000114124701,      -0.0000000377455428,      -0.0000001310972702
        0.0000020495754137,      -0.0019998677669095,       0.0000002879635111,      -0.0019998677669095,       0.0000020543856457,       0.0000000779774042,       0.0000002879635111,       0.0000000779774042,      -0.0000000885546007
        0.0000019994663915,      -0.0019998335107484,       0.0000004845506959,      -0.0019998335107484,       0.0000020002815714,       0.0000000047817333,       0.0000004845506959,       0.0000000047817333,       0.0000000007314295
        0.0000019494192902,      -0.0019998683573434,       0.0000002880247355,      -0.0019998683573434,       0.0000019459365310,      -0.0000000737197532,       0.0000002880247355,      -0.0000000737197532,       0.0000000897060334
        0.0000019285083125,      -0.0019999312228215,      -0.0000000114690450,      -0.0019999312228215,       0.0000019562227679,       0.0000000370432339,      -0.0000000114690450,       0.0000000370432339,       0.0000001318440459
        0.0000019208201271,      -0.0019999597434761,      -0.0000000044392902,      -0.0019999597434761,       0.0000019339289523,       0.0000000131728607,      -0.0000000044392902,       0.0000000131728607,       0.0000001589900338
        0.0000018997995540,      -0.0019999678201399,      -0.0000000028653615,      -0.0019999678201399,       0.0000019126237111,       0.0000000100629046,      -0.0000000028653615,       0.0000000100629046,       0.0000002028963582
        0.0000019100046404,      -0.0020000039546135,      -0.0000000264707840,      -0.0020000039546135,       0.0000019100046389,       0.0000000264707839,      -0.0000000264707840,       0.0000000264707839,       0.0000002053664993
        0.0000019193194700,      -0.0020000227581368,      -0.0000000149542615,      -0.0020000227581368,       0.0000019064477003,       0.0000000092433534,      -0.0000000149542615,       0.0000000092433534,       0.0000001945819877
        0.0000019385067931,      -0.0020000449597825,      -0.0000000333264636,      -0.0020000449597825,       0.0000019173473169,       0.0000000161907192,      -0.0000000333264636,       0.0000000161907192,       0.0000001690121550
        0.0000019574358181,      -0.0020000593865872,      -0.0000000239365737,      -0.0020000593865872,       0.0000019330070582,       0.0000000082971262,      -0.0000000239365737,       0.0000000082971262,       0.0000001265096253
        0.0000019762807653,      -0.0020000699996581,      -0.0000000307133180,      -0.0020000699996581,       0.0000019574164560,       0.0000000050622532,      -0.0000000307133180,       0.0000000050622532,       0.0000000800792743
        0.0000019924776310,      -0.0020000746841524,      -0.0000000271608023,      -0.0020000746841524,       0.0000019849248862,       0.0000000028943790,      -0.0000000271608023,       0.0000000028943790,       0.0000000257175498
        0.0000020095426999,      -0.0020000217719864,      -0.0000000291957859,      -0.0020000217719864,       0.0000020143476767,      -0.0000000067421920,      -0.0000000291957859,      -0.0000000067421920,      -0.0000000289128010
        0.0000020202387041,      -0.0020000178570431,      -0.0000000206038960,      -0.0020000178570431,       0.0000020446718509,       0.0000000039844327,      -0.0000000206038960,       0.0000000039844327,      -0.0000000750340197
        0.0000020404250861,      -0.0020000130189082,      -0.0000000382701383,      -0.0020000130189082,       0.0000020668774862,      -0.0000000133197327,      -0.0000000382701383,      -0.0000000133197327,      -0.0000001258157982
        0.0000020556247937,      -0.0020000004399581,      -0.0000000125450465,      -0.0020000004399581,       0.0000020874172845,       0.0000000040636788,      -0.0000000125450465,       0.0000000040636788,      -0.0000001604480985
        0.0000020722856582,      -0.0019999931101197,      -0.0000000364409944,      -0.0019999931101197,       0.0000020918125064,      -0.0000000196345765,      -0.0000000364409944,      -0.0000000196345765,      -0.0000001872584025
        0.0000020875087867,      -0.0019999663707803,      -0.0000000098318648,      -0.0019999663707803,       0.0000020999454479,      -0.0000000027178344,      -0.0000000098318648,      -0.0000000027178344,      -0.0000002026511083
        0.0000020803659677,      -0.0019999672346418,      -0.0000000056645904,      -0.0019999672346418,       0.0000020803659673,      -0.0000000056645904,      -0.0000000056645904,      -0.0000000056645904,      -0.0000001767709378
        0.0000020861100364,      -0.0019999273092783,      -0.0000000203987328,      -0.0019999273092783,       0.0000020753029576,      -0.0000000307458363,      -0.0000000203987328,      -0.0000000307458363,      -0.0000001750019932
        0.0000020572733318,      -0.0019999192155282,       0.0000000433580012,      -0.0019999192155282,       0.0000020593122075,       0.0000000238647263,       0.0000000433580012,       0.0000000238647263,      -0.0000001128781821
        0.0000020118540998,      -0.0019999773749056,      -0.0000002449147906,      -0.0019999773749056,       0.0000019826750524,      -0.0000000202010543,      -0.0000002449147906,      -0.0000000202010543,      -0.0000000175493351
        0.0000019991924952,      -0.0020000254476221,      -0.0000004575408560,      -0.0020000254476221,       0.0000019993719594,      -0.0000000042902341,      -0.0000004575408560,      -0.0000000042902341,       0.0000000012228638
        0.0000019865931637,      -0.0019999776183580,      -0.0000002453026159,      -0.0019999776183580,       0.0000020167656682,       0.0000000167655492,      -0.0000002453026159,       0.0000000167655492,       0.0000000197648496
        0.0000019415468280,      -0.0019999200365975,       0.0000000433425140,      -0.0019999200365975,       0.0000019405326538,      -0.0000000226081349,       0.0000000433425140,      -0.0000000226081349,       0.0000001147373385
        0.0000019130456510,      -0.0019999283989364,      -0.0000000206050241,      -0.0019999283989364,       0.0000019242363297,       0.0000000308712761,      -0.0000000206050241,       0.0000000308712761,       0.0000001764763137
        0.0000019193144957,      -0.0019999685308767,      -0.0000000058466556,      -0.0019999685308767,       0.0000019193144949,       0.0000000058466555,      -0.0000000058466556,       0.0000000058466555,       0.0000001776953088
        0.0000019126237106,      -0.0019999678201400,      -0.0000000100629047,      -0.0019999678201400,       0.0000018997995535,       0.0000000028653613,      -0.0000000100629047,       0.0000000028653613,       0.0000002028963570
        0.0000019282663243,      -0.0019999944798686,      -0.0000000364528085,      -0.0019999944798686,       0.0000019079540710,       0.0000000195172533,      -0.0000000364528085,       0.0000000195172533,       0.0000001869881013
        0.0000019451681920,      -0.0020000016574214,      -0.0000000127650730,      -0.0020000016574214,       0.0000019124766285,      -0.0000000040915676,      -0.0000000127650730,      -0.0000000040915676,       0.0000001597182917
        0.0000019606009600,      -0.0020000139671129,      -0.0000000382000885,      -0.0020000139671129,       0.0000019330748146,       0.0000000130689453,      -0.0000000382000885,       0.0000000130689453,       0.0000001246960164
        0.0000019808321051,      -0.0020000184347493,      -0.0000000207172069,      -0.0020000184347493,       0.0000019553698697,      -0.0000000041661072,      -0.0000000207172069,      -0.0000000041661072,       0.0000000737228714
        0.0000019915872050,      -0.0020000219856362,      -0.0000000291261386,      -0.0020000219856362,       0.0000019857262700,       0.0000000064898713,      -0.0000000291261386,       0.0000000064898713,       0.0000000274715100
        0.0000020003946495,      -0.0019999727122083,      -0.0000000190675986,      -0.0019999727122083,       0.0000020153933156,       0.0000000268497594,      -0.0000000190675986,       0.0000000268497594,      -0.0000000192888184
        0.0000020236354823,      -0.0019999722256271,      -0.0000000355170829,      -0.0019999722256271,       0.0000020379742015,      -0.0000000269283054,      -0.0000000355170829,      -0.0000000269283054,      -0.0000000709541275
        0.0000020268339436,      -0.0019999672804760,      -0.0000000063631806,      -0.0019999672804760,       0.0000020641834203,       0.0000000279546156,      -0.0000000063631806,       0.0000000279546156,      -0.0000001038862407
        0.0000020492153310,      -0.0019999677306460,      -0.0000000413493180,      -0.0019999677306460,       0.0000020738765447,      -0.0000000251171635,      -0.0000000413493180,      -0.0000000251171635,      -0.0000001398406345
        0.0000020597428693,      -0.0019999519417959,      -0.0000000081891753,      -0.0019999519417959,       0.0000020916141564,       0.0000000172028688,      -0.0000000081891753,       0.0000000172028688,      -0.0000001659012952
        0.0000020663633257,      -0.0019999585829786,      -0.0000000127408030,      -0.0019999585829786,       0.0000020785751809,      -0.0000000043647826,      -0.0000000127408030,      -0.0000000043647826,      -0.0000001584000677
        0.0000020753029574,      -0.0019999273092783,      -0.0000000307458363,      -0.0019999273092783,       0.0000020861100357,      -0.0000000203987327,      -0.0000000307458363,      -0.0000000203987327,      -0.0000001750019931
        0.0000020623063299,      -0.0019999356681165,       0.0000000318745633,      -0.0019999356681165,       0.0000020623063290,       0.0000000318745634,       0.0000000318745633,       0.0000000318745634,      -0.0000001246326659
        0.0000020432674912,      -0.0019999310310739,      -0.0000000408057875,      -0.0019999310310739,       0.0000020310061951,      -0.0000000225643902,      -0.0000000408057875,      -0.0000000225643902,      -0.0000000912861308
        0.0000020508362891,      -0.0019998304925102,       0.0000002061197732,      -0.0019998304925102,       0.0000020728037902,      -0.0000000743645656,       0.0000002061197732,      -0.0000000743645656,      -0.0000001073614779
        0.0000019989207246,      -0.0019997538747242,       0.0000004436680563,      -0.0019997538747242,       0.0000020001799549,       0.0000000041046290,       0.0000004436680563,       0.0000000041046290,       0.0000000015209539
        0.0000019473496070,      -0.0019998309364236,       0.0000002063830041,      -0.0019998309364236,       0.0000019264064625,       0.0000000781185572,       0.0000002063830041,       0.0000000781185572,       0.0000001106838130
        0.0000019550258032,      -0.0019999316278724,      -0.0000000411956807,      -0.0019999316278724,       0.0000019675643055,       0.0000000222711865,      -0.0000000411956807,       0.0000000222711865,       0.0000000945342219
        0.0000019368400077,      -0.0019999366011416,       0.0000000315679508,      -0.0019999366011416,       0.0000019368400067,      -0.0000000315679507,       0.0000000315679508,      -0.0000000315679507,       0.0000001268663803
        0.0000019242363304,      -0.0019999283989361,      -0.0000000308712763,      -0.0019999283989361,       0.0000019130456491,       0.0000000206050239,      -0.0000000308712763,       0.0000000206050239,       0.0000001764763130
        0.0000019339289515,      -0.0019999597434762,      -0.0000000131728606,      -0.0019999597434762,       0.0000019208201270,       0.0000000044392901,      -0.0000000131728606,       0.0000000044392901,       0.0000001589900338
        0.0000019409625477,      -0.0019999531165112,      -0.0000000082514415,      -0.0019999531165112,       0.0000019081057754,      -0.0000000172195970,      -0.0000000082514415,      -0.0000000172195970,       0.0000001655324197
        0.0000019518558514,      -0.0019999687192363,      -0.0000000415085431,      -0.0019999687192363,       0.0000019260464275,       0.0000000249673562,      -0.0000000415085431,       0.0000000249673562,       0.0000001388412290
        0.0000019743865444,      -0.0019999680570714,      -0.0000000064231857,      -0.0019999680570714,       0.0000019360291366,      -0.0000000280873575,      -0.0000000064231857,      -0.0000000280873575,       0.0000001023062718
        0.0000019776785567,      -0.0019999727130800,      -0.0000000355051239,      -0.0019999727130800,       0.0000019623982488,       0.0000000266817033,      -0.0000000355051239,       0.0000000266817033,       0.0000000690444525
        0.0000020009164715,      -0.0019999728683227,      -0.0000000191021809,      -0.0019999728683227,       0.0000019850879088,      -0.0000000270644717,      -0.0000000191021809,      -0.0000000270644717,       0.0000000172196198
        0.0000020108737215,      -0.0019999332644108,      -0.0000000194193332,      -0.0019999332644108,       0.0000020096806520,      -0.0000000478167370,      -0.0000000194193332,      -0.0000000478167370,      -0.0000000207598941
        0.0000020070464192,      -0.0019999343459931,      -0.0000000116113964,      -0.0019999343459931,       0.0000020321245513,       0.0000000492040944,      -0.0000000116113964,       0.0000000492040944,      -0.0000000478468635
