        0.0000001919358990,       0.0000099837652579,       0.0000000000305244,       0.0000099837652579,       0.0000001919358990,       0.0000000000305244,       0.0000000000305244,       0.0000000000305244,      -0.0000003838717980
        0.0000001917955332,       0.0000099835364473,       0.0000000000361554,       0.0000099835364473,       0.0000001917974095,       0.0000000000953148,       0.0000000000361554,       0.0000000000953148,      -0.0000003835929427
        0.0000001916699422,       0.0000099830865466,       0.0000000000217474,       0.0000099830865466,       0.0000001916963681,       0.0000000001483620,       0.0000000000217474,       0.0000000001483620,      -0.0000003833663104
        0.0000001915530915,       0.0000099824434591,       0.0000000000424834,       0.0000099824434591,       0.0000001915843871,       0.0000000001983320,       0.0000000000424834,       0.0000000001983320,      -0.0000003831374786
        0.0000001914626775,       0.0000099816434989,       0.0000000000042977,       0.0000099816434989,       0.0000001915497213,       0.0000000002293758,       0.0000000000042977,       0.0000000002293758,      -0.0000003830123988
        0.0000001914281997,       0.0000099807489463,       0.0000000000260697,       0.0000099807489463,       0.0000001915309959,       0.0000000002358117,       0.0000000000260697,       0.0000000002358117,      -0.0000003829591957
        0.0000001914086745,       0.0000099798425959,       0.0000000000573354,       0.0000099798425959,       0.0000001914863954,       0.0000000002526417,       0.0000000000573354,       0.0000000002526417,      -0.0000003828950699
        0.0000001915327212,       0.0000099789985353,      -0.0000000002341640,       0.0000099789985353,       0.0000001917504499,       0.0000000001648119,      -0.0000000002341640,       0.0000000001648119,      -0.0000003832831712
        0.0000001916011447,       0.0000099783184825,       0.0000000004141854,       0.0000099783184825,       0.0000001915853049,       0.0000000001738039,       0.0000000004141854,       0.0000000001738039,      -0.0000003831864496
        0.0000001915086796,       0.0000099779164770,       0.0000000020719870,       0.0000099779164770,       0.0000001911584802,       0.0000000002851029,       0.0000000020719870,       0.0000000002851029,      -0.0000003826671598
        0.0000001919990605,       0.0000099777825273,       0.0000000029322476,       0.0000099777825273,       0.0000001919941105,      -0.0000000000144806,       0.0000000029322476,      -0.0000000000144806,      -0.0000003839931710
        0.0000001924872529,       0.0000099779196775,       0.0000000020708345,       0.0000099779196775,       0.0000001928282735,      -0.0000000002927700,       0.0000000020708345,      -0.0000000002927700,      -0.0000003853155264
        0.0000001923910657,       0.0000099783202700,       0.0000000004141461,       0.0000099783202700,       0.0000001924010364,      -0.0000000001660534,       0.0000000004141461,      -0.0000000001660534,      -0.0000003847921021
        0.0000001924576025,       0.0000099789983001,      -0.0000000002335749,       0.0000099789983001,       0.0000001922392975,      -0.0000000001662466,      -0.0000000002335749,      -0.0000000001662466,      -0.0000003846969000
        0.0000001925798448,       0.0000099798427749,       0.0000000000574557,       0.0000099798427749,       0.0000001925067435,      -0.0000000002532288,       0.0000000000574557,      -0.0000000002532288,      -0.0000003850865883
        0.0000001925598055,       0.0000099807490762,       0.0000000000259703,       0.0000099807490762,       0.0000001924648723,      -0.0000000002348038,       0.0000000000259703,      -0.0000000002348038,      -0.0000003850246778
        0.0000001925267487,       0.0000099816429603,       0.0000000000039942,       0.0000099816429603,       0.0000001924487348,      -0.0000000002297120,       0.0000000000039942,      -0.0000000002297120,      -0.0000003849754836
        0.0000001924393956,       0.0000099824429156,       0.0000000000419269,       0.0000099824429156,       0.0000001924157752,      -0.0000000001978094,       0.0000000000419269,      -0.0000000001978094,      -0.0000003848551708
        0.0000001923263577,       0.0000099830859298,       0.0000000000212069,       0.0000099830859298,       0.0000001923048308,      -0.0000000001482767,       0.0000000000212069,      -0.0000000001482767,      -0.0000003846311886
        0.0000001922043461,       0.0000099835358895,       0.0000000000357181,       0.0000099835358895,       0.0000001922043650,      -0.0000000000950920,       0.0000000000357181,      -0.0000000000950920,      -0.0000003844087111
        0.0000001920660661,       0.0000099837651661,       0.0000000000303757,       0.0000099837651661,       0.0000001920660661,      -0.0000000000303757,       0.0000000000303757,      -0.0000000000303757,      -0.0000003841321322
        0.0000001917974095,       0.0000099835364473,       0.0000000000953148,       0.0000099835364473,       0.0000001917955332,       0.0000000000361554,       0.0000000000953148,       0.0000000000361554,      -0.0000003835929426
        0.0000001914136832,       0.0000099833179971,       0.0000000000881237,       0.0000099833179971,       0.0000001914136832,       0.0000000000881237,       0.0000000000881237,       0.0000000000881237,      -0.0000003828273664
        0.0000001910290315,       0.0000099828960796,       0.0000000000993877,       0.0000099828960796,       0.0000001910571276,       0.0000000001550282,       0.0000000000993877,       0.0000000001550282,      -0.0000003820861591
        0.0000001906991442,       0.0000099822792877,       0.0000000000687397,       0.0000099822792877,       0.0000001908070434,       0.0000000001932130,       0.0000000000687397,       0.0000000001932130,      -0.0000003815061875
        0.0000001904446393,       0.0000099815189735,       0.0000000000856936,       0.0000099815189735,       0.0000001906167255,       0.0000000002282101,       0.0000000000856936,       0.0000000002282101,      -0.0000003810613648
        0.0000001902995897,       0.0000099806647773,       0.0000000000449638,       0.0000099806647773,       0.0000001905625967,       0.0000000002664031,       0.0000000000449638,       0.0000000002664031,      -0.0000003808621864
        0.0000001903512208,       0.0000099797780632,      -0.0000000000354650,       0.0000099797780632,       0.0000001907064114,       0.0000000001796350,      -0.0000000000354650,       0.0000000001796350,      -0.0000003810576322
        0.0000001905084042,       0.0000099789919877,       0.0000000002328188,       0.0000099789919877,       0.0000001907184707,       0.0000000003087934,       0.0000000002328188,       0.0000000003087934,      -0.0000003812268749
        0.0000001909124295,       0.0000099783403999,      -0.0000000004284989,       0.0000099783403999,       0.0000001912712398,       0.0000000000943800,      -0.0000000004284989,       0.0000000000943800,      -0.0000003821836694
        0.0000001916856496,       0.0000099777929796,      -0.0000000021955945,       0.0000099777929796,       0.0000001921866420,      -0.0000000005233620,      -0.0000000021955945,      -0.0000000005233620,      -0.0000003838722916
        0.0000001919916455,       0.0000099775932309,      -0.0000000031244232,       0.0000099775932309,       0.0000001919859301,       0.0000000000153572,      -0.0000000031244232,       0.0000000000153572,      -0.0000003839775756
        0.0000001923012611,       0.0000099777910932,      -0.0000000021914255,       0.0000099777910932,       0.0000001917923223,       0.0000000005309373,      -0.0000000021914255,       0.0000000005309373,      -0.0000003840935833
        0.0000001930782499,       0.0000099783403266,      -0.0000000004271646,       0.0000099783403266,       0.0000001927166114,      -0.0000000001032304,      -0.0000000004271646,      -0.0000000001032304,      -0.0000003857948614
        0.0000001934790660,       0.0000099789937605,       0.0000000002322985,       0.0000099789937605,       0.0000001932702912,      -0.0000000003072900,       0.0000000002322985,      -0.0000000003072900,      -0.0000003867493572
        0.0000001936349874,       0.0000099797788625,      -0.0000000000352432,       0.0000099797788625,       0.0000001932845099,      -0.0000000001787528,      -0.0000000000352432,      -0.0000000001787528,      -0.0000003869194973
        0.0000001936870394,       0.0000099806645074,       0.0000000000448143,       0.0000099806645074,       0.0000001934317583,      -0.0000000002667993,       0.0000000000448143,      -0.0000000002667993,      -0.0000003871187978
        0.0000001935438191,       0.0000099815182185,       0.0000000000850785,       0.0000099815182185,       0.0000001933794445,      -0.0000000002269843,       0.0000000000850785,      -0.0000000002269843,      -0.0000003869232636
        0.0000001932926279,       0.0000099822776811,       0.0000000000681909,       0.0000099822776811,       0.0000001931908519,      -0.0000000001928920,       0.0000000000681909,      -0.0000000001928920,      -0.0000003864834799
        0.0000001929669560,       0.0000099828943785,       0.0000000000986513,       0.0000099828943785,       0.0000001929419052,      -0.0000000001543023,       0.0000000000986513,      -0.0000000001543023,      -0.0000003859088612
        0.0000001925858673,       0.0000099833167462,       0.0000000000876888,       0.0000099833167462,       0.0000001925858673,      -0.0000000000876888,       0.0000000000876888,      -0.0000000000876888,      -0.0000003851717346
        0.0000001922043650,       0.0000099835358895,       0.0000000000950920,       0.0000099835358895,       0.0000001922043461,      -0.0000000000357181,       0.0000000000950920,      -0.0000000000357181,      -0.0000003844087111
        0.0000001916963681,       0.0000099830865467,       0.0000000001483620,       0.0000099830865467,       0.0000001916699422,       0.0000000000217473,       0.0000000001483620,       0.0000000000217473,      -0.0000003833663104
        0.0000001910571276,       0.0000099828960796,       0.0000000001550282,       0.0000099828960796,       0.0000001910290315,       0.0000000000993877,       0.0000000001550282,       0.0000000000993877,      -0.0000003820861592
        0.0000001904749885,       0.0000099825101925,       0.0000000001370615,       0.0000099825101925,       0.0000001904749885,       0.0000000001370615,       0.0000000001370615,       0.0000000001370615,      -0.0000003809499771
        0.0000001899330808,       0.0000099819635990,       0.0000000001469642,       0.0000099819635990,       0.0000001900150666,       0.0000000001994172,       0.0000000001469642,       0.0000000001994172,      -0.0000003799481474
        0.0000001895265222,       0.0000099812656955,       0.0000000001045004,       0.0000099812656955,       0.0000001897460976,       0.0000000002364614,       0.0000000001045004,       0.0000000002364614,      -0.0000003792726198
        0.0000001893233104,       0.0000099804785666,       0.0000000000727633,       0.0000099804785666,       0.0000001896655737,       0.0000000002078983,       0.0000000000727633,       0.0000000002078983,      -0.0000003789888840
        0.0000001893431834,       0.0000099796976755,       0.0000000001147253,       0.0000099796976755,       0.0000001897279609,       0.0000000003315961,       0.0000000001147253,       0.0000000003315961,      -0.0000003790711443
        0.0000001896844340,       0.0000099789093895,      -0.0000000002436768,       0.0000099789093895,       0.0000001902213488,       0.0000000000544586,      -0.0000000002436768,       0.0000000000544586,      -0.0000003799057828
        0.0000001903168874,       0.0000099783229166,       0.0000000002931110,       0.0000099783229166,       0.0000001905665101,       0.0000000002028310,       0.0000000002931110,       0.0000000002028310,      -0.0000003808833975
        0.0000001908727021,       0.0000099781579083,       0.0000000021813316,       0.0000099781579083,       0.0000001907914904,       0.0000000010007151,       0.0000000021813316,       0.0000000010007151,      -0.0000003816641925
        0.0000001919978232,       0.0000099781119581,       0.0000000032196181,       0.0000099781119581,       0.0000001919986743,      -0.0000000000181879,       0.0000000032196181,      -0.0000000000181879,      -0.0000003839964976
        0.0000001931163036,       0.0000099781609282,       0.0000000021749224,       0.0000099781609282,       0.0000001931976932,      -0.0000000010105765,       0.0000000021749224,      -0.0000000010105765,      -0.0000003863139968
        0.0000001936633526,       0.0000099783259125,       0.0000000002917627,       0.0000099783259125,       0.0000001934141838,      -0.0000000001938555,       0.0000000002917627,      -0.0000000001938555,      -0.0000003870775364
        0.0000001942976233,       0.0000099789111338,      -0.0000000002425107,       0.0000099789111338,       0.0000001937637917,      -0.0000000000563743,      -0.0000000002425107,      -0.0000000000563743,      -0.0000003880614150
        0.0000001946392941,       0.0000099796991335,       0.0000000001142064,       0.0000099796991335,       0.0000001942607010,      -0.0000000003317235,       0.0000000001142064,      -0.0000000003317235,      -0.0000003888999951
        0.0000001946602671,       0.0000099804792353,       0.0000000000721476,       0.0000099804792353,       0.0000001943242559,      -0.0000000002062120,       0.0000000000721476,      -0.0000000002062120,      -0.0000003889845230
        0.0000001944600852,       0.0000099812646666,       0.0000000001040266,       0.0000099812646666,       0.0000001942463731,      -0.0000000002362073,       0.0000000001040266,      -0.0000000002362073,      -0.0000003887064583
        0.0000001940576368,       0.0000099819618778,       0.0000000001458768,       0.0000099819618778,       0.0000001939788737,      -0.0000000001981110,       0.0000000001458768,      -0.0000000001981110,      -0.0000003880365104
        0.0000001935200653,       0.0000099825080270,       0.0000000001364352,       0.0000099825080270,       0.0000001935200653,      -0.0000000001364352,       0.0000000001364352,      -0.0000000001364352,      -0.0000003870401307
        0.0000001929419052,       0.0000099828943785,       0.0000000001543023,       0.0000099828943785,       0.0000001929669560,      -0.0000000000986513,       0.0000000001543023,      -0.0000000000986513,      -0.0000003859088612
        0.0000001923048308,       0.0000099830859298,       0.0000000001482767,       0.0000099830859298,       0.0000001923263578,      -0.0000000000212069,       0.0000000001482767,      -0.0000000000212069,      -0.0000003846311886
        0.0000001915843871,       0.0000099824434591,       0.0000000001983320,       0.0000099824434591,       0.0000001915530915,       0.0000000000424834,       0.0000000001983320,       0.0000000000424834,      -0.0000003831374785
        0.0000001908070434,       0.0000099822792877,       0.0000000001932130,       0.0000099822792877,       0.0000001906991442,       0.0000000000687397,       0.0000000001932130,       0.0000000000687397,      -0.0000003815061875
        0.0000001900150667,       0.0000099819635990,       0.0000000001994172,       0.0000099819635990,       0.0000001899330808,       0.0000000001469642,       0.0000000001994172,       0.0000000001469642,      -0.0000003799481474
        0.0000001893365429,       0.0000099814866296,       0.0000000001780058,       0.0000099814866296,       0.0000001893365429,       0.0000000001780058,       0.0000000001780058,       0.0000000001780058,      -0.0000003786730857
        0.0000001888049394,       0.0000099808950564,       0.0000000001499424,       0.0000099808950564,       0.0000001889472700,       0.0000000002000800,       0.0000000001499424,       0.0000000002000800,      -0.0000003777522094
        0.0000001885226576,       0.0000099802275722,       0.0000000001415239,       0.0000099802275722,       0.0000001888194795,       0.0000000002894503,       0.0000000001415239,       0.0000000002894503,      -0.0000003773421371
        0.0000001885768676,       0.0000099794828222,      -0.0000000000352980,       0.0000099794828222,       0.0000001890355322,       0.0000000001103052,      -0.0000000000352980,       0.0000000001103052,      -0.0000003776123998
        0.0000001890486262,       0.0000099789180166,       0.0000000002181963,       0.0000099789180166,       0.0000001894086701,       0.0000000003608535,       0.0000000002181963,       0.0000000003608535,      -0.0000003784572963
        0.0000001896507912,       0.0000099783309332,      -0.0000000002798562,       0.0000099783309332,       0.0000001901441333,       0.0000000001561967,      -0.0000000002798562,       0.0000000001561967,      -0.0000003797949244
        0.0000001908506510,       0.0000099776080516,      -0.0000000024578629,       0.0000099776080516,       0.0000001912175581,      -0.0000000010081326,      -0.0000000024578629,      -0.0000000010081326,      -0.0000003820682091
        0.0000001919768154,       0.0000099773366775,      -0.0000000037067815,       0.0000099773366775,       0.0000001919773783,       0.0000000000196957,      -0.0000000037067815,       0.0000000000196957,      -0.0000003839541937
        0.0000001931110975,       0.0000099776096254,      -0.0000000024495652,       0.0000099776096254,       0.0000001927471232,       0.0000000010181214,      -0.0000000024495652,       0.0000000010181214,      -0.0000003858582208
        0.0000001943227864,       0.0000099783335855,      -0.0000000002789126,       0.0000099783335855,       0.0000001938342589,      -0.0000000001659214,      -0.0000000002789126,      -0.0000000001659214,      -0.0000003881570453
        0.0000001949246150,       0.0000099789215211,       0.0000000002163609,       0.0000099789215211,       0.0000001945709179,      -0.0000000003579623,       0.0000000002163609,      -0.0000000003579623,      -0.0000003894955328
        0.0000001953989096,       0.0000099794858028,      -0.0000000000354556,       0.0000099794858028,       0.0000001949455786,      -0.0000000001091923,      -0.0000000000354556,      -0.0000000001091923,      -0.0000003903444882
        0.0000001954572492,       0.0000099802287585,       0.0000000001409378,       0.0000099802287585,       0.0000001951658084,      -0.0000000002893491,       0.0000000001409378,      -0.0000000002893491,      -0.0000003906230577
        0.0000001951790696,       0.0000099808952463,       0.0000000001485501,       0.0000099808952463,       0.0000001950395770,      -0.0000000001982782,       0.0000000001485501,      -0.0000000001982782,      -0.0000003902186466
        0.0000001946525063,       0.0000099814852149,       0.0000000001774123,       0.0000099814852149,       0.0000001946525063,      -0.0000000001774123,       0.0000000001774123,      -0.0000000001774123,      -0.0000003893050126
        0.0000001939788737,       0.0000099819618778,       0.0000000001981110,       0.0000099819618778,       0.0000001940576368,      -0.0000000001458768,       0.0000000001981110,      -0.0000000001458768,      -0.0000003880365104
        0.0000001931908519,       0.0000099822776811,       0.0000000001928920,       0.0000099822776811,       0.0000001932926279,      -0.0000000000681909,       0.0000000001928920,      -0.0000000000681909,      -0.0000003864834798
        0.0000001924157752,       0.0000099824429156,       0.0000000001978094,       0.0000099824429156,       0.0000001924393956,      -0.0000000000419269,       0.0000000001978094,      -0.0000000000419269,      -0.0000003848551708
        0.0000001915497213,       0.0000099816434989,       0.0000000002293758,       0.0000099816434989,       0.0000001914626775,       0.0000000000042977,       0.0000000002293758,       0.0000000000042977,      -0.0000003830123988
        0.0000001906167255,       0.0000099815189735,       0.0000000002282101,       0.0000099815189735,       0.0000001904446393,       0.0000000000856936,       0.0000000002282101,       0.0000000000856936,      -0.0000003810613648
        0.0000001897460976,       0.0000099812656955,       0.0000000002364614,       0.0000099812656955,       0.0000001895265222,       0.0000000001045004,       0.0000000002364614,       0.0000000001045004,      -0.0000003792726198
        0.0000001889472700,       0.0000099808950564,       0.0000000002000800,       0.0000099808950564,       0.0000001888049394,       0.0000000001499424,       0.0000000002000800,       0.0000000001499424,      -0.0000003777522094
        0.0000001883401793,       0.0000099804245168,       0.0000000002175359,       0.0000099804245168,       0.0000001883401792,       0.0000000002175359,       0.0000000002175359,       0.0000000002175359,      -0.0000003766803585
        0.0000001880207401,       0.0000099798430474,       0.0000000000804276,       0.0000099798430474,       0.0000001882014872,       0.0000000001297419,       0.0000000000804276,       0.0000000001297419,      -0.0000003762222273
        0.0000001881423678,       0.0000099793576111,       0.0000000001705826,       0.0000099793576111,       0.0000001884269382,       0.0000000003167475,       0.0000000001705826,       0.0000000003167475,      -0.0000003765693059
        0.0000001884333702,       0.0000099786471128,      -0.0000000001495729,       0.0000099786471128,       0.0000001888941338,       0.0000000000703051,      -0.0000000001495729,       0.0000000000703051,      -0.0000003773275039
        0.0000001896269490,       0.0000099783052653,       0.0000000000007727,       0.0000099783052653,       0.0000001898431096,       0.0000000000196358,       0.0000000000007727,       0.0000000000196358,      -0.0000003794700586
        0.0000001908339217,       0.0000099785938100,       0.0000000023400774,       0.0000099785938100,       0.0000001910614865,       0.0000000011016446,       0.0000000023400774,       0.0000000011016446,      -0.0000003818954082
        0.0000001919866197,       0.0000099787666708,       0.0000000037887547,       0.0000099787666708,       0.0000001919900418,      -0.0000000000206849,       0.0000000037887547,      -0.0000000000206849,      -0.0000003839766616
        0.0000001931320926,       0.0000099785939166,       0.0000000023305496,       0.0000099785939166,       0.0000001929131448,      -0.0000000011120415,       0.0000000023305496,      -0.0000000011120415,      -0.0000003860452374
        0.0000001943295603,       0.0000099783091288,       0.0000000000002111,       0.0000099783091288,       0.0000001941225390,      -0.0000000000099509,       0.0000000000002111,      -0.0000000000099509,      -0.0000003884520992
        0.0000001955285734,       0.0000099786523408,      -0.0000000001490752,       0.0000099786523408,       0.0000001950738523,      -0.0000000000722060,      -0.0000000001490752,      -0.0000000000722060,      -0.0000003906024257
        0.0000001958261824,       0.0000099793614128,       0.0000000001690853,       0.0000099793614128,       0.0000001955473414,      -0.0000000003155966,       0.0000000001690853,      -0.0000000003155966,      -0.0000003913735238
        0.0000001959534146,       0.0000099798463938,       0.0000000000790707,       0.0000099798463938,       0.0000001957752250,      -0.0000000001278736,       0.0000000000790707,      -0.0000000001278736,      -0.0000003917286397
        0.0000001956411070,       0.0000099804255765,       0.0000000002170160,       0.0000099804255765,       0.0000001956411070,      -0.0000000002170160,       0.0000000002170160,      -0.0000000002170160,      -0.0000003912822141
        0.0000001950395770,       0.0000099808952463,       0.0000000001982782,       0.0000099808952463,       0.0000001951790695,      -0.0000000001485501,       0.0000000001982782,      -0.0000000001485501,      -0.0000003902186465
        0.0000001942463730,       0.0000099812646666,       0.0000000002362073,       0.0000099812646666,       0.0000001944600852,      -0.0000000001040266,       0.0000000002362073,      -0.0000000001040266,      -0.0000003887064582
        0.0000001933794444,       0.0000099815182185,       0.0000000002269843,       0.0000099815182185,       0.0000001935438191,      -0.0000000000850785,       0.0000000002269843,      -0.0000000000850785,      -0.0000003869232636
        0.0000001924487348,       0.0000099816429603,       0.0000000002297120,       0.0000099816429603,       0.0000001925267487,      -0.0000000000039942,       0.0000000002297120,      -0.0000000000039942,      -0.0000003849754835
        0.0000001915309959,       0.0000099807489463,       0.0000000002358117,       0.0000099807489463,       0.0000001914281997,       0.0000000000260697,       0.0000000002358117,       0.0000000000260697,      -0.0000003829591957
        0.0000001905625967,       0.0000099806647773,       0.0000000002664031,       0.0000099806647773,       0.0000001902995897,       0.0000000000449638,       0.0000000002664031,       0.0000000000449638,      -0.0000003808621864
        0.0000001896655737,       0.0000099804785666,       0.0000000002078983,       0.0000099804785666,       0.0000001893233104,       0.0000000000727633,       0.0000000002078983,       0.0000000000727633,      -0.0000003789888840
        0.0000001888194795,       0.0000099802275722,       0.0000000002894503,       0.0000099802275722,       0.0000001885226577,       0.0000000001415239,       0.0000000002894503,       0.0000000001415239,      -0.0000003773421372
        0.0000001882014872,       0.0000099798430474,       0.0000000001297419,       0.0000099798430474,       0.0000001880207401,       0.0000000000804276,       0.0000000001297419,       0.0000000000804276,      -0.0000003762222273
        0.0000001879222025,       0.0000099795192168,       0.0000000002304412,       0.0000099795192168,       0.0000001879222025,       0.0000000002304412,       0.0000000002304412,       0.0000000002304412,      -0.0000003758444050
        0.0000001878110131,       0.0000099788968763,       0.0000000000246296,       0.0000099788968763,       0.0000001879910123,       0.0000000000867391,       0.0000000000246296,       0.0000000000867391,      -0.0000003758020254
        0.0000001887056272,       0.0000099787616213,       0.0000000000389299,       0.0000099787616213,       0.0000001888883340,       0.0000000001141582,       0.0000000000389299,       0.0000000001141582,      -0.0000003775939612
        0.0000001891793437,       0.0000099782735945,       0.0000000001006223,       0.0000099782735945,       0.0000001895673607,       0.0000000003214673,       0.0000000001006223,       0.0000000003214673,      -0.0000003787467043
        0.0000001900468687,       0.0000099771925868,      -0.0000000025025693,       0.0000099771925868,       0.0000001899939867,      -0.0000000006524157,      -0.0000000025025693,      -0.0000000006524157,      -0.0000003800408554
        0.0000001919556048,       0.0000099766022788,      -0.0000000042038913,       0.0000099766022788,       0.0000001919648557,       0.0000000000204414,      -0.0000000042038913,       0.0000000000204414,      -0.0000003839204605
        0.0000001938750088,       0.0000099772007465,      -0.0000000024946602,       0.0000099772007465,       0.0000001939395901,       0.0000000006641327,      -0.0000000024946602,       0.0000000006641327,      -0.0000003878145989
        0.0000001947619394,       0.0000099782786937,       0.0000000000978875,       0.0000099782786937,       0.0000001943806331,      -0.0000000003272477,       0.0000000000978875,      -0.0000000003272477,      -0.0000003891425725
        0.0000001952458050,       0.0000099787660003,       0.0000000000375074,       0.0000099787660003,       0.0000001950704243,      -0.0000000001106926,       0.0000000000375074,      -0.0000000001106926,      -0.0000003903162293
        0.0000001961467474,       0.0000099789035407,       0.0000000000237664,       0.0000099789035407,       0.0000001959694715,      -0.0000000000857790,       0.0000000000237664,      -0.0000000000857790,      -0.0000003921162189
        0.0000001960469614,       0.0000099795231794,       0.0000000002292698,       0.0000099795231794,       0.0000001960469614,      -0.0000000002292698,       0.0000000002292698,      -0.0000000002292698,      -0.0000003920939228
        0.0000001957752250,       0.0000099798463938,       0.0000000001278736,       0.0000099798463938,       0.0000001959534146,      -0.0000000000790707,       0.0000000001278736,      -0.0000000000790707,      -0.0000003917286396
        0.0000001951658085,       0.0000099802287585,       0.0000000002893491,       0.0000099802287585,       0.0000001954572492,      -0.0000000001409378,       0.0000000002893491,      -0.0000000001409378,      -0.0000003906230577
        0.0000001943242558,       0.0000099804792353,       0.0000000002062120,       0.0000099804792353,       0.0000001946602671,      -0.0000000000721476,       0.0000000002062120,      -0.0000000000721476,      -0.0000003889845229
        0.0000001934317583,       0.0000099806645074,       0.0000000002667993,       0.0000099806645074,       0.0000001936870394,      -0.0000000000448143,       0.0000000002667993,      -0.0000000000448143,      -0.0000003871187977
        0.0000001924648722,       0.0000099807490762,       0.0000000002348038,       0.0000099807490762,       0.0000001925598055,      -0.0000000000259703,       0.0000000002348038,      -0.0000000000259703,      -0.0000003850246777
        0.0000001914863954,       0.0000099798425959,       0.0000000002526417,       0.0000099798425959,       0.0000001914086745,       0.0000000000573354,       0.0000000002526417,       0.0000000000573354,      -0.0000003828950699
        0.0000001907064114,       0.0000099797780632,       0.0000000001796351,       0.0000099797780632,       0.0000001903512208,      -0.0000000000354650,       0.0000000001796351,      -0.0000000000354650,      -0.0000003810576322
        0.0000001897279609,       0.0000099796976755,       0.0000000003315961,       0.0000099796976755,       0.0000001893431834,       0.0000000001147253,       0.0000000003315961,       0.0000000001147253,      -0.0000003790711444
        0.0000001890355322,       0.0000099794828222,       0.0000000001103052,       0.0000099794828222,       0.0000001885768676,      -0.0000000000352980,       0.0000000001103052,      -0.0000000000352980,      -0.0000003776123998
        0.0000001884269382,       0.0000099793576111,       0.0000000003167475,       0.0000099793576111,       0.0000001881423678,       0.0000000001705826,       0.0000000003167475,       0.0000000001705826,      -0.0000003765693059
        0.0000001879910123,       0.0000099788968763,       0.0000000000867391,       0.0000099788968763,       0.0000001878110131,       0.0000000000246296,       0.0000000000867391,       0.0000000000246296,      -0.0000003758020254
        0.0000001884307300,       0.0000099789114292,       0.0000000000507614,       0.0000099789114292,       0.0000001884307300,       0.0000000000507614,       0.0000000000507614,       0.0000000000507614,      -0.0000003768614600
        0.0000001883559851,       0.0000099782209229,       0.0000000001793720,       0.0000099782209229,       0.0000001885129120,       0.0000000002680072,       0.0000000001793720,       0.0000000002680072,      -0.0000003768688971
        0.0000001896019054,       0.0000099780807967,      -0.0000000003773426,       0.0000099780807967,       0.0000001895851653,      -0.0000000001989154,      -0.0000000003773426,      -0.0000000001989154,      -0.0000003791870707
        0.0000001915306749,       0.0000099790821626,       0.0000000021293853,       0.0000099790821626,       0.0000001919539455,       0.0000000001562675,       0.0000000021293853,       0.0000000001562675,      -0.0000003834846204
        0.0000001919706463,       0.0000099799039803,       0.0000000039695675,       0.0000099799039803,       0.0000001919680759,      -0.0000000000161822,       0.0000000039695675,      -0.0000000000161822,      -0.0000003839387222
        0.0000001924025222,       0.0000099790763481,       0.0000000021237434,       0.0000099790763481,       0.0000001919860490,      -0.0000000001647172,       0.0000000021237434,      -0.0000000001647172,      -0.0000003843885712
        0.0000001943237510,       0.0000099780866766,      -0.0000000003748592,       0.0000099780866766,       0.0000001943502201,       0.0000000002043023,      -0.0000000003748592,       0.0000000002043023,      -0.0000003886739711
        0.0000001955753275,       0.0000099782294200,       0.0000000001763676,       0.0000099782294200,       0.0000001954211410,      -0.0000000002665259,       0.0000000001763676,      -0.0000000002665259,      -0.0000003909964685
        0.0000001955212949,       0.0000099789160960,       0.0000000000491386,       0.0000099789160960,       0.0000001955212949,      -0.0000000000491386,       0.0000000000491386,      -0.0000000000491386,      -0.0000003910425899
        0.0000001959694715,       0.0000099789035407,       0.0000000000857790,       0.0000099789035407,       0.0000001961467474,      -0.0000000000237664,       0.0000000000857790,      -0.0000000000237664,      -0.0000003921162189
        0.0000001955473414,       0.0000099793614128,       0.0000000003155966,       0.0000099793614128,       0.0000001958261824,      -0.0000000001690853,       0.0000000003155966,      -0.0000000001690853,      -0.0000003913735237
        0.0000001949455786,       0.0000099794858028,       0.0000000001091923,       0.0000099794858028,       0.0000001953989096,       0.0000000000354556,       0.0000000001091923,       0.0000000000354556,      -0.0000003903444882
        0.0000001942607010,       0.0000099796991335,       0.0000000003317235,       0.0000099796991335,       0.0000001946392941,      -0.0000000001142064,       0.0000000003317235,      -0.0000000001142064,      -0.0000003888999951
        0.0000001932845098,       0.0000099797788625,       0.0000000001787528,       0.0000099797788625,       0.0000001936349874,       0.0000000000352432,       0.0000000001787528,       0.0000000000352432,      -0.0000003869194972
        0.0000001925067435,       0.0000099798427749,       0.0000000002532288,       0.0000099798427749,       0.0000001925798448,      -0.0000000000574557,       0.0000000002532288,      -0.0000000000574557,      -0.0000003850865883
        0.0000001917504499,       0.0000099789985353,       0.0000000001648119,       0.0000099789985353,       0.0000001915327212,      -0.0000000002341640,       0.0000000001648119,      -0.0000000002341640,      -0.0000003832831712
        0.0000001907184707,       0.0000099789919877,       0.0000000003087934,       0.0000099789919877,       0.0000001905084042,       0.0000000002328188,       0.0000000003087934,       0.0000000002328188,      -0.0000003812268749
        0.0000001902213488,       0.0000099789093895,       0.0000000000544586,       0.0000099789093895,       0.0000001896844340,      -0.0000000002436768,       0.0000000000544586,      -0.0000000002436768,      -0.0000003799057828
        0.0000001894086701,       0.0000099789180166,       0.0000000003608535,       0.0000099789180166,       0.0000001890486262,       0.0000000002181963,       0.0000000003608535,       0.0000000002181963,      -0.0000003784572963
        0.0000001888941338,       0.0000099786471128,       0.0000000000703051,       0.0000099786471128,       0.0000001884333702,      -0.0000000001495729,       0.0000000000703051,      -0.0000000001495729,      -0.0000003773275039
        0.0000001888883340,       0.0000099787616213,       0.0000000001141582,       0.0000099787616213,       0.0000001887056272,       0.0000000000389299,       0.0000000001141582,       0.0000000000389299,      -0.0000003775939612
        0.0000001885129121,       0.0000099782209229,       0.0000000002680072,       0.0000099782209229,       0.0000001883559851,       0.0000000001793720,       0.0000000002680072,       0.0000000001793720,      -0.0000003768688971
        0.0000001893721173,       0.0000099783650647,      -0.0000000002756868,       0.0000099783650647,       0.0000001893721173,      -0.0000000002756868,      -0.0000000002756868,      -0.0000000002756868,      -0.0000003787442346
        0.0000001900663247,       0.0000099782839612,       0.0000000003582602,       0.0000099782839612,       0.0000001902426458,       0.0000000001950491,       0.0000000003582602,       0.0000000001950491,      -0.0000003803089705
        0.0000001897325393,       0.0000099765469284,      -0.0000000017884199,       0.0000099765469284,       0.0000001894340204,       0.0000000006672005,      -0.0000000017884199,       0.0000000006672005,      -0.0000003791665598
        0.0000001919302057,       0.0000099752322625,      -0.0000000038493385,       0.0000099752322625,       0.0000001919456349,       0.0000000000130606,      -0.0000000038493385,       0.0000000000130606,      -0.0000003838758406
        0.0000001941474360,       0.0000099765612283,      -0.0000000017904570,       0.0000099765612283,       0.0000001944562661,      -0.0000000006557219,      -0.0000000017904570,      -0.0000000006557219,      -0.0000003886037021
        0.0000001938408327,       0.0000099782859827,       0.0000000003532948,       0.0000099782859827,       0.0000001936663982,      -0.0000000001940601,       0.0000000003532948,      -0.0000000001940601,      -0.0000003875072309
        0.0000001945569778,       0.0000099783702518,      -0.0000000002748038,       0.0000099783702518,       0.0000001945569778,       0.0000000002748038,      -0.0000000002748038,       0.0000000002748038,      -0.0000003891139556
        0.0000001954211411,       0.0000099782294200,       0.0000000002665259,       0.0000099782294200,       0.0000001955753275,      -0.0000000001763676,       0.0000000002665259,      -0.0000000001763676,      -0.0000003909964685
        0.0000001950704243,       0.0000099787660003,       0.0000000001106926,       0.0000099787660003,       0.0000001952458050,      -0.0000000000375074,       0.0000000001106926,      -0.0000000000375074,      -0.0000003903162293
        0.0000001950738523,       0.0000099786523408,       0.0000000000722060,       0.0000099786523408,       0.0000001955285734,       0.0000000001490752,       0.0000000000722060,       0.0000000001490752,      -0.0000003906024257
        0.0000001945709179,       0.0000099789215211,       0.0000000003579623,       0.0000099789215211,       0.0000001949246149,      -0.0000000002163609,       0.0000000003579623,      -0.0000000002163609,      -0.0000003894955328
        0.0000001937637917,       0.0000099789111338,       0.0000000000563743,       0.0000099789111338,       0.0000001942976233,       0.0000000002425107,       0.0000000000563743,       0.0000000002425107,      -0.0000003880614150
        0.0000001932702912,       0.0000099789937605,       0.0000000003072900,       0.0000099789937605,       0.0000001934790660,      -0.0000000002322985,       0.0000000003072900,      -0.0000000002322985,      -0.0000003867493571
        0.0000001922392975,       0.0000099789983001,       0.0000000001662466,       0.0000099789983001,       0.0000001924576025,       0.0000000002335749,       0.0000000001662466,       0.0000000002335749,      -0.0000003846969000
        0.0000001915853049,       0.0000099783184825,       0.0000000001738039,       0.0000099783184825,       0.0000001916011447,       0.0000000004141854,       0.0000000001738039,       0.0000000004141854,      -0.0000003831864496
        0.0000001912712398,       0.0000099783403999,       0.0000000000943800,       0.0000099783403999,       0.0000001909124295,      -0.0000000004284989,       0.0000000000943800,      -0.0000000004284989,      -0.0000003821836694
