        0.6236437122526782,     112.6510956643379018,       0.0001974649050317,     112.6510956643378876,       0.6236437122784241,       0.0001974649214920,       0.0001974649050317,       0.0001974649214920,       0.0002403715802231
        0.6235923360671918,     112.6503558597923558,       0.0002338613607842,     112.6503558597923842,       0.6235949436378448,       0.0006165883183724,       0.0002338613607842,       0.0006165883183724,       0.0006407626716282
        0.6235367229156161,     112.6489008471744739,       0.0001406563680443,     112.6489008471744739,       0.6236121481486637,       0.0009597529895825,       0.0001406563680443,       0.0009597529895825,       0.0009870354162382
        0.6233907822852549,     112.6468209769571729,       0.0002747304047153,     112.6468209769571587,       0.6234729559332588,       0.0012828817419504,       0.0002747304047153,       0.0012828817419504,       0.0012129892314557
        0.6233710300757431,     112.6442336158795001,       0.0000277436146402,     112.6442336158794859,       0.6236228662806064,       0.0014838179660045,       0.0000277436146402,       0.0014838179660045,       0.0014783793050634
        0.6231415750303818,     112.6413402712878025,       0.0001685249312172,     112.6413402712878025,       0.6234332929395827,       0.0015251600075395,       0.0001685249312172,       0.0015251600075395,       0.0013526420134799
        0.6232656175187176,     112.6384088554112282,       0.0003707015175043,     112.6384088554112282,       0.6234653957976141,       0.0016337524293120,       0.0003707015175043,       0.0016337524293120,       0.0015320477559244
        0.6231202807098937,     112.6356784097205548,      -0.0015145432292945,     112.6356784097205406,       0.6237636316090451,       0.0010678504645603,      -0.0015145432292945,       0.0010678504645603,       0.0009787382827082
        0.6231856605673148,     112.6334790703202771,       0.0026785533077530,     112.6334790703203055,       0.6230666527318219,       0.0011203146888860,       0.0026785533077530,       0.0011203146888860,       0.0008173657801098
        0.6237828953908758,     112.6321796483609603,       0.0133997396695753,     112.6321796483609745,       0.6225773426827843,       0.0018170729673044,       0.0133997396695753,       0.0018170729673044,       0.0017095889236120
        0.6235912739745743,     112.6317448662042722,       0.0189630989292993,     112.6317448662042722,       0.6234996353824126,      -0.0001357944775938,       0.0189630989292993,      -0.0001357944775938,      -0.0000694699398073
        0.6234015276478069,     112.6321867220697470,       0.0133923642150838,     112.6321867220697612,       0.6244309754688375,      -0.0019202161341336,       0.0133923642150838,      -0.0019202161341336,      -0.0018362705045718
        0.6240006966011367,     112.6334829398043098,       0.0026783489754298,     112.6334829398043098,       0.6239649968193559,      -0.0010779129399220,       0.0026783489754298,      -0.0010779129399220,      -0.0009224275104452
        0.6240739357822910,     112.6356760002980764,      -0.0015105344112103,     112.6356760002980764,       0.6233071481980926,      -0.0010737935037724,      -0.0015105344112103,      -0.0010737935037724,      -0.0010591894354216
        0.6239419541241989,     112.6384068391291038,       0.0003717079239452,     112.6384068391291038,       0.6236538695502065,      -0.0016386167253906,       0.0003717079239452,      -0.0016386167253906,      -0.0015797646696822
        0.6240844999904795,     112.6413382657668905,       0.0001680997048969,     112.6413382657668905,       0.6237366887964810,      -0.0015192509842785,       0.0001680997048969,      -0.0015192509842785,      -0.0013646999701500
        0.6238775862930711,     112.6442295661791206,       0.0000259515285033,     112.6442295661791206,       0.6235955627782589,      -0.0014860568422112,       0.0000259515285033,      -0.0014860568422112,      -0.0014569341729613
        0.6238835436689635,     112.6468172020329916,       0.0002712875102045,     112.6468172020329916,       0.6237880764872806,      -0.0012798212246759,       0.0002712875102045,      -0.0012798212246759,      -0.0011611562975284
        0.6237611544031322,     112.6488973689034054,       0.0001372555562165,     112.6488973689034054,       0.6236814858289073,      -0.0009592818797709,       0.0001372555562165,      -0.0009592818797709,      -0.0009118554021130
        0.6237247327047359,     112.6503530958069632,       0.0002310936190041,     112.6503530958069632,       0.6237213284908582,      -0.0006152053511401,       0.0002310936190041,      -0.0006152053511401,      -0.0005492404243729
        0.6236836123219024,     112.6510950633025061,       0.0001965230845318,     112.6510950633024919,       0.6236836123321409,      -0.0001965230784880,       0.0001965230845318,      -0.0001965230784880,      -0.0001407955728543
        0.6235949436226014,     112.6503558597852219,       0.0006165883046554,     112.6503558597851935,       0.6235923360417542,       0.0002338613626666,       0.0006165883046554,       0.0002338613626666,       0.0006407626358900
        0.6234939027516830,     112.6496501441886551,       0.0005700285133468,     112.6496501441886267,       0.6234939027671180,       0.0005700285256415,       0.0005700285133468,       0.0005700285256415,       0.0017787264373086
        0.6232497114343523,     112.6482862629229089,       0.0006427920509633,     112.6482862629228805,       0.6233339974655995,       0.0010026998936784,       0.0006427920509633,       0.0010026998936784,       0.0027744247787427
        0.6230609409816560,     112.6462918785288849,       0.0004445251844652,     112.6462918785288849,       0.6233941804560034,       0.0012496776947306,       0.0004445251844652,       0.0012496776947306,       0.0036466001946994
        0.6226490319599385,     112.6438331536455166,       0.0005540482394822,     112.6438331536455166,       0.6231792163801602,       0.0014757419556670,       0.0005540482394822,       0.0014757419556670,       0.0040506097708430
        0.6225626797926415,     112.6410705377030155,       0.0002905677344551,     112.6410705377030155,       0.6233752045265346,       0.0017228175135006,       0.0002905677344551,       0.0017228175135006,       0.0044253076993939
        0.6222159208634566,     112.6382023446329868,      -0.0002296595568371,     112.6382023446329583,       0.6233159294048638,       0.0011617578712894,      -0.0002296595568371,       0.0011617578712894,       0.0039038677835725
        0.6224732134905924,     112.6356597527589685,       0.0015054387308745,     112.6356597527589685,       0.6230936243189896,       0.0019946209169188,       0.0015054387308745,       0.0019946209169188,       0.0036454317910051
        0.6226879689881493,     112.6335511955587094,      -0.0027716774776443,     112.6335511955587236,       0.6237812570351122,       0.0006133911842141,      -0.0027716774776443,       0.0006133911842141,       0.0025476948544752
        0.6225496275926083,     112.6317788325025759,      -0.0141998376701056,     112.6317788325025475,       0.6241010204669878,      -0.0033579593151088,      -0.0141998376701056,      -0.0033579593151088,      -0.0000936659102059
        0.6235860433713947,     112.6311328958114899,      -0.0202060871989055,     112.6311328958114615,       0.6235006969248690,       0.0001418936731028,      -0.0202060871989055,       0.0001418936731028,      -0.0000470201645387
        0.6246215938536621,     112.6317726059614728,      -0.0141718163500113,     112.6317726059615012,       0.6229071918890303,       0.0034596516713740,      -0.0141718163500113,       0.0034596516713740,      -0.0000134193157176
        0.6244940246077347,     112.6335466984255049,      -0.0027621818331537,     112.6335466984255049,       0.6232573759829293,      -0.0006654683140078,      -0.0027621818331537,      -0.0006654683140078,      -0.0026514980858973
        0.6247173486329358,     112.6356589483004171,       0.0015025773375220,     112.6356589483004029,       0.6239829669134433,      -0.0019903646085954,       0.0015025773375220,      -0.0019903646085954,      -0.0037188120962546
        0.6249860115353777,     112.6381980344238229,      -0.0002276248487155,     112.6381980344238372,       0.6238036857397971,      -0.0011567113598820,      -0.0002276248487155,      -0.0011567113598820,      -0.0039473850318928
        0.6246566513056648,     112.6410623042330030,       0.0002901656515441,     112.6410623042330172,       0.6237928108539793,      -0.0017263975269959,       0.0002901656515441,      -0.0017263975269959,      -0.0044375925696027
        0.6245934436896845,     112.6438238314774907,       0.0005506136581655,     112.6438238314774907,       0.6240353546953653,      -0.0014689325462861,       0.0005506136581655,      -0.0014689325462861,      -0.0040296126396353
        0.6242040257966348,     112.6462808448157205,       0.0004413381097315,     112.6462808448157205,       0.6238590867320161,      -0.0012481042156118,       0.0004413381097315,      -0.0012481042156118,      -0.0035993600867876
        0.6240393059139092,     112.6482762740564993,       0.0006383331951385,     112.6482762740564851,       0.6239516810432288,      -0.0009984111779158,       0.0006383331951385,      -0.0009984111779158,      -0.0027045852448213
        0.6238120703609350,     112.6496433480525781,       0.0005673680809367,     112.6496433480525781,       0.6238120705051556,      -0.0005673680845503,       0.0005673680809367,      -0.0005673680845503,      -0.0016948204935453
        0.6237213285056371,     112.6503530958017194,       0.0006152053626457,     112.6503530958017336,       0.6237247328431235,      -0.0002310936204146,       0.0006152053626457,      -0.0002310936204146,      -0.0005492404250168
        0.6236121481963325,     112.6489008471793767,       0.0009597529775775,     112.6489008471793767,       0.6235367229581730,       0.0001406563629149,       0.0009597529775775,       0.0001406563629149,       0.0009870354278289
        0.6233339974163806,     112.6482862629264758,       0.0010026998892488,     112.6482862629264616,       0.6232497113954120,       0.0006427920348683,       0.0010026998892488,       0.0006427920348683,       0.0027744247397848
        0.6231344191546359,     112.6470394148392984,       0.0008864099605397,     112.6470394148392842,       0.6231344191494519,       0.0008864099524403,       0.0008864099605397,       0.0008864099524403,       0.0044536042501870
        0.6225878310997506,     112.6452726205747723,       0.0009502295008667,     112.6452726205747723,       0.6228438238240825,       0.0012894492268671,       0.0009502295008667,       0.0012894492268671,       0.0056538262186505
        0.6222966966704935,     112.6430160683413959,       0.0006754969894069,     112.6430160683413817,       0.6229864706281810,       0.0015289819381263,       0.0006754969894069,       0.0015289819381263,       0.0066702290396951
        0.6216604984996560,     112.6404705288439203,       0.0004700374653293,     112.6404705288439061,       0.6227355231287752,       0.0013438979942097,       0.0004700374653293,       0.0013438979942097,       0.0066833470363110
        0.6217380558191750,     112.6379447769355693,       0.0007413584039350,     112.6379447769355693,       0.6229380184310663,       0.0021432852775789,       0.0007413584039350,       0.0021432852775789,       0.0066881118029635
        0.6215022119710415,     112.6353942710638307,      -0.0015767799224672,     112.6353942710638449,       0.6231844508383096,       0.0003532253938568,      -0.0015767799224672,       0.0003532253938568,       0.0053414705158000
        0.6220385012810420,     112.6334963584529589,       0.0018954185503940,     112.6334963584529447,       0.6227841562701970,       0.0013072225130057,       0.0018954185503940,       0.0013072225130057,       0.0038266619436979
        0.6235114057868985,     112.6329618638166181,       0.0141076258052659,     112.6329618638166181,       0.6231759076969056,       0.0064417136830543,       0.0141076258052659,       0.0064417136830543,       0.0034953906793475
        0.6235884630306620,     112.6328104750653836,       0.0208215209543340,     112.6328104750653694,       0.6235105319701840,      -0.0001651271155812,       0.0208215209543341,      -0.0001651271155812,      -0.0000702718575712
        0.6236700884719568,     112.6329660158297372,       0.0140645321792117,     112.6329660158297230,       0.6238599314231049,      -0.0065649163006014,       0.0140645321792117,      -0.0065649163006014,      -0.0036019340803998
        0.6251344465099608,     112.6334987344892085,       0.0018866913972060,     112.6334987344891800,       0.6242666263140475,      -0.0012578874175159,       0.0018866913972060,      -0.0012578874175159,      -0.0039009555014434
        0.6256757497914133,     112.6353903169041075,      -0.0015677003306862,     112.6353903169041075,       0.6238949678889709,      -0.0003641509360569,      -0.0015677003306862,      -0.0003641509360569,      -0.0054058909595235
        0.6254541131100112,     112.6379379315671940,       0.0007392615375781,     112.6379379315671940,       0.6241850110335845,      -0.0021473686882170,       0.0007392615375781,      -0.0021473686882170,      -0.0067258474825839
        0.6255480193471827,     112.6404609708139617,       0.0004673554877922,     112.6404609708139333,       0.6244292546450431,      -0.0013349974737316,       0.0004673554877922,      -0.0013349974737316,      -0.0066916060620592
        0.6249297469135184,     112.6430016847644282,       0.0006734786130532,     112.6430016847644282,       0.6242180881022316,      -0.0015287029697131,       0.0006734786130532,      -0.0015287029697131,      -0.0066547089158728
        0.6246624384493049,     112.6452575735967230,       0.0009441328729644,     112.6452575735967088,       0.6243984886682202,      -0.0012821694215469,       0.0009441328729644,      -0.0012821694215469,      -0.0056129752635126
        0.6241340285047066,     112.6470252734275448,       0.0008829143086145,     112.6470252734275448,       0.6241340284738537,      -0.0008829143128281,       0.0008829143086145,      -0.0008829143128281,      -0.0043966422548244
        0.6239516809389521,     112.6482762740639885,       0.0009984111861271,     112.6482762740640027,       0.6240393059230069,      -0.0006383331967775,       0.0009984111861271,      -0.0006383331967775,      -0.0027045852512606
        0.6236814854262265,     112.6488973688755095,       0.0009592818791988,     112.6488973688755237,       0.6237611540932001,      -0.0001372555560537,       0.0009592818791988,      -0.0001372555560537,      -0.0009118557582068
        0.6234729559248775,     112.6468209769538618,       0.0012828817134535,     112.6468209769538618,       0.6233907822459347,       0.0002747304104201,       0.0012828817134535,       0.0002747304104201,       0.0012129892282360
        0.6233941805053346,     112.6462918785326650,       0.0012496777074052,     112.6462918785326508,       0.6230609410154500,       0.0004445251982478,       0.0012496777074052,       0.0004445251982478,       0.0036466002388087
        0.6228438238428449,     112.6452726205871642,       0.0012894492192504,     112.6452726205871500,       0.6225878310979276,       0.0009502295147060,       0.0012894492192504,       0.0009502295147060,       0.0056538262527788
        0.6225146980059620,     112.6437313860637630,       0.0011508299353943,     112.6437313860637488,       0.6225146980162910,       0.0011508299331602,       0.0011508299353943,       0.0011508299331602,       0.0075135084363468
        0.6216475212118950,     112.6418191069367367,       0.0009689651457914,     112.6418191069367367,       0.6220966860639762,       0.0012931678229250,       0.0009689651457914,       0.0012931678229250,       0.0083584585120896
        0.6214416522814699,     112.6396607216319978,       0.0009143650813355,     112.6396607216319694,       0.6223775360271340,       0.0018708820477692,       0.0009143650813355,       0.0018708820477692,       0.0090571262786972
        0.6207460118785492,     112.6372517221435743,      -0.0002294831410687,     112.6372517221435317,       0.6221937014080891,       0.0007125906355993,      -0.0002294831410687,       0.0007125906355993,       0.0081780676256447
        0.6213112494852723,     112.6354240212038178,       0.0014104833830560,     112.6354240212038178,       0.6224273833685678,       0.0023301429688057,       0.0014104833830560,       0.0023301429688057,       0.0072093864604880
        0.6216009845685256,     112.6335237456132745,      -0.0018113973728866,     112.6335237456132887,       0.6231374603276282,       0.0010115555795900,      -0.0018113973728866,       0.0010115555795900,       0.0055445332865400
        0.6213582268861588,     112.6311834040211437,      -0.0158981999685205,     112.6311834040211437,       0.6224903286062500,      -0.0064911208454264,      -0.0158981999685205,      -0.0064911208454264,       0.0014215308430554
        0.6235664705720456,     112.6303037916204062,      -0.0239723604321000,     112.6303037916204062,       0.6235215246341403,       0.0001749053950792,      -0.0239723604321000,       0.0001749053950792,      -0.0000097639993508
        0.6257727126746699,     112.6311840941429665,      -0.0158390221661461,     112.6311840941429381,       0.6245413249367973,       0.0066112289066752,      -0.0158390221661461,       0.0066112289066752,      -0.0014751323760886
        0.6255548866596887,     112.6335224634372025,      -0.0018023494089310,     112.6335224634371883,       0.6239159208249642,      -0.0010729826110655,      -0.0018023494089310,      -0.0010729826110655,      -0.0056120780183285
        0.6258578721007285,     112.6354224081254642,       0.0013997746966978,     112.6354224081254785,       0.6246654306537004,      -0.0023189660977239,       0.0013997746966978,      -0.0023189660977239,      -0.0072489326367861
        0.6264288465438558,     112.6372464631454591,      -0.0002280640827476,     112.6372464631454591,       0.6249268946068773,      -0.0007075159813662,      -0.0002280640827476,      -0.0007075159813662,      -0.0082042781791533
        0.6257480803648400,     112.6396490221408584,       0.0009126751902644,     112.6396490221408726,       0.6247812926698814,      -0.0018731356651226,       0.0009126751902644,      -0.0018731356651226,      -0.0090661546240707
        0.6255610421055930,     112.6418051418278594,       0.0009619114438261,     112.6418051418278594,       0.6250986776922571,      -0.0012837781062088,       0.0009619114438261,      -0.0012837781062088,      -0.0083453397009188
        0.6247087437239228,     112.6437143694965357,       0.0011483864079219,     112.6437143694965357,       0.6247087438165619,      -0.0011483864076502,       0.0011483864079219,      -0.0011483864076502,      -0.0074874204129048
        0.6243984886552345,     112.6452575735882817,       0.0012821694038407,     112.6452575735882959,       0.6246624383745828,      -0.0009441328824319,       0.0012821694038407,      -0.0009441328824319,      -0.0056129753794201
        0.6238590864292932,     112.6462808448044655,       0.0012481042224896,     112.6462808448044655,       0.6242040255866242,      -0.0004413381309895,       0.0012481042224896,      -0.0004413381309895,      -0.0035993602864062
        0.6237880760661930,     112.6468172020384060,       0.0012798212460422,     112.6468172020384060,       0.6238835432788085,      -0.0002712875155758,       0.0012798212460422,      -0.0002712875155758,      -0.0011611566053273
        0.6236228663490863,     112.6442336158677335,       0.0014838179562714,     112.6442336158677477,       0.6233710300566567,       0.0000277436373031,       0.0014838179562714,       0.0000277436373031,       0.0014783792809160
        0.6231792163614692,     112.6438331536469235,       0.0014757419374237,     112.6438331536469093,       0.6226490319413048,       0.0005540482550173,       0.0014757419374237,       0.0005540482550173,       0.0040506097573204
        0.6229864707404276,     112.6430160683650996,       0.0015289819355524,     112.6430160683651280,       0.6222966967569499,       0.0006754969851228,       0.0015289819355524,       0.0006754969851228,       0.0066702291465876
        0.6220966861146026,     112.6418191069448795,       0.0012931678122759,     112.6418191069448795,       0.6216475212779475,       0.0009689651469972,       0.0012931678122759,       0.0009689651469972,       0.0083584586244555
        0.6217321397100265,     112.6402985025637378,       0.0014058072276248,     112.6402985025637236,       0.6217321396379198,       0.0014058072160832,       0.0014058072276248,       0.0014058072160832,       0.0099503829752180
        0.6206677753536818,     112.6384184778160602,       0.0005187096429722,     112.6384184778160602,       0.6212398098381754,       0.0008376798567636,       0.0005187096429722,       0.0008376798567636,       0.0099109446796803
        0.6209045070585695,     112.6368480371634178,       0.0011018864817815,     112.6368480371634035,       0.6217981061398378,       0.0020461185553620,       0.0011018864817815,       0.0020461185553620,       0.0097454627572277
        0.6203639059487134,     112.6345493437388114,      -0.0009694343106145,     112.6345493437387972,       0.6218159559974680,       0.0004547787882062,      -0.0009694343106145,       0.0004547787882062,       0.0082557270756971
        0.6212232061788578,     112.6334411120152197,       0.0000044330637856,     112.6334411120152197,       0.6218765138832051,       0.0001223221696967,       0.0000044330637856,       0.0001223221696967,       0.0052498104192007
        0.6238122978930465,     112.6343714367964992,       0.0151365013697411,     112.6343714367965134,       0.6244790726351525,       0.0070910549005153,       0.0151365013697411,       0.0070910549005153,       0.0039240060058293
        0.6235841538050024,     112.6349281496040504,       0.0245022870791516,     112.6349281496040504,       0.6235105581473129,      -0.0001879483409730,       0.0245022870791516,      -0.0001879483409730,      -0.0000395980541631
        0.6233569590793355,     112.6343669946870563,       0.0150686310274348,     112.6343669946870563,       0.6225796024489576,      -0.0072233060819687,       0.0150686310274348,      -0.0072233060819687,      -0.0039640385596559
        0.6259181713951464,     112.6334432278198676,       0.0000014163564404,     112.6334432278198818,       0.6252027154634733,      -0.0000682904787024,       0.0000014163564404,      -0.0000682904787024,      -0.0052646562085967
        0.6267741433070000,     112.6345507658138700,      -0.0009620238271625,     112.6345507658138558,       0.6252653848622484,      -0.0004676253354144,      -0.0009620238271625,      -0.0004676253354144,      -0.0082817278164336
        0.6262546791705903,     112.6368430989559215,       0.0010948932410313,     112.6368430989559073,       0.6253259867130536,      -0.0020438910710419,       0.0010948932410313,      -0.0020438910710419,      -0.0097564697340006
        0.6265002702304159,     112.6384112351867373,       0.0005131013226605,     112.6384112351867657,       0.6259113950975016,      -0.0008288609366568,       0.0005131013226605,      -0.0008288609366568,      -0.0099140247581486
        0.6254480724255068,     112.6402848878812506,       0.0014051419129935,     112.6402848878812506,       0.6254480723740706,      -0.0014051418988982,       0.0014051419129935,      -0.0014051418988982,      -0.0099483676996667
        0.6250986778080800,     112.6418051418483941,       0.0012837780877284,     112.6418051418483799,       0.6255610421388418,      -0.0009619114490120,       0.0012837780877284,      -0.0009619114490120,      -0.0083453395698789
        0.6242180880032802,     112.6430016847429130,       0.0015287029735573,     112.6430016847429130,       0.6249297468762623,      -0.0006734786212174,       0.0015287029735573,      -0.0006734786212174,      -0.0066547089580503
        0.6240353544431018,     112.6438238314643172,       0.0014689325414913,     112.6438238314643456,       0.6245934434169472,      -0.0005506136341261,       0.0014689325414913,      -0.0005506136341261,      -0.0040296130050660
        0.6235955629934002,     112.6442295661855013,       0.0014860568826017,     112.6442295661855155,       0.6238775867348261,      -0.0000259515109532,       0.0014860568826017,      -0.0000259515109532,      -0.0014569337106189
        0.6234332929464641,     112.6413402713010186,       0.0015251600156787,     112.6413402713010186,       0.6231415750578377,       0.0001685249060762,       0.0015251600156787,       0.0001685249060762,       0.0013526420047868
        0.6233752044415737,     112.6410705377094246,       0.0017228174964105,     112.6410705377094246,       0.6225626797540728,       0.0002905677243593,       0.0017228174964105,       0.0002905677243593,       0.0044253076195465
        0.6227355231199045,     112.6404705288252757,       0.0013438979960728,     112.6404705288252757,       0.6216604984959964,       0.0004700374809848,       0.0013438979960728,       0.0004700374809848,       0.0066833470739809
        0.6223775360240655,     112.6396607216449439,       0.0018708820266092,     112.6396607216449297,       0.6214416522783043,       0.0009143650979811,       0.0018708820266092,       0.0009143650979811,       0.0090571262342660
        0.6212398097937843,     112.6384184778265904,       0.0008376798577743,     112.6384184778266047,       0.6206677753711959,       0.0005187096572308,       0.0008376798577743,       0.0005187096572308,       0.0099109446558548
        0.6211282752369739,     112.6373715717383135,       0.0014884749370790,     112.6373715717383419,       0.6211282752473264,       0.0014884749343211,       0.0014884749370790,       0.0014884749343211,       0.0106950138189720
        0.6200416654765539,     112.6353589809749849,       0.0001571796239600,     112.6353589809749849,       0.6206105519427090,       0.0005594227693042,       0.0001571796239600,       0.0005594227693042,       0.0099590622013482
        0.6208879412033822,     112.6349192742669914,       0.0002504719390002,     112.6349192742669771,       0.6214519754082062,       0.0007339756517134,       0.0002504719390002,       0.0007339756517134,       0.0079043591076764
        0.6213922383697389,     112.6333397974907484,       0.0006488706969410,     112.6333397974907484,       0.6226048335833020,       0.0020785876586169,       0.0006488706969410,       0.0020785876586169,       0.0068670187345174
        0.6203686900132487,     112.6298427036559531,      -0.0161896829069233,     112.6298427036559673,       0.6201741415665579,      -0.0041908301706975,      -0.0161896829069233,      -0.0041908301706975,       0.0030440389983811
        0.6235200119509005,     112.6279293686418299,      -0.0271868717144708,     112.6279293686418299,       0.6235422552677413,       0.0001821529598125,      -0.0271868717144708,       0.0001821529598125,       0.0000289224239033
        0.6266861107780141,     112.6298599030328376,      -0.0161279128442410,     112.6298599030328376,       0.6268709843896609,       0.0043210471387886,      -0.0161279128442410,       0.0043210471387886,      -0.0030185716410801
        0.6257167168383175,     112.6333442546119699,       0.0006347932921673,     112.6333442546119414,       0.6244411882426704,      -0.0021177726178269,       0.0006347932921673,      -0.0021177726178269,      -0.0068630417512116
        0.6262473704786694,     112.6349188762642655,       0.0002436207876740,     112.6349188762642797,       0.6256532294234454,      -0.0007200541262403,       0.0002436207876740,      -0.0007200541262403,      -0.0078886991594770
        0.6270827376892426,     112.6353616367190966,       0.0001560952043601,     112.6353616367190966,       0.6264961409077882,      -0.0005568390783010,       0.0001560952043601,      -0.0005568390783010,      -0.0099597594529596
        0.6260166377856490,     112.6373655346386897,       0.0014849086934098,     112.6373655346386755,       0.6260166378166343,      -0.0014849086664719,       0.0014849086934098,      -0.0014849086664719,      -0.0106949248164922
        0.6259113954436689,     112.6384112351907589,       0.0008288609436908,     112.6384112351907447,       0.6265002705147049,      -0.0005131013105121,       0.0008288609436908,      -0.0005131013105121,      -0.0099140243965816
        0.6247812923237585,     112.6396490221420663,       0.0018731356291185,     112.6396490221420805,       0.6257480799981713,      -0.0009126751764088,       0.0018731356291185,      -0.0009126751764088,      -0.0090661549032147
        0.6244292544810842,     112.6404609708483946,       0.0013349974907015,     112.6404609708484088,       0.6255480193481376,      -0.0004673554718236,       0.0013349974907015,      -0.0004673554718236,      -0.0066916060511124
        0.6237928111408336,     112.6410623042246471,       0.0017263975386232,     112.6410623042246328,       0.6246566516027054,      -0.0002901656338005,       0.0017263975386232,      -0.0002901656338005,      -0.0044375923651546
        0.6237366885776899,     112.6413382657453610,       0.0015192509976920,     112.6413382657453468,       0.6240844999571593,      -0.0001680996869746,       0.0015192509976920,      -0.0001680996869746,      -0.0013646999981610
        0.6234653958085283,     112.6384088554393799,       0.0016337524137630,     112.6384088554393799,       0.6232656174882896,       0.0003707014934764,       0.0016337524137630,       0.0003707014934764,       0.0015320476995804
        0.6233159294456578,     112.6382023446218454,       0.0011617578938478,     112.6382023446218454,       0.6222159208321454,      -0.0002296595680621,       0.0011617578938478,      -0.0002296595680621,       0.0039038678502193
        0.6229380185263924,     112.6379447769391788,       0.0021432852803964,     112.6379447769391788,       0.6217380558732937,       0.0007413584038769,       0.0021432852803964,       0.0007413584038769,       0.0066881118570537
        0.6221937014438782,     112.6372517221531240,       0.0007125906129503,     112.6372517221531524,       0.6207460118989330,      -0.0002294831501407,       0.0007125906129503,      -0.0002294831501407,       0.0081780676459285
        0.6217981060786751,     112.6368480371596945,       0.0020461185477610,     112.6368480371596945,       0.6209045069767251,       0.0011018864719418,       0.0020461185477610,       0.0011018864719418,       0.0097454627475688
        0.6206105520344785,     112.6353589809726827,       0.0005594227833329,     112.6353589809726827,       0.6200416655476574,       0.0001571796282292,       0.0005594227833329,       0.0001571796282292,       0.0099590622673511
        0.6209746709982606,     112.6354046292166515,       0.0003256276601139,     112.6354046292166515,       0.6209746709983189,       0.0003256276704389,       0.0003256276601139,       0.0003256276704389,       0.0088937265512092
        0.6205230528593461,     112.6331716718987366,       0.0011580098892742,     112.6331716718987508,       0.6210166169808018,       0.0017325521570704,       0.0011580098892742,       0.0017325521570704,       0.0086741363766869
        0.6207602850717405,     112.6327154484044684,      -0.0024420940003414,     112.6327154484044542,       0.6206879858070778,      -0.0012904135844230,      -0.0024420940003414,      -0.0012904135844230,       0.0048794785035622
        0.6244135055845476,     112.6359484041159931,       0.0137747989477714,     112.6359484041160073,       0.6257202319138534,       0.0009795701724301,       0.0137747989477714,       0.0009795701724301,       0.0022755475539876
        0.6235916640231277,     112.6386060987011177,       0.0256715323286643,     112.6386060987011319,       0.6234953826531550,      -0.0001570086151570,       0.0256715323286643,      -0.0001570086151570,       0.0000187151507156
        0.6227348573828472,     112.6359292101833915,       0.0137304390298072,     112.6359292101834342,       0.6213266137935897,      -0.0010948216598781,       0.0137304390298072,      -0.0010948216598781,      -0.0022239604393627
        0.6263302287132975,     112.6327238953768699,      -0.0024223866837639,     112.6327238953768841,       0.6263976495015078,       0.0013172212719789,      -0.0024223866837639,       0.0013172212719789,      -0.0048219959676902
        0.6265524938790527,     112.6331829576156878,       0.0011426869647197,     112.6331829576156878,       0.6260398270335377,      -0.0017247669747859,       0.0011426869647197,      -0.0017247669747859,      -0.0086443776121116
        0.6261471112828551,     112.6354035654766079,       0.0003202986958955,     112.6354035654766079,       0.6261471112416043,      -0.0003202987006966,       0.0003202986958955,      -0.0003202987006966,      -0.0088663703958070
        0.6264961407575232,     112.6353616367279074,       0.0005568390892550,     112.6353616367279074,       0.6270827374462163,      -0.0001560952164594,       0.0005568390892550,      -0.0001560952164594,      -0.0099597596445290
        0.6253259868290931,     112.6368430989755041,       0.0020438910764150,     112.6368430989755183,       0.6262546792042505,      -0.0010948932598568,       0.0020438910764150,      -0.0010948932598568,      -0.0097564696799104
        0.6249268945660856,     112.6372464631208459,       0.0007075159914584,     112.6372464631208459,       0.6264288464310056,       0.0002280640988400,       0.0007075159914584,       0.0002280640988400,      -0.0082042781785094
        0.6241850111746865,     112.6379379315752374,       0.0021473686741549,     112.6379379315752374,       0.6254541131789544,      -0.0007392614941861,       0.0021473686741549,      -0.0007392614941861,      -0.0067258473364116
        0.6238036857578060,     112.6381980344267220,       0.0011567113692742,     112.6381980344267220,       0.6249860115637792,       0.0002276248576051,       0.0011567113692742,       0.0002276248576051,      -0.0039473848747737
        0.6236538696911944,     112.6384068391256932,       0.0016386167281528,     112.6384068391257074,       0.6239419542445852,      -0.0003717079423513,       0.0016386167281528,      -0.0003717079423513,      -0.0015797645750244
        0.6237636317720233,     112.6356784096968369,       0.0010678504455565,     112.6356784096968369,       0.6231202808163369,      -0.0015145432286428,       0.0010678504455565,      -0.0015145432286428,       0.0009787383944302
        0.6230936241562940,     112.6356597527810663,       0.0019946209304597,     112.6356597527810663,       0.6224732133535760,       0.0015054387150480,       0.0019946209304597,       0.0015054387150480,       0.0036454316332421
        0.6231844508217474,     112.6353942710832712,       0.0003532254004301,     112.6353942710832712,       0.6215022119286725,      -0.0015767799479981,       0.0003532254004301,      -0.0015767799479981,       0.0053414704733005
        0.6224273833022284,     112.6354240212024109,       0.0023301429538754,     112.6354240212024109,       0.6213112494086418,       0.0014104833719306,       0.0023301429538754,       0.0014104833719306,       0.0072093864508290
        0.6218159560106159,     112.6345493437296028,       0.0004547787814108,     112.6345493437296028,       0.6203639060287860,      -0.0009694343180145,       0.0004547787814108,      -0.0009694343180145,       0.0082557271095035
        0.6214519752165674,     112.6349192742554379,       0.0007339756698066,     112.6349192742554521,       0.6208879410065574,       0.0002504719372859,       0.0007339756698066,       0.0002504719372859,       0.0079043589109555
        0.6210166174377438,     112.6331716719081157,       0.0017325521399311,     112.6331716719081300,       0.6205230532389958,       0.0011580098912736,       0.0017325521399311,       0.0011580098912736,       0.0086741367356784
        0.6207750107392264,     112.6336352921985480,      -0.0017864587720088,     112.6336352921985338,       0.6207750107650574,      -0.0017864587828876,      -0.0017864587720088,      -0.0017864587828876,       0.0056468524455718
        0.6226068311075260,     112.6333711324764835,       0.0023159350913085,     112.6333711324764835,       0.6231578933413126,       0.0012597482880941,       0.0023159350913085,       0.0012597482880941,       0.0052227061823140
        0.6202150944327304,     112.6277561350649847,      -0.0115701482607337,     112.6277561350649847,       0.6192666952728730,       0.0043363801170312,      -0.0115701482607337,       0.0043363801170312,       0.0039225635511887
        0.6234429519526052,     112.6234992633094549,      -0.0248932423843409,     112.6234992633094549,       0.6235408126290161,       0.0001240341013877,      -0.0248932423843409,       0.0001240341013877,       0.0000560596735635
        0.6267509381855512,     112.6277910427341453,      -0.0115745202662489,     112.6277910427341453,       0.6277654887204906,      -0.0042192693905723,      -0.0115745202662489,      -0.0042192693905723,      -0.0038179856898381
        0.6244469863295756,     112.6333699012835581,       0.0022850968724940,     112.6333699012835439,       0.6238636181216899,      -0.0012560898152193,       0.0022850968724940,      -0.0012560898152193,      -0.0051442716618429
        0.6263212524120289,     112.6336406777746646,      -0.0017732629795895,     112.6336406777746646,       0.6263212523192238,       0.0017732629941829,      -0.0017732629795895,       0.0017732629941829,      -0.0055759641559694
        0.6260398272035845,     112.6331829576208179,       0.0017247669728089,     112.6331829576208037,       0.6265524939563510,      -0.0011426869531232,       0.0017247669728089,      -0.0011426869531232,      -0.0086443774524168
        0.6256532296102403,     112.6349188762719677,       0.0007200541217121,     112.6349188762719535,       0.6262473705933498,      -0.0002436207917548,       0.0007200541217121,      -0.0002436207917548,      -0.0078886989521313
        0.6252653850089505,     112.6345507658080578,       0.0004676253407011,     112.6345507658080720,       0.6267741433405004,       0.0009620238354272,       0.0004676253407011,       0.0009620238354272,      -0.0082817277932521
        0.6246654305423393,     112.6354224081280506,       0.0023189661335004,     112.6354224081280506,       0.6258578719069154,      -0.0013997746961147,       0.0023189661335004,      -0.0013997746961147,      -0.0072489327893977
        0.6238949679157407,     112.6353903168712520,       0.0003641509099133,     112.6353903168712520,       0.6256757498079072,       0.0015677003007322,       0.0003641509099133,       0.0015677003007322,      -0.0054058909015697
        0.6239829670812114,     112.6356589483080342,       0.0019903646014081,     112.6356589483080484,       0.6247173487801641,      -0.0015025773701408,       0.0019903646014081,      -0.0015025773701408,      -0.0037188118769961
        0.6233071478423379,     112.6356760003423574,       0.0010737935188176,     112.6356760003423574,       0.6240739354008266,       0.0015105343915569,       0.0010737935188176,       0.0015105343915569,      -0.0010591897657582
        0.6230666529343682,     112.6334790703287467,       0.0011203146896032,     112.6334790703287325,       0.6231856606720495,       0.0026785533035632,       0.0011203146896032,       0.0026785533035632,       0.0008173659053544
        0.6237812570996114,     112.6335511955712150,       0.0006133911994340,     112.6335511955712292,       0.6226879690371784,      -0.0027716774675122,       0.0006133911994340,      -0.0027716774675122,       0.0025476949446255
