       -0.0030029467506541,       0.0000000001358021,       0.0000000014616405,       0.0000000001358021,       0.0000000656917732,       0.0000000047531956,       0.0000000014616405,       0.0000000047531956,       0.0012870967946801
       -0.0030029363780122,      -0.0000000109321858,      -0.0000000040546474,      -0.0000000109321858,       0.0000000566197334,       0.0000000037572686,      -0.0000000040546474,       0.0000000037572686,       0.0012870902696155
       -0.0030029154880176,      -0.0000000102982671,      -0.0000000007890477,      -0.0000000102982671,       0.0000000386976380,       0.0000000056910343,      -0.0000000007890477,       0.0000000056910343,       0.0012870774502480
       -0.0030028837377095,      -0.0000000227571747,      -0.0000000100133720,      -0.0000000227571747,       0.0000000121665635,       0.0000000000507940,      -0.0000000100133720,       0.0000000000507940,       0.0012870578129610
       -0.0030028418378595,      -0.0000000195033226,      -0.0000000031764497,      -0.0000000195033226,      -0.0000000218634675,       0.0000000087965992,      -0.0000000031764497,       0.0000000087965992,       0.0012870328607154
       -0.0030027921234031,      -0.0000000321863068,      -0.0000000192765214,      -0.0000000321863068,      -0.0000000610292206,      -0.0000000104187045,      -0.0000000192765214,      -0.0000000104187045,       0.0012870026793844
       -0.0030027374445549,      -0.0000000230469931,      -0.0000000028116751,      -0.0000000230469931,      -0.0000001030771786,       0.0000000162351756,      -0.0000000028116751,       0.0000000162351756,       0.0012869710945742
       -0.0030026860379510,      -0.0000000291749420,      -0.0000000212574298,      -0.0000000291749420,      -0.0000001421916632,      -0.0000000237855558,      -0.0000000212574298,      -0.0000000237855558,       0.0012869405592828
       -0.0030026399762047,      -0.0000000187463391,      -0.0000000109583699,      -0.0000000187463391,      -0.0000001744047399,       0.0000000009583460,      -0.0000000109583699,       0.0000000009583460,       0.0012869127175612
       -0.0030026116598618,      -0.0000000173454198,       0.0000000237524714,      -0.0000000173454198,      -0.0000002030111513,       0.0000000757294291,       0.0000000237524714,       0.0000000757294291,       0.0012869040121520
       -0.0030026011637133,       0.0000000000000000,       0.0000000000000000,       0.0000000000000000,      -0.0000002190159992,       0.0000000282718058,       0.0000000000000000,       0.0000000282718058,       0.0012869053797229
       -0.0030026116598618,       0.0000000173454198,      -0.0000000237524714,       0.0000000173454198,      -0.0000002030111513,       0.0000000757294291,      -0.0000000237524714,       0.0000000757294291,       0.0012869040121520
       -0.0030026399762047,       0.0000000187463391,       0.0000000109583699,       0.0000000187463391,      -0.0000001744047399,       0.0000000009583460,       0.0000000109583699,       0.0000000009583460,       0.0012869127175612
       -0.0030026860379510,       0.0000000291749420,       0.0000000212574298,       0.0000000291749420,      -0.0000001421916632,      -0.0000000237855558,       0.0000000212574298,      -0.0000000237855558,       0.0012869405592828
       -0.0030027374445549,       0.0000000230469931,       0.0000000028116751,       0.0000000230469931,      -0.0000001030771786,       0.0000000162351756,       0.0000000028116751,       0.0000000162351756,       0.0012869710945742
       -0.0030027921234031,       0.0000000321863068,       0.0000000192765214,       0.0000000321863068,      -0.0000000610292206,      -0.0000000104187045,       0.0000000192765214,      -0.0000000104187045,       0.0012870026793844
       -0.0030028418378595,       0.0000000195033226,       0.0000000031764497,       0.0000000195033226,      -0.0000000218634675,       0.0000000087965992,       0.0000000031764497,       0.0000000087965992,       0.0012870328607154
       -0.0030028837377095,       0.0000000227571747,       0.0000000100133720,       0.0000000227571747,       0.0000000121665635,       0.0000000000507940,       0.0000000100133720,       0.0000000000507940,       0.0012870578129610
       -0.0030029154880176,       0.0000000102982671,       0.0000000007890477,       0.0000000102982671,       0.0000000386976380,       0.0000000056910343,       0.0000000007890477,       0.0000000056910343,       0.0012870774502480
       -0.0030029363780123,       0.0000000109321858,       0.0000000040546474,       0.0000000109321858,       0.0000000566197334,       0.0000000037572686,       0.0000000040546474,       0.0000000037572686,       0.0012870902696155
       -0.0030029467506541,      -0.0000000001358021,      -0.0000000014616405,      -0.0000000001358021,       0.0000000656917732,       0.0000000047531956,      -0.0000000014616405,       0.0000000047531956,       0.0012870967946801
       -0.0030029481543751,      -0.0000000102958224,      -0.0000000067302174,      -0.0000000102958224,       0.0000000608873225,       0.0000000131300615,      -0.0000000067302174,       0.0000000131300615,       0.0012871041807073
       -0.0030029383849878,      -0.0000000206405630,       0.0000000055955199,      -0.0000000206405630,       0.0000000525889881,       0.0000000143433266,       0.0000000055955199,       0.0000000143433266,       0.0012870975109996
       -0.0030029177853225,      -0.0000000427531812,      -0.0000000127036328,      -0.0000000427531812,       0.0000000356645287,       0.0000000093751689,      -0.0000000127036328,       0.0000000093751689,       0.0012870830044478
       -0.0030028868434314,      -0.0000000522008624,       0.0000000064214216,      -0.0000000522008624,       0.0000000108891547,       0.0000000151274220,       0.0000000064214216,       0.0000000151274220,       0.0012870625183435
       -0.0030028449179593,      -0.0000000747659945,      -0.0000000277721902,      -0.0000000747659945,      -0.0000000210182882,      -0.0000000019430525,      -0.0000000277721902,      -0.0000000019430525,       0.0012870333571415
       -0.0030027936903461,      -0.0000000751871686,       0.0000000118776415,      -0.0000000751871686,      -0.0000000591011058,       0.0000000159203966,       0.0000000118776415,       0.0000000159203966,       0.0012870008581402
       -0.0030027395353582,      -0.0000000886311321,      -0.0000000448865629,      -0.0000000886311321,      -0.0000000976413583,      -0.0000000222632425,      -0.0000000448865629,      -0.0000000222632425,       0.0012869633943916
       -0.0030026815052831,      -0.0000000714272523,       0.0000000110397394,      -0.0000000714272523,      -0.0000001369949515,       0.0000000064149872,       0.0000000110397394,       0.0000000064149872,       0.0012869268246165
       -0.0030026399381073,      -0.0000000597727083,      -0.0000000067751508,      -0.0000000597727083,      -0.0000001709064345,      -0.0000000014738323,      -0.0000000067751508,      -0.0000000014738323,       0.0012869033688482
       -0.0030026047324637,      -0.0000000283185548,      -0.0000000924348064,      -0.0000000283185548,      -0.0000001722358067,      -0.0000001611725706,      -0.0000000924348064,      -0.0000001611725706,       0.0012868578552264
       -0.0030025930569670,       0.0000000000000000,       0.0000000000000000,       0.0000000000000000,      -0.0000001548505097,      -0.0000001918588552,       0.0000000000000000,      -0.0000001918588552,       0.0012868280328493
       -0.0030026047324637,       0.0000000283185548,       0.0000000924348064,       0.0000000283185548,      -0.0000001722358067,      -0.0000001611725706,       0.0000000924348064,      -0.0000001611725706,       0.0012868578552264
       -0.0030026399381072,       0.0000000597727083,       0.0000000067751508,       0.0000000597727083,      -0.0000001709064345,      -0.0000000014738323,       0.0000000067751508,      -0.0000000014738323,       0.0012869033688482
       -0.0030026815052831,       0.0000000714272523,      -0.0000000110397395,       0.0000000714272523,      -0.0000001369949515,       0.0000000064149872,      -0.0000000110397395,       0.0000000064149872,       0.0012869268246165
       -0.0030027395353582,       0.0000000886311321,       0.0000000448865629,       0.0000000886311321,      -0.0000000976413583,      -0.0000000222632425,       0.0000000448865629,      -0.0000000222632425,       0.0012869633943916
       -0.0030027936903461,       0.0000000751871686,      -0.0000000118776415,       0.0000000751871686,      -0.0000000591011058,       0.0000000159203966,      -0.0000000118776415,       0.0000000159203966,       0.0012870008581402
       -0.0030028449179593,       0.0000000747659945,       0.0000000277721902,       0.0000000747659945,      -0.0000000210182882,      -0.0000000019430525,       0.0000000277721902,      -0.0000000019430525,       0.0012870333571415
       -0.0030028868434314,       0.0000000522008624,      -0.0000000064214216,       0.0000000522008624,       0.0000000108891547,       0.0000000151274220,      -0.0000000064214216,       0.0000000151274220,       0.0012870625183435
       -0.0030029177853225,       0.0000000427531812,       0.0000000127036328,       0.0000000427531812,       0.0000000356645287,       0.0000000093751689,       0.0000000127036328,       0.0000000093751689,       0.0012870830044478
       -0.0030029383849878,       0.0000000206405630,      -0.0000000055955199,       0.0000000206405630,       0.0000000525889881,       0.0000000143433266,      -0.0000000055955199,       0.0000000143433266,       0.0012870975109996
       -0.0030029481543751,       0.0000000102958224,       0.0000000067302173,       0.0000000102958224,       0.0000000608873225,       0.0000000131300615,       0.0000000067302173,       0.0000000131300615,       0.0012871041807073
       -0.0030029510296214,      -0.0000000100654390,       0.0000000111622171,      -0.0000000100654390,       0.0000000515028020,       0.0000000225659627,       0.0000000111622171,       0.0000000225659627,       0.0012871189388777
       -0.0030029414736274,      -0.0000000391983143,      -0.0000000143903969,      -0.0000000391983143,       0.0000000442005480,       0.0000000184888856,      -0.0000000143903969,       0.0000000184888856,       0.0012871106672014
       -0.0030029232409035,      -0.0000000601912219,       0.0000000141296387,      -0.0000000601912219,       0.0000000301021691,       0.0000000246337137,       0.0000000141296387,       0.0000000246337137,       0.0012870955866776
       -0.0030028921173383,      -0.0000000924535616,      -0.0000000307533611,      -0.0000000924535616,       0.0000000084508596,       0.0000000075191008,      -0.0000000307533611,       0.0000000075191008,       0.0012870691832953
       -0.0030028510511293,      -0.0000001083907868,       0.0000000218052896,      -0.0000001083907868,      -0.0000000198840654,       0.0000000241527790,       0.0000000218052896,       0.0000000241527790,       0.0012870371520172
       -0.0030027989479361,      -0.0000001353058277,      -0.0000000599281543,      -0.0000001353058277,      -0.0000000521906610,      -0.0000000158283782,      -0.0000000599281543,      -0.0000000158283782,       0.0012869936119278
       -0.0030027380795257,      -0.0000001278414257,       0.0000000305923829,      -0.0000001278414257,      -0.0000000897194415,       0.0000000123427127,       0.0000000305923829,       0.0000000123427127,       0.0012869482630039
       -0.0030026836353227,      -0.0000001297358531,      -0.0000000586966331,      -0.0000001297358531,      -0.0000001227364101,      -0.0000000246457449,      -0.0000000586966331,      -0.0000000246457449,       0.0012869046876932
       -0.0030026248429367,      -0.0000000925103003,      -0.0000000313102645,      -0.0000000925103003,      -0.0000001477869610,      -0.0000000848395922,      -0.0000000313102645,      -0.0000000848395922,       0.0012868525620310
       -0.0030025947331747,      -0.0000000476567772,       0.0000001262387503,      -0.0000000476567772,      -0.0000001978819459,       0.0000002160433760,       0.0000001262387503,       0.0000002160433760,       0.0012868665678472
       -0.0030025857293469,       0.0000000000000000,       0.0000000000000000,       0.0000000000000000,      -0.0000002446653413,       0.0000003946583645,       0.0000000000000000,       0.0000003946583645,       0.0012868960408390
       -0.0030025947331747,       0.0000000476567771,      -0.0000001262387503,       0.0000000476567771,      -0.0000001978819459,       0.0000002160433760,      -0.0000001262387503,       0.0000002160433760,       0.0012868665678472
       -0.0030026248429367,       0.0000000925103003,       0.0000000313102645,       0.0000000925103003,      -0.0000001477869610,      -0.0000000848395922,       0.0000000313102645,      -0.0000000848395922,       0.0012868525620310
       -0.0030026836353227,       0.0000001297358531,       0.0000000586966331,       0.0000001297358531,      -0.0000001227364101,      -0.0000000246457449,       0.0000000586966331,      -0.0000000246457449,       0.0012869046876932
       -0.0030027380795257,       0.0000001278414257,      -0.0000000305923829,       0.0000001278414257,      -0.0000000897194415,       0.0000000123427127,      -0.0000000305923829,       0.0000000123427127,       0.0012869482630039
       -0.0030027989479361,       0.0000001353058277,       0.0000000599281543,       0.0000001353058277,      -0.0000000521906610,      -0.0000000158283782,       0.0000000599281543,      -0.0000000158283782,       0.0012869936119278
       -0.0030028510511292,       0.0000001083907868,      -0.0000000218052896,       0.0000001083907868,      -0.0000000198840654,       0.0000000241527790,      -0.0000000218052896,       0.0000000241527790,       0.0012870371520172
       -0.0030028921173383,       0.0000000924535616,       0.0000000307533611,       0.0000000924535616,       0.0000000084508596,       0.0000000075191008,       0.0000000307533611,       0.0000000075191008,       0.0012870691832953
       -0.0030029232409035,       0.0000000601912219,      -0.0000000141296387,       0.0000000601912219,       0.0000000301021691,       0.0000000246337137,      -0.0000000141296387,       0.0000000246337137,       0.0012870955866776
       -0.0030029414736274,       0.0000000391983143,       0.0000000143903969,       0.0000000391983143,       0.0000000442005480,       0.0000000184888856,       0.0000000143903969,       0.0000000184888856,       0.0012871106672014
       -0.0030029510296214,       0.0000000100654390,      -0.0000000111622171,       0.0000000100654390,       0.0000000515028020,       0.0000000225659627,      -0.0000000111622171,       0.0000000225659627,       0.0012871189388777
       -0.0030029542504071,      -0.0000000164113492,      -0.0000000171654057,      -0.0000000164113492,       0.0000000374782226,       0.0000000271152301,      -0.0000000171654057,       0.0000000271152301,       0.0012871395410727
       -0.0030029474531359,      -0.0000000463854234,       0.0000000203708107,      -0.0000000463854234,       0.0000000324483139,       0.0000000332113369,       0.0000000203708107,       0.0000000332113369,       0.0012871313727430
       -0.0030029284726074,      -0.0000000829953243,      -0.0000000303485262,      -0.0000000829953243,       0.0000000214136949,       0.0000000163275012,      -0.0000000303485262,       0.0000000163275012,       0.0012871106863702
       -0.0030029024702992,      -0.0000001135058195,       0.0000000307465263,      -0.0000001135058195,       0.0000000052980358,       0.0000000361646345,       0.0000000307465263,       0.0000000361646345,       0.0012870826956946
       -0.0030028585476118,      -0.0000001523135642,      -0.0000000656611572,      -0.0000001523135642,      -0.0000000163261483,      -0.0000000069576399,      -0.0000000656611572,      -0.0000000069576399,       0.0012870372899208
       -0.0030028055583733,      -0.0000001654372479,       0.0000000424024894,      -0.0000001654372479,      -0.0000000436181786,       0.0000000261789426,       0.0000000424024894,       0.0000000261789426,       0.0012869858032148
       -0.0030027430311245,      -0.0000001875012264,      -0.0000000940537406,      -0.0000001875012264,      -0.0000000708545346,      -0.0000000318367588,      -0.0000000940537406,      -0.0000000318367588,       0.0012869240196433
       -0.0030026724275901,      -0.0000001564406031,       0.0000000149325472,      -0.0000001564406031,      -0.0000001002345770,      -0.0000000442002451,       0.0000000149325472,      -0.0000000442002451,       0.0012868560027298
       -0.0030026224988984,      -0.0000001308480979,       0.0000000119564561,      -0.0000001308480979,      -0.0000001307119180,       0.0000000748061680,       0.0000000119564561,       0.0000000748061680,       0.0012868212931268
       -0.0030025798444235,      -0.0000000872435384,      -0.0000001845583277,      -0.0000000872435384,      -0.0000001103193081,      -0.0000004516703070,      -0.0000001845583277,      -0.0000004516703070,       0.0012867313311153
       -0.0030025549236807,       0.0000000000000000,       0.0000000000000000,       0.0000000000000000,      -0.0000000646940309,      -0.0000008611703862,       0.0000000000000000,      -0.0000008611703862,       0.0012866619510572
       -0.0030025798444235,       0.0000000872435384,       0.0000001845583277,       0.0000000872435384,      -0.0000001103193081,      -0.0000004516703070,       0.0000001845583277,      -0.0000004516703070,       0.0012867313311153
       -0.0030026224988984,       0.0000001308480979,      -0.0000000119564561,       0.0000001308480979,      -0.0000001307119180,       0.0000000748061680,      -0.0000000119564561,       0.0000000748061680,       0.0012868212931268
       -0.0030026724275901,       0.0000001564406031,      -0.0000000149325472,       0.0000001564406031,      -0.0000001002345770,      -0.0000000442002451,      -0.0000000149325472,      -0.0000000442002451,       0.0012868560027298
       -0.0030027430311245,       0.0000001875012264,       0.0000000940537406,       0.0000001875012264,      -0.0000000708545346,      -0.0000000318367588,       0.0000000940537406,      -0.0000000318367588,       0.0012869240196433
       -0.0030028055583733,       0.0000001654372479,      -0.0000000424024894,       0.0000001654372479,      -0.0000000436181786,       0.0000000261789426,      -0.0000000424024894,       0.0000000261789426,       0.0012869858032148
       -0.0030028585476118,       0.0000001523135642,       0.0000000656611572,       0.0000001523135642,      -0.0000000163261483,      -0.0000000069576399,       0.0000000656611572,      -0.0000000069576399,       0.0012870372899208
       -0.0030029024702992,       0.0000001135058196,      -0.0000000307465263,       0.0000001135058196,       0.0000000052980358,       0.0000000361646345,      -0.0000000307465263,       0.0000000361646345,       0.0012870826956946
       -0.0030029284726074,       0.0000000829953243,       0.0000000303485262,       0.0000000829953243,       0.0000000214136949,       0.0000000163275012,       0.0000000303485262,       0.0000000163275012,       0.0012871106863702
       -0.0030029474531359,       0.0000000463854234,      -0.0000000203708107,       0.0000000463854234,       0.0000000324483139,       0.0000000332113369,      -0.0000000203708107,       0.0000000332113369,       0.0012871313727430
       -0.0030029542504071,       0.0000000164113492,       0.0000000171654057,       0.0000000164113492,       0.0000000374782226,       0.0000000271152301,       0.0000000171654057,       0.0000000271152301,       0.0012871395410727
       -0.0030029590700049,      -0.0000000190387622,       0.0000000232359807,      -0.0000000190387622,       0.0000000198254646,       0.0000000369483659,       0.0000000232359807,       0.0000000369483659,       0.0012871661132180
       -0.0030029509732207,      -0.0000000529953378,      -0.0000000271461543,      -0.0000000529953378,       0.0000000167543166,       0.0000000235708839,      -0.0000000271461543,       0.0000000235708839,       0.0012871542571697
       -0.0030029403289413,      -0.0000000937156220,       0.0000000364748705,      -0.0000000937156220,       0.0000000112423419,       0.0000000468991269,       0.0000000364748705,       0.0000000468991269,       0.0012871341365090
       -0.0030029092561518,      -0.0000001354318426,      -0.0000000610822812,      -0.0000001354318426,       0.0000000014869219,       0.0000000015329515,      -0.0000000610822812,       0.0000000015329515,       0.0012870932508345
       -0.0030028737085769,      -0.0000001700159916,       0.0000000501114058,      -0.0000001700159916,      -0.0000000115136773,       0.0000000444318144,       0.0000000501114058,       0.0000000444318144,       0.0012870427083416
       -0.0030028124162785,      -0.0000002086687790,      -0.0000001078403048,      -0.0000002086687790,      -0.0000000275822656,      -0.0000000288878626,      -0.0000001078403048,      -0.0000000288878626,       0.0012869699719885
       -0.0030027447852984,      -0.0000002026886390,       0.0000000340737449,      -0.0000002026886390,      -0.0000000468000418,      -0.0000000088417261,       0.0000000340737449,      -0.0000000088417261,       0.0012868858115981
       -0.0030026727041621,      -0.0000002087209595,      -0.0000000673111578,      -0.0000002087209595,      -0.0000000665275543,       0.0000000077144156,      -0.0000000673111578,       0.0000000077144156,       0.0012868113573501
       -0.0030026018053582,      -0.0000001515889222,      -0.0000001061720036,      -0.0000001515889222,      -0.0000000748367820,      -0.0000002644584510,      -0.0000001061720036,      -0.0000002644584510,       0.0012867097939835
       -0.0030025484587681,      -0.0000000457288036,       0.0000001637063056,      -0.0000000457288036,      -0.0000001206400980,       0.0000004624060681,       0.0000001637063056,       0.0000004624060681,       0.0012867136557450
       -0.0030025570194245,       0.0000000000000000,       0.0000000000000000,       0.0000000000000000,      -0.0000001795813078,       0.0000011487666032,       0.0000000000000000,       0.0000011487666032,       0.0012867678284184
       -0.0030025484587681,       0.0000000457288036,      -0.0000001637063056,       0.0000000457288036,      -0.0000001206400980,       0.0000004624060681,      -0.0000001637063056,       0.0000004624060681,       0.0012867136557450
       -0.0030026018053582,       0.0000001515889222,       0.0000001061720036,       0.0000001515889222,      -0.0000000748367820,      -0.0000002644584510,       0.0000001061720036,      -0.0000002644584510,       0.0012867097939835
       -0.0030026727041621,       0.0000002087209595,       0.0000000673111578,       0.0000002087209595,      -0.0000000665275543,       0.0000000077144156,       0.0000000673111578,       0.0000000077144156,       0.0012868113573501
       -0.0030027447852984,       0.0000002026886390,      -0.0000000340737449,       0.0000002026886390,      -0.0000000468000418,      -0.0000000088417261,      -0.0000000340737449,      -0.0000000088417261,       0.0012868858115981
       -0.0030028124162785,       0.0000002086687790,       0.0000001078403048,       0.0000002086687790,      -0.0000000275822656,      -0.0000000288878626,       0.0000001078403048,      -0.0000000288878626,       0.0012869699719885
       -0.0030028737085769,       0.0000001700159916,      -0.0000000501114058,       0.0000001700159916,      -0.0000000115136773,       0.0000000444318144,      -0.0000000501114058,       0.0000000444318144,       0.0012870427083416
       -0.0030029092561518,       0.0000001354318425,       0.0000000610822812,       0.0000001354318425,       0.0000000014869219,       0.0000000015329515,       0.0000000610822812,       0.0000000015329515,       0.0012870932508345
       -0.0030029403289413,       0.0000000937156220,      -0.0000000364748705,       0.0000000937156220,       0.0000000112423419,       0.0000000468991269,      -0.0000000364748705,       0.0000000468991269,       0.0012871341365090
       -0.0030029509732207,       0.0000000529953378,       0.0000000271461543,       0.0000000529953378,       0.0000000167543166,       0.0000000235708840,       0.0000000271461543,       0.0000000235708840,       0.0012871542571697
       -0.0030029590700049,       0.0000000190387622,      -0.0000000232359807,       0.0000000190387622,       0.0000000198254646,       0.0000000369483659,      -0.0000000232359807,       0.0000000369483659,       0.0012871661132180
       -0.0030029617907404,      -0.0000000131109230,      -0.0000000213546898,      -0.0000000131109230,      -0.0000000008652498,       0.0000000311837150,      -0.0000000213546898,       0.0000000311837150,       0.0012871945316533
       -0.0030029608914901,      -0.0000000607027478,       0.0000000316565070,      -0.0000000607027478,      -0.0000000006082704,       0.0000000508388413,       0.0000000316565070,       0.0000000508388413,       0.0012871841674998
       -0.0030029437365748,      -0.0000000937461428,      -0.0000000424586539,      -0.0000000937461428,      -0.0000000012673073,       0.0000000074855675,      -0.0000000424586539,       0.0000000074855675,       0.0012871540512609
       -0.0030029291082609,      -0.0000001436226300,       0.0000000472221572,      -0.0000001436226300,      -0.0000000015907958,       0.0000000604685767,       0.0000000472221572,       0.0000000604685767,       0.0012871124398463
       -0.0030028793387470,      -0.0000001857617440,      -0.0000000920218208,      -0.0000001857617440,      -0.0000000044597318,      -0.0000000219733916,      -0.0000000920218208,      -0.0000000219733916,       0.0012870409675887
       -0.0030028295494208,      -0.0000002112115069,       0.0000000295660679,      -0.0000002112115069,      -0.0000000069023608,       0.0000000251709525,       0.0000000295660679,       0.0000000251709525,       0.0012869506004879
       -0.0030027453081523,      -0.0000002414165132,      -0.0000000922351647,      -0.0000002414165132,      -0.0000000137810638,      -0.0000000171156790,      -0.0000000922351647,      -0.0000000171156790,       0.0012868485162254
       -0.0030026678659010,      -0.0000002030835658,      -0.0000000847415151,      -0.0000002030835658,      -0.0000000156675923,      -0.0000001538101314,      -0.0000000847415151,      -0.0000001538101314,       0.0012867187396204
       -0.0030025803034760,      -0.0000001614473925,       0.0000000858686059,      -0.0000001614473925,      -0.0000000282467568,       0.0000002093765848,       0.0000000858686059,       0.0000002093765848,       0.0012866453369471
       -0.0030025537810778,      -0.0000001579750789,      -0.0000001905406948,      -0.0000001579750789,      -0.0000000108208694,      -0.0000007311501171,      -0.0000001905406948,      -0.0000007311501171,       0.0012865319459906
       -0.0030024806856347,       0.0000000000000000,       0.0000000000000000,       0.0000000000000000,       0.0000000324296224,      -0.0000017573436859,       0.0000000000000000,      -0.0000017573436859,       0.0012864193266788
       -0.0030025537810778,       0.0000001579750789,       0.0000001905406948,       0.0000001579750789,      -0.0000000108208694,      -0.0000007311501171,       0.0000001905406948,      -0.0000007311501171,       0.0012865319459906
       -0.0030025803034760,       0.0000001614473925,      -0.0000000858686059,       0.0000001614473925,      -0.0000000282467568,       0.0000002093765848,      -0.0000000858686059,       0.0000002093765848,       0.0012866453369471
       -0.0030026678659010,       0.0000002030835658,       0.0000000847415151,       0.0000002030835658,      -0.0000000156675923,      -0.0000001538101314,       0.0000000847415151,      -0.0000001538101314,       0.0012867187396204
       -0.0030027453081523,       0.0000002414165132,       0.0000000922351647,       0.0000002414165132,      -0.0000000137810638,      -0.0000000171156790,       0.0000000922351647,      -0.0000000171156790,       0.0012868485162254
       -0.0030028295494208,       0.0000002112115069,      -0.0000000295660679,       0.0000002112115069,      -0.0000000069023608,       0.0000000251709525,      -0.0000000295660679,       0.0000000251709525,       0.0012869506004879
       -0.0030028793387470,       0.0000001857617440,       0.0000000920218208,       0.0000001857617440,      -0.0000000044597318,      -0.0000000219733916,       0.0000000920218208,      -0.0000000219733916,       0.0012870409675887
       -0.0030029291082609,       0.0000001436226300,      -0.0000000472221572,       0.0000001436226300,      -0.0000000015907958,       0.0000000604685767,      -0.0000000472221572,       0.0000000604685767,       0.0012871124398463
       -0.0030029437365748,       0.0000000937461428,       0.0000000424586539,       0.0000000937461428,      -0.0000000012673073,       0.0000000074855675,       0.0000000424586539,       0.0000000074855675,       0.0012871540512609
       -0.0030029608914901,       0.0000000607027478,      -0.0000000316565070,       0.0000000607027478,      -0.0000000006082703,       0.0000000508388413,      -0.0000000316565070,       0.0000000508388413,       0.0012871841674998
       -0.0030029617907404,       0.0000000131109230,       0.0000000213546897,       0.0000000131109230,      -0.0000000008652498,       0.0000000311837150,       0.0000000213546897,       0.0000000311837150,       0.0012871945316533
       -0.0030029671803050,      -0.0000000265806826,       0.0000000062870677,      -0.0000000265806826,      -0.0000000224350373,       0.0000000426291861,       0.0000000062870677,       0.0000000426291861,       0.0012872253185161
       -0.0030029615825520,      -0.0000000438695587,      -0.0000000046709074,      -0.0000000438695587,      -0.0000000195146908,       0.0000000136702678,      -0.0000000046709074,       0.0000000136702678,       0.0012872101867530
       -0.0030029616161236,      -0.0000001008081393,       0.0000000157809830,      -0.0000001008081393,      -0.0000000131857242,       0.0000000651993613,       0.0000000157809830,       0.0000000651993613,       0.0012871812682744
       -0.0030029312330012,      -0.0000001307099609,      -0.0000000299709174,      -0.0000001307099609,      -0.0000000056990459,      -0.0000000142823081,      -0.0000000299709174,      -0.0000000142823081,       0.0012871248923418
       -0.0030029060291387,      -0.0000001805858977,      -0.0000000164997664,      -0.0000001805858977,       0.0000000067237508,       0.0000000505799710,      -0.0000000164997664,       0.0000000505799710,       0.0012870412261177
       -0.0030028282675212,      -0.0000002168205773,      -0.0000000339672971,      -0.0000002168205773,       0.0000000144662782,      -0.0000000179236871,      -0.0000000339672971,      -0.0000000179236871,       0.0012869333736888
       -0.0030027637713514,      -0.0000002180238584,      -0.0000001444498299,      -0.0000002180238584,       0.0000000316353296,      -0.0000000774728363,      -0.0000001444498299,      -0.0000000774728363,       0.0012867830934674
       -0.0030026434848591,      -0.0000002176589967,       0.0000000914946699,      -0.0000002176589967,       0.0000000364664519,       0.0000000988163211,       0.0000000914946699,       0.0000000988163211,       0.0012866556893105
       -0.0030025977529313,      -0.0000001903204780,      -0.0000002986314101,      -0.0000001903204780,       0.0000000456741203,      -0.0000004285683079,      -0.0000002986314101,      -0.0000004285683079,       0.0012865094055180
       -0.0030024611829024,       0.0000000074177934,       0.0000000740969976,       0.0000000074177934,       0.0000000548891458,       0.0000005151819205,       0.0000000740969976,       0.0000005151819205,       0.0012864227977960
       -0.0030025398321195,       0.0000000000000000,       0.0000000000000000,       0.0000000000000000,       0.0000000429208997,       0.0000018725342971,       0.0000000000000000,       0.0000018725342971,       0.0012864893346226
       -0.0030024611829024,      -0.0000000074177934,      -0.0000000740969976,      -0.0000000074177934,       0.0000000548891458,       0.0000005151819205,      -0.0000000740969976,       0.0000005151819205,       0.0012864227977960
       -0.0030025977529313,       0.0000001903204780,       0.0000002986314101,       0.0000001903204780,       0.0000000456741203,      -0.0000004285683079,       0.0000002986314101,      -0.0000004285683079,       0.0012865094055180
       -0.0030026434848591,       0.0000002176589966,      -0.0000000914946699,       0.0000002176589966,       0.0000000364664519,       0.0000000988163211,      -0.0000000914946699,       0.0000000988163211,       0.0012866556893105
       -0.0030027637713514,       0.0000002180238584,       0.0000001444498299,       0.0000002180238584,       0.0000000316353296,      -0.0000000774728363,       0.0000001444498299,      -0.0000000774728363,       0.0012867830934674
       -0.0030028282675212,       0.0000002168205773,       0.0000000339672971,       0.0000002168205773,       0.0000000144662782,      -0.0000000179236871,       0.0000000339672971,      -0.0000000179236871,       0.0012869333736888
       -0.0030029060291387,       0.0000001805858977,       0.0000000164997664,       0.0000001805858977,       0.0000000067237508,       0.0000000505799710,       0.0000000164997664,       0.0000000505799710,       0.0012870412261177
       -0.0030029312330012,       0.0000001307099609,       0.0000000299709174,       0.0000001307099609,      -0.0000000056990459,      -0.0000000142823081,       0.0000000299709174,      -0.0000000142823081,       0.0012871248923418
       -0.0030029616161236,       0.0000001008081393,      -0.0000000157809830,       0.0000001008081393,      -0.0000000131857242,       0.0000000651993613,      -0.0000000157809830,       0.0000000651993613,       0.0012871812682744
       -0.0030029615825520,       0.0000000438695587,       0.0000000046709074,       0.0000000438695587,      -0.0000000195146908,       0.0000000136702678,       0.0000000046709074,       0.0000000136702678,       0.0012872101867530
       -0.0030029671803050,       0.0000000265806826,      -0.0000000062870677,       0.0000000265806826,      -0.0000000224350373,       0.0000000426291861,      -0.0000000062870677,       0.0000000426291861,       0.0012872253185161
       -0.0030029689976301,      -0.0000000031082125,       0.0000000669317844,      -0.0000000031082125,      -0.0000000429594247,       0.0000000244503934,       0.0000000669317844,       0.0000000244503934,       0.0012872533511462
       -0.0030029702547005,      -0.0000000560536314,      -0.0000000684149584,      -0.0000000560536314,      -0.0000000371409413,       0.0000000487399376,      -0.0000000684149584,       0.0000000487399376,       0.0012872355199454
       -0.0030029643293772,      -0.0000000691515577,       0.0000000985500266,      -0.0000000691515577,      -0.0000000254082092,       0.0000000021146290,       0.0000000985500266,       0.0000000021146290,       0.0012872061890801
       -0.0030029525796181,      -0.0000001258356011,      -0.0000001485605414,      -0.0000001258356011,      -0.0000000063181962,       0.0000000474339444,      -0.0000001485605414,       0.0000000474339444,       0.0012871329641212
       -0.0030029067629923,      -0.0000001508144743,       0.0000001642238798,      -0.0000001508144743,       0.0000000131186033,       0.0000000029187709,       0.0000001642238798,       0.0000000029187709,       0.0012870509178316
       -0.0030028591490913,      -0.0000001878525459,      -0.0000003478689700,      -0.0000001878525459,       0.0000000465337929,      -0.0000000381356504,      -0.0000003478689700,      -0.0000000381356504,       0.0012868930372608
       -0.0030027365543085,      -0.0000001968301969,       0.0000003009136355,      -0.0000001968301969,       0.0000000678612396,       0.0000000683794598,       0.0000003009136355,       0.0000000683794598,       0.0012867488000970
       -0.0030026940757405,      -0.0000002063052737,      -0.0000005516050846,      -0.0000002063052737,       0.0000000980665079,      -0.0000002513741334,      -0.0000005516050846,      -0.0000002513741334,       0.0012865609185410
       -0.0030024895972376,      -0.0000000901713232,       0.0000003371480456,      -0.0000000901713232,       0.0000001355598751,       0.0000002178673888,       0.0000003371480456,       0.0000002178673888,       0.0012863747315468
       -0.0030025688866402,      -0.0000002123335407,      -0.0000000999159841,      -0.0000002123335407,       0.0000001159613482,      -0.0000005405436304,      -0.0000000999159841,      -0.0000005405436304,       0.0012863239455183
       -0.0030023616588547,       0.0000000000000000,       0.0000000000000000,       0.0000000000000000,       0.0000000793078483,      -0.0000022607425183,       0.0000000000000000,      -0.0000022607425183,       0.0012861701414365
       -0.0030025688866402,       0.0000002123335407,       0.0000000999159841,       0.0000002123335407,       0.0000001159613481,      -0.0000005405436304,       0.0000000999159841,      -0.0000005405436304,       0.0012863239455183
       -0.0030024895972376,       0.0000000901713232,      -0.0000003371480456,       0.0000000901713232,       0.0000001355598751,       0.0000002178673888,      -0.0000003371480456,       0.0000002178673888,       0.0012863747315468
       -0.0030026940757405,       0.0000002063052737,       0.0000005516050846,       0.0000002063052737,       0.0000000980665079,      -0.0000002513741334,       0.0000005516050846,      -0.0000002513741334,       0.0012865609185410
       -0.0030027365543085,       0.0000001968301969,      -0.0000003009136355,       0.0000001968301969,       0.0000000678612396,       0.0000000683794598,      -0.0000003009136355,       0.0000000683794598,       0.0012867488000970
       -0.0030028591490913,       0.0000001878525459,       0.0000003478689700,       0.0000001878525459,       0.0000000465337929,      -0.0000000381356504,       0.0000003478689700,      -0.0000000381356504,       0.0012868930372608
       -0.0030029067629923,       0.0000001508144743,      -0.0000001642238798,       0.0000001508144743,       0.0000000131186033,       0.0000000029187709,      -0.0000001642238798,       0.0000000029187709,       0.0012870509178316
       -0.0030029525796181,       0.0000001258356011,       0.0000001485605414,       0.0000001258356011,      -0.0000000063181962,       0.0000000474339444,       0.0000001485605414,       0.0000000474339444,       0.0012871329641212
       -0.0030029643293772,       0.0000000691515577,      -0.0000000985500266,       0.0000000691515577,      -0.0000000254082092,       0.0000000021146290,      -0.0000000985500266,       0.0000000021146290,       0.0012872061890801
       -0.0030029702547005,       0.0000000560536314,       0.0000000684149584,       0.0000000560536314,      -0.0000000371409413,       0.0000000487399376,       0.0000000684149584,       0.0000000487399376,       0.0012872355199454
       -0.0030029689976301,       0.0000000031082125,      -0.0000000669317844,       0.0000000031082125,      -0.0000000429594247,       0.0000000244503934,      -0.0000000669317844,       0.0000000244503934,       0.0012872533511462
       -0.0030029671213783,      -0.0000000097907170,      -0.0000002530367394,      -0.0000000097907170,      -0.0000000602482581,       0.0000000167513512,      -0.0000002530367394,       0.0000000167513512,       0.0012872704400857
       -0.0030029856663734,      -0.0000000328273833,       0.0000003217459154,      -0.0000000328273833,      -0.0000000513148021,       0.0000000428786713,       0.0000003217459154,       0.0000000428786713,       0.0012872737439168
