       -0.0029951340415307,       0.0000000028490509,       0.0000000005196719,       0.0000000028490509,      -0.0000000908333900,      -0.0000000039011147,       0.0000000005196719,      -0.0000000039011147,       0.0017179925824927
       -0.0029951616396784,       0.0000000089149698,       0.0000000016222046,       0.0000000089149698,      -0.0000000708616609,      -0.0000000044783361,       0.0000000016222046,      -0.0000000044783361,       0.0017180075553944
       -0.0029952166417844,       0.0000000144558731,       0.0000000035971198,       0.0000000144558731,      -0.0000000320660948,      -0.0000000024197436,       0.0000000035971198,      -0.0000000024197436,       0.0017180371837363
       -0.0029952959822301,       0.0000000197996198,       0.0000000049821232,       0.0000000197996198,       0.0000000232647610,      -0.0000000045002029,       0.0000000049821232,      -0.0000000045002029,       0.0017180798329498
       -0.0029953968051021,       0.0000000238122179,       0.0000000078636774,       0.0000000238122179,       0.0000000912437639,       0.0000000005908011,       0.0000000078636774,       0.0000000005908011,       0.0017181332416429
       -0.0029955104399114,       0.0000000260648999,       0.0000000096078254,       0.0000000260648999,       0.0000001662897908,      -0.0000000022595603,       0.0000000096078254,      -0.0000000022595603,       0.0017181939125920
       -0.0029956287526878,       0.0000000262273734,       0.0000000081627196,       0.0000000262273734,       0.0000002427811183,       0.0000000008072812,       0.0000000081627196,       0.0000000008072812,       0.0017182547700212
       -0.0029957378732781,       0.0000000221910746,       0.0000000138178392,       0.0000000221910746,       0.0000003110746148,       0.0000000127995794,       0.0000000138178392,       0.0000000127995794,       0.0017183137507104
       -0.0029958285360332,       0.0000000179705044,       0.0000000037267533,       0.0000000179705044,       0.0000003665400459,      -0.0000000252291357,       0.0000000037267533,      -0.0000000252291357,       0.0017183598369248
       -0.0029958857565216,       0.0000000181005010,      -0.0000000119142802,       0.0000000181005010,       0.0000004165528643,       0.0000000672453816,      -0.0000000119142802,       0.0000000672453816,       0.0017183762699647
       -0.0029959070616439,       0.0000000000000001,       0.0000000000000004,       0.0000000000000001,       0.0000004415713093,       0.0000001852418734,       0.0000000000000004,       0.0000001852418734,       0.0017183762873548
       -0.0029958857565197,      -0.0000000181005009,       0.0000000119142800,      -0.0000000181005009,       0.0000004165528632,       0.0000000672453813,       0.0000000119142800,       0.0000000672453813,       0.0017183762699627
       -0.0029958285360339,      -0.0000000179705046,      -0.0000000037267536,      -0.0000000179705046,       0.0000003665400465,      -0.0000000252291356,      -0.0000000037267536,      -0.0000000252291356,       0.0017183598369259
       -0.0029957378732785,      -0.0000000221910748,      -0.0000000138178391,      -0.0000000221910748,       0.0000003110746142,       0.0000000127995795,      -0.0000000138178391,       0.0000000127995795,       0.0017183137507113
       -0.0029956287526858,      -0.0000000262273735,      -0.0000000081627201,      -0.0000000262273735,       0.0000002427811179,       0.0000000008072813,      -0.0000000081627201,       0.0000000008072813,       0.0017182547700203
       -0.0029955104399119,      -0.0000000260648998,      -0.0000000096078249,      -0.0000000260648998,       0.0000001662897910,      -0.0000000022595601,      -0.0000000096078249,      -0.0000000022595601,       0.0017181939125920
       -0.0029953968051012,      -0.0000000238122173,      -0.0000000078636775,      -0.0000000238122173,       0.0000000912437632,       0.0000000005908013,      -0.0000000078636775,       0.0000000005908013,       0.0017181332416407
       -0.0029952959822319,      -0.0000000197996198,      -0.0000000049821235,      -0.0000000197996198,       0.0000000232647603,      -0.0000000045002028,      -0.0000000049821235,      -0.0000000045002028,       0.0017180798329465
       -0.0029952166417868,      -0.0000000144558736,      -0.0000000035971198,      -0.0000000144558736,      -0.0000000320660953,      -0.0000000024197437,      -0.0000000035971198,      -0.0000000024197437,       0.0017180371837339
       -0.0029951616396786,      -0.0000000089149694,      -0.0000000016222047,      -0.0000000089149694,      -0.0000000708616610,      -0.0000000044783360,      -0.0000000016222047,      -0.0000000044783360,       0.0017180075553931
       -0.0029951340415300,      -0.0000000028490512,      -0.0000000005196715,      -0.0000000028490512,      -0.0000000908333887,      -0.0000000039011147,      -0.0000000005196715,      -0.0000000039011147,       0.0017179925824944
       -0.0029951306866539,       0.0000000088553758,       0.0000000005527241,       0.0000000088553758,      -0.0000000835989353,      -0.0000000122011673,       0.0000000005527241,      -0.0000000122011673,       0.0017179807950907
       -0.0029951579635134,       0.0000000254416134,       0.0000000017038384,       0.0000000254416134,      -0.0000000651328956,      -0.0000000106927211,       0.0000000017038384,      -0.0000000106927211,       0.0017179971070241
       -0.0029952107345794,       0.0000000426380599,       0.0000000028365270,       0.0000000426380599,      -0.0000000289737624,      -0.0000000115666066,       0.0000000028365270,      -0.0000000115666066,       0.0017180289229007
       -0.0029952906351333,       0.0000000574931796,       0.0000000067375830,       0.0000000574931796,       0.0000000226142736,      -0.0000000063329065,       0.0000000067375830,      -0.0000000063329065,       0.0017180760518194
       -0.0029953902273098,       0.0000000698720020,       0.0000000083717584,       0.0000000698720020,       0.0000000862592743,      -0.0000000064306764,       0.0000000083717584,      -0.0000000064306764,       0.0017181359617003
       -0.0029955074627726,       0.0000000765152071,       0.0000000096387409,       0.0000000765152071,       0.0000001577980254,       0.0000000001620913,       0.0000000096387409,       0.0000000001620913,       0.0017182028696116
       -0.0029956272833531,       0.0000000758997499,       0.0000000192109604,       0.0000000758997499,       0.0000002278853147,       0.0000000091255084,       0.0000000192109604,       0.0000000091255084,       0.0017182769444163
       -0.0029957434527958,       0.0000000674972963,      -0.0000000008189843,       0.0000000674972963,       0.0000002964463741,      -0.0000000021017718,      -0.0000000008189843,      -0.0000000021017718,       0.0017183386936703
       -0.0029958332289997,       0.0000000504263851,       0.0000000195224778,       0.0000000504263851,       0.0000003504138456,       0.0000000393484406,       0.0000000195224778,       0.0000000393484406,       0.0017183932615078
       -0.0029958992251976,       0.0000000191689740,       0.0000000526111473,       0.0000000191689740,       0.0000003443358936,       0.0000000093130307,       0.0000000526111473,       0.0000000093130307,       0.0017184705879808
       -0.0029959181984570,       0.0000000000000000,       0.0000000000000000,       0.0000000000000000,       0.0000003192146281,      -0.0000000598365725,       0.0000000000000000,      -0.0000000598365725,       0.0017185150861554
       -0.0029958992251955,      -0.0000000191689741,      -0.0000000526111472,      -0.0000000191689741,       0.0000003443358927,       0.0000000093130306,      -0.0000000526111472,       0.0000000093130306,       0.0017184705879795
       -0.0029958332290014,      -0.0000000504263852,      -0.0000000195224780,      -0.0000000504263852,       0.0000003504138454,       0.0000000393484405,      -0.0000000195224780,       0.0000000393484405,       0.0017183932615078
       -0.0029957434527964,      -0.0000000674972962,       0.0000000008189841,      -0.0000000674972962,       0.0000002964463734,      -0.0000000021017720,       0.0000000008189841,      -0.0000000021017720,       0.0017183386936697
       -0.0029956272833523,      -0.0000000758997500,      -0.0000000192109603,      -0.0000000758997500,       0.0000002278853147,       0.0000000091255085,      -0.0000000192109603,       0.0000000091255085,       0.0017182769444152
       -0.0029955074627722,      -0.0000000765152070,      -0.0000000096387408,      -0.0000000765152070,       0.0000001577980250,       0.0000000001620914,      -0.0000000096387408,       0.0000000001620914,       0.0017182028696098
       -0.0029953902273099,      -0.0000000698720018,      -0.0000000083717583,      -0.0000000698720018,       0.0000000862592736,      -0.0000000064306765,      -0.0000000083717583,      -0.0000000064306765,       0.0017181359616977
       -0.0029952906351340,      -0.0000000574931796,      -0.0000000067375833,      -0.0000000574931796,       0.0000000226142727,      -0.0000000063329065,      -0.0000000067375833,      -0.0000000063329065,       0.0017180760518190
       -0.0029952107345783,      -0.0000000426380597,      -0.0000000028365267,      -0.0000000426380597,      -0.0000000289737597,      -0.0000000115666064,      -0.0000000028365267,      -0.0000000115666064,       0.0017180289229030
       -0.0029951579635146,      -0.0000000254416137,      -0.0000000017038388,      -0.0000000254416137,      -0.0000000651328960,      -0.0000000106927211,      -0.0000000017038388,      -0.0000000106927211,       0.0017179971070221
       -0.0029951306866547,      -0.0000000088553758,      -0.0000000005527239,      -0.0000000088553758,      -0.0000000835989348,      -0.0000000122011675,      -0.0000000005527239,      -0.0000000122011675,       0.0017179807950920
       -0.0029951250576338,       0.0000000128742164,      -0.0000000004347232,       0.0000000128742164,      -0.0000000695191461,      -0.0000000186064484,      -0.0000000004347232,      -0.0000000186064484,       0.0017179584702143
       -0.0029951496771233,       0.0000000408966344,       0.0000000016562715,       0.0000000408966344,      -0.0000000538419514,      -0.0000000192245921,       0.0000000016562715,      -0.0000000192245921,       0.0017179766966894
       -0.0029952018440912,       0.0000000662465911,       0.0000000034219453,       0.0000000662465911,      -0.0000000233215475,      -0.0000000147073577,       0.0000000034219453,      -0.0000000147073577,       0.0017180139153296
       -0.0029952776603935,       0.0000000914324052,       0.0000000070616672,       0.0000000914324052,       0.0000000209035813,      -0.0000000140700943,       0.0000000070616672,      -0.0000000140700943,       0.0017180694897627
       -0.0029953807148553,       0.0000001101114591,       0.0000000099753461,       0.0000001101114591,       0.0000000762104703,      -0.0000000065401093,       0.0000000099753461,      -0.0000000065401093,       0.0017181405593717
       -0.0029954985597854,       0.0000001214595870,       0.0000000210258991,       0.0000001214595870,       0.0000001367638448,       0.0000000044528328,       0.0000000210258991,       0.0000000044528328,       0.0017182276037878
       -0.0029956286768849,       0.0000001202735539,       0.0000000046936503,       0.0000001202735539,       0.0000002023452593,       0.0000000004814065,       0.0000000046936503,       0.0000000004814065,       0.0017183115235925
       -0.0029957466525115,       0.0000001074294320,       0.0000000396174514,       0.0000001074294320,       0.0000002562844194,       0.0000000376001442,       0.0000000396174514,       0.0000000376001442,       0.0017184029379180
       -0.0029958558131474,       0.0000000773920007,       0.0000000022949977,       0.0000000773920007,       0.0000002989839125,       0.0000000199630316,       0.0000000022949977,       0.0000000199630316,       0.0017184768685619
       -0.0029959146233763,       0.0000000469838816,      -0.0000000672447450,       0.0000000469838816,       0.0000003898492551,      -0.0000000501772082,      -0.0000000672447450,      -0.0000000501772082,       0.0017184557765086
       -0.0029959414393383,       0.0000000000000000,      -0.0000000000000001,       0.0000000000000000,       0.0000004588069813,      -0.0000000693318375,      -0.0000000000000001,      -0.0000000693318375,       0.0017184180779095
       -0.0029959146233751,      -0.0000000469838817,       0.0000000672447450,      -0.0000000469838817,       0.0000003898492553,      -0.0000000501772081,       0.0000000672447450,      -0.0000000501772081,       0.0017184557765089
       -0.0029958558131488,      -0.0000000773920006,      -0.0000000022949978,      -0.0000000773920006,       0.0000002989839121,       0.0000000199630316,      -0.0000000022949978,       0.0000000199630316,       0.0017184768685610
       -0.0029957466525112,      -0.0000001074294316,      -0.0000000396174515,      -0.0000001074294316,       0.0000002562844196,       0.0000000376001443,      -0.0000000396174515,       0.0000000376001443,       0.0017184029379189
       -0.0029956286768842,      -0.0000001202735540,      -0.0000000046936500,      -0.0000001202735540,       0.0000002023452600,       0.0000000004814065,      -0.0000000046936500,       0.0000000004814065,       0.0017183115235927
       -0.0029954985597838,      -0.0000001214595870,      -0.0000000210258991,      -0.0000001214595870,       0.0000001367638452,       0.0000000044528329,      -0.0000000210258991,       0.0000000044528329,       0.0017182276037880
       -0.0029953807148551,      -0.0000001101114593,      -0.0000000099753463,      -0.0000001101114593,       0.0000000762104696,      -0.0000000065401092,      -0.0000000099753463,      -0.0000000065401092,       0.0017181405593717
       -0.0029952776603943,      -0.0000000914324051,      -0.0000000070616672,      -0.0000000914324051,       0.0000000209035815,      -0.0000000140700944,      -0.0000000070616672,      -0.0000000140700944,       0.0017180694897625
       -0.0029952018440920,      -0.0000000662465910,      -0.0000000034219450,      -0.0000000662465910,      -0.0000000233215477,      -0.0000000147073578,      -0.0000000034219450,      -0.0000000147073578,       0.0017180139153302
       -0.0029951496771249,      -0.0000000408966345,      -0.0000000016562719,      -0.0000000408966345,      -0.0000000538419522,      -0.0000000192245920,      -0.0000000016562719,      -0.0000000192245920,       0.0017179766966892
       -0.0029951250576346,      -0.0000000128742166,       0.0000000004347234,      -0.0000000128742166,      -0.0000000695191448,      -0.0000000186064482,       0.0000000004347234,      -0.0000000186064482,       0.0017179584702149
       -0.0029951172269392,       0.0000000180100718,       0.0000000021190909,       0.0000000180100718,      -0.0000000492366742,      -0.0000000249710669,       0.0000000021190909,      -0.0000000249710669,       0.0017179273511643
       -0.0029951404144590,       0.0000000506091805,      -0.0000000013773475,       0.0000000506091805,      -0.0000000379938774,      -0.0000000224650488,      -0.0000000013773475,      -0.0000000224650488,       0.0017179488751630
       -0.0029951871042369,       0.0000000861800174,       0.0000000059913952,       0.0000000861800174,      -0.0000000153596601,      -0.0000000221559809,       0.0000000059913952,      -0.0000000221559809,       0.0017179935953483
       -0.0029952631281918,       0.0000001162988350,       0.0000000049635823,       0.0000001162988350,       0.0000000174799192,      -0.0000000155914139,       0.0000000049635823,      -0.0000000155914139,       0.0017180605457084
       -0.0029953639878383,       0.0000001426329390,       0.0000000226805280,       0.0000001426329390,       0.0000000583581360,      -0.0000000045051452,       0.0000000226805280,      -0.0000000045051452,       0.0017181538969596
       -0.0029954905937123,       0.0000001558563634,       0.0000000081946319,       0.0000001558563634,       0.0000001068709835,      -0.0000000051420543,       0.0000000081946319,      -0.0000000051420543,       0.0017182572459540
       -0.0029956239961277,       0.0000001569366695,       0.0000000496240934,       0.0000001569366695,       0.0000001519161783,       0.0000000351890397,       0.0000000496240934,       0.0000000351890397,       0.0017183809445919
       -0.0029957640838035,       0.0000001342369476,      -0.0000000035269357,       0.0000001342369476,       0.0000001995890373,       0.0000000120290029,      -0.0000000035269357,       0.0000000120290029,       0.0017184871982495
       -0.0029958626315608,       0.0000001081546968,       0.0000000287517522,       0.0000001081546968,       0.0000002443407471,       0.0000000237125714,       0.0000000287517522,       0.0000000237125714,       0.0017185666884950
       -0.0029959500855757,       0.0000000576808433,       0.0000001065283767,       0.0000000576808433,       0.0000001991148266,       0.0000002517896976,       0.0000001065283767,       0.0000002517896976,       0.0017187146247583
       -0.0029959734939177,       0.0000000000000001,      -0.0000000000000002,       0.0000000000000001,       0.0000001344669210,       0.0000004028216451,      -0.0000000000000002,       0.0000004028216451,       0.0017188093683954
       -0.0029959500855748,      -0.0000000576808432,      -0.0000001065283766,      -0.0000000576808432,       0.0000001991148264,       0.0000002517896975,      -0.0000001065283766,       0.0000002517896975,       0.0017187146247587
       -0.0029958626315604,      -0.0000001081546969,      -0.0000000287517519,      -0.0000001081546969,       0.0000002443407475,       0.0000000237125715,      -0.0000000287517519,       0.0000000237125715,       0.0017185666884950
       -0.0029957640838036,      -0.0000001342369477,       0.0000000035269356,      -0.0000001342369477,       0.0000001995890366,       0.0000000120290031,       0.0000000035269356,       0.0000000120290031,       0.0017184871982489
       -0.0029956239961287,      -0.0000001569366692,      -0.0000000496240933,      -0.0000001569366692,       0.0000001519161767,       0.0000000351890398,      -0.0000000496240933,       0.0000000351890398,       0.0017183809445919
       -0.0029954905937105,      -0.0000001558563634,      -0.0000000081946319,      -0.0000001558563634,       0.0000001068709842,      -0.0000000051420543,      -0.0000000081946319,      -0.0000000051420543,       0.0017182572459549
       -0.0029953639878395,      -0.0000001426329392,      -0.0000000226805282,      -0.0000001426329392,       0.0000000583581369,      -0.0000000045051450,      -0.0000000226805282,      -0.0000000045051450,       0.0017181538969590
       -0.0029952631281917,      -0.0000001162988353,      -0.0000000049635822,      -0.0000001162988353,       0.0000000174799192,      -0.0000000155914136,      -0.0000000049635822,      -0.0000000155914136,       0.0017180605457080
       -0.0029951871042376,      -0.0000000861800175,      -0.0000000059913949,      -0.0000000861800175,      -0.0000000153596590,      -0.0000000221559807,      -0.0000000059913949,      -0.0000000221559807,       0.0017179935953496
       -0.0029951404144602,      -0.0000000506091801,       0.0000000013773472,      -0.0000000506091801,      -0.0000000379938770,      -0.0000000224650485,       0.0000000013773472,      -0.0000000224650485,       0.0017179488751634
       -0.0029951172269397,      -0.0000000180100721,      -0.0000000021190908,      -0.0000000180100721,      -0.0000000492366746,      -0.0000000249710667,      -0.0000000021190908,      -0.0000000249710667,       0.0017179273511638
       -0.0029951091693011,       0.0000000183899702,      -0.0000000053137881,       0.0000000183899702,      -0.0000000242580415,      -0.0000000280220033,      -0.0000000053137881,      -0.0000000280220033,       0.0017178901969624
       -0.0029951290879116,       0.0000000588906697,       0.0000000059702792,       0.0000000588906697,      -0.0000000181459705,      -0.0000000272229794,       0.0000000059702792,      -0.0000000272229794,       0.0017179167239785
       -0.0029951716002037,       0.0000000959443860,      -0.0000000045468071,       0.0000000959443860,      -0.0000000064147587,      -0.0000000246011027,      -0.0000000045468071,      -0.0000000246011027,       0.0017179683776197
       -0.0029952443453616,       0.0000001334690702,       0.0000000236800033,       0.0000001334690702,       0.0000000114433956,      -0.0000000139299745,       0.0000000236800033,      -0.0000000139299745,       0.0017180564903143
       -0.0029953468508781,       0.0000001611188536,       0.0000000015089116,       0.0000001611188536,       0.0000000350863453,      -0.0000000156739073,       0.0000000015089116,      -0.0000000156739073,       0.0017181655011135
       -0.0029954771503730,       0.0000001797188158,       0.0000000591620277,       0.0000001797188158,       0.0000000601109078,       0.0000000245276700,       0.0000000591620277,       0.0000000245276700,       0.0017183124018187
       -0.0029956280944025,       0.0000001740401584,      -0.0000000003027253,       0.0000001740401584,       0.0000000899757269,       0.0000000013054230,      -0.0000000003027253,       0.0000000013054230,       0.0017184561016312
       -0.0029957626022069,       0.0000001645034258,       0.0000000697348232,       0.0000001645034258,       0.0000001170249168,       0.0000000540770189,       0.0000000697348232,       0.0000000540770189,       0.0017185998080284
       -0.0029959062052169,       0.0000001096761154,       0.0000000330288253,       0.0000001096761154,       0.0000001258996055,       0.0000001179670552,       0.0000000330288253,       0.0000001179670552,       0.0017187485252161
       -0.0029959734277760,       0.0000000490649968,      -0.0000000821842139,       0.0000000490649968,       0.0000001990552806,      -0.0000002448027626,      -0.0000000821842139,      -0.0000002448027626,       0.0017187368396181
       -0.0029960029314676,       0.0000000000000000,      -0.0000000000000002,       0.0000000000000000,       0.0000002782928750,      -0.0000005346452781,      -0.0000000000000002,      -0.0000005346452781,       0.0017186802199268
       -0.0029959734277745,      -0.0000000490649968,       0.0000000821842140,      -0.0000000490649968,       0.0000001990552797,      -0.0000002448027624,       0.0000000821842140,      -0.0000002448027624,       0.0017187368396177
       -0.0029959062052166,      -0.0000001096761154,      -0.0000000330288251,      -0.0000001096761154,       0.0000001258996051,       0.0000001179670551,      -0.0000000330288251,       0.0000001179670551,       0.0017187485252157
       -0.0029957626022078,      -0.0000001645034258,      -0.0000000697348233,      -0.0000001645034258,       0.0000001170249156,       0.0000000540770187,      -0.0000000697348233,       0.0000000540770187,       0.0017185998080268
       -0.0029956280944029,      -0.0000001740401584,       0.0000000003027254,      -0.0000001740401584,       0.0000000899757271,       0.0000000013054227,       0.0000000003027254,       0.0000000013054227,       0.0017184561016315
       -0.0029954771503702,      -0.0000001797188153,      -0.0000000591620280,      -0.0000001797188153,       0.0000000601109078,       0.0000000245276695,      -0.0000000591620280,       0.0000000245276695,       0.0017183124018192
       -0.0029953468508801,      -0.0000001611188537,      -0.0000000015089113,      -0.0000001611188537,       0.0000000350863437,      -0.0000000156739077,      -0.0000000015089113,      -0.0000000156739077,       0.0017181655011125
       -0.0029952443453604,      -0.0000001334690706,      -0.0000000236800032,      -0.0000001334690706,       0.0000000114433958,      -0.0000000139299746,      -0.0000000236800032,      -0.0000000139299746,       0.0017180564903128
       -0.0029951716002039,      -0.0000000959443859,       0.0000000045468075,      -0.0000000959443859,      -0.0000000064147571,      -0.0000000246011023,       0.0000000045468075,      -0.0000000246011023,       0.0017179683776208
       -0.0029951290879129,      -0.0000000588906700,      -0.0000000059702796,      -0.0000000588906700,      -0.0000000181459704,      -0.0000000272229791,      -0.0000000059702796,      -0.0000000272229791,       0.0017179167239798
       -0.0029951091693001,      -0.0000000183899698,       0.0000000053137879,      -0.0000000183899698,      -0.0000000242580410,      -0.0000000280220033,       0.0000000053137879,      -0.0000000280220033,       0.0017178901969622
       -0.0029951022833836,       0.0000000196296174,       0.0000000082741783,       0.0000000196296174,       0.0000000038873369,      -0.0000000285584384,       0.0000000082741783,      -0.0000000285584384,       0.0017178515960737
       -0.0029951159139710,       0.0000000595812032,      -0.0000000131149497,       0.0000000595812032,       0.0000000032712982,      -0.0000000311704060,      -0.0000000131149497,      -0.0000000311704060,       0.0017178790869464
       -0.0029951587611163,       0.0000000994044283,       0.0000000227195974,       0.0000000994044283,       0.0000000033771642,      -0.0000000184041511,       0.0000000227195974,      -0.0000000184041511,       0.0017179493050397
       -0.0029952213757615,       0.0000001367098463,      -0.0000000141394105,       0.0000001367098463,       0.0000000031974864,      -0.0000000285883528,      -0.0000000141394105,      -0.0000000285883528,       0.0017180442859860
       -0.0029953315670164,       0.0000001681136362,       0.0000000667249232,       0.0000001681136362,       0.0000000040666610,       0.0000000129365207,       0.0000000667249232,       0.0000000129365207,       0.0017181976126935
       -0.0029954653612207,       0.0000001813059762,      -0.0000000084124956,       0.0000001813059762,       0.0000000057888012,      -0.0000000128003271,      -0.0000000084124956,      -0.0000000128003271,       0.0017183622487297
       -0.0029956190172437,       0.0000001911779299,       0.0000000967841852,       0.0000001911779299,       0.0000000108052408,       0.0000000520593514,       0.0000000967841852,       0.0000000520593514,       0.0017185541822997
       -0.0029957924632403,       0.0000001502346490,       0.0000000204365363,       0.0000001502346490,       0.0000000065674078,       0.0000000608137783,       0.0000000204365363,       0.0000000608137783,       0.0017187543957555
       -0.0029959063087655,       0.0000001288942147,       0.0000000194769657,       0.0000001288942147,       0.0000000206359710,      -0.0000000405345981,       0.0000000194769657,      -0.0000000405345981,       0.0017188681989982
       -0.0029960114000027,       0.0000000929920183,       0.0000001020086748,       0.0000000929920183,      -0.0000000062212005,       0.0000004716650192,       0.0000001020086748,       0.0000004716650192,       0.0017190479883846
       -0.0029960510952878,       0.0000000000000000,       0.0000000000000000,       0.0000000000000000,      -0.0000000627815961,       0.0000009067335956,       0.0000000000000000,       0.0000009067335956,       0.0017191664588894
       -0.0029960114000009,      -0.0000000929920186,      -0.0000001020086749,      -0.0000000929920186,      -0.0000000062212004,       0.0000004716650191,      -0.0000001020086749,       0.0000004716650191,       0.0017190479883840
       -0.0029959063087647,      -0.0000001288942146,      -0.0000000194769657,      -0.0000001288942146,       0.0000000206359722,      -0.0000000405345980,      -0.0000000194769657,      -0.0000000405345980,       0.0017188681989982
       -0.0029957924632415,      -0.0000001502346489,      -0.0000000204365366,      -0.0000001502346489,       0.0000000065674076,       0.0000000608137782,      -0.0000000204365366,       0.0000000608137782,       0.0017187543957549
       -0.0029956190172428,      -0.0000001911779299,      -0.0000000967841852,      -0.0000001911779299,       0.0000000108052397,       0.0000000520593512,      -0.0000000967841852,       0.0000000520593512,       0.0017185541822984
       -0.0029954653612207,      -0.0000001813059763,       0.0000000084124958,      -0.0000001813059763,       0.0000000057888001,      -0.0000000128003271,       0.0000000084124958,      -0.0000000128003271,       0.0017183622487286
       -0.0029953315670165,      -0.0000001681136359,      -0.0000000667249231,      -0.0000001681136359,       0.0000000040666619,       0.0000000129365207,      -0.0000000667249231,       0.0000000129365207,       0.0017181976126929
       -0.0029952213757627,      -0.0000001367098462,       0.0000000141394106,      -0.0000001367098462,       0.0000000031974857,      -0.0000000285883531,       0.0000000141394106,      -0.0000000285883531,       0.0017180442859849
       -0.0029951587611159,      -0.0000000994044289,      -0.0000000227195968,      -0.0000000994044289,       0.0000000033771651,      -0.0000000184041513,      -0.0000000227195968,      -0.0000000184041513,       0.0017179493050403
       -0.0029951159139737,      -0.0000000595812031,       0.0000000131149493,      -0.0000000595812031,       0.0000000032712985,      -0.0000000311704060,       0.0000000131149493,      -0.0000000311704060,       0.0017178790869453
       -0.0029951022833816,      -0.0000000196296172,      -0.0000000082741786,      -0.0000000196296172,       0.0000000038873385,      -0.0000000285584384,      -0.0000000082741786,      -0.0000000285584384,       0.0017178515960746
       -0.0029950936181429,       0.0000000213020675,      -0.0000000140315676,       0.0000000213020675,       0.0000000321896968,      -0.0000000312657809,      -0.0000000140315676,      -0.0000000312657809,       0.0017178108781155
       -0.0029951126384620,       0.0000000529494663,       0.0000000174608255,       0.0000000529494663,       0.0000000258119442,      -0.0000000167977901,       0.0000000174608255,      -0.0000000167977901,       0.0017178519897462
       -0.0029951339592986,       0.0000000954381352,      -0.0000000266657360,       0.0000000954381352,       0.0000000115893419,      -0.0000000403440679,      -0.0000000266657360,      -0.0000000403440679,       0.0017179167712880
       -0.0029952149370881,       0.0000001274191978,       0.0000000628214821,       0.0000001274191978,      -0.0000000059025649,       0.0000000086160357,       0.0000000628214821,       0.0000000086160357,       0.0017180553438370
       -0.0029953047673951,       0.0000001557957681,      -0.0000000238882154,       0.0000001557957681,      -0.0000000313272868,      -0.0000000320897896,      -0.0000000238882154,      -0.0000000320897896,       0.0017182125468249
       -0.0029954569992012,       0.0000001796798971,       0.0000001096333679,       0.0000001796798971,      -0.0000000508911239,       0.0000000384037982,       0.0000001096333679,       0.0000000384037982,       0.0017184295097242
       -0.0029956258400843,       0.0000001609370978,       0.0000000185452229,       0.0000001609370978,      -0.0000000862052701,       0.0000000290011524,       0.0000000185452229,       0.0000000290011524,       0.0017186721002184
       -0.0029957864350081,       0.0000001663561599,       0.0000000653264615,       0.0000001663561599,      -0.0000000970740780,       0.0000000091807538,       0.0000000653264615,       0.0000000091807538,       0.0017188632488574
       -0.0029959427824856,       0.0000001112956075,       0.0000000896874866,       0.0000001112956075,      -0.0000001164444524,       0.0000002196992038,       0.0000000896874866,       0.0000002196992038,       0.0017190877418862
       -0.0029960498211548,       0.0000000177247515,      -0.0000000101366210,       0.0000000177247515,      -0.0000001473318188,      -0.0000003316688755,      -0.0000000101366210,      -0.0000003316688755,       0.0017191734029163
       -0.0029960564021294,       0.0000000000000001,       0.0000000000000001,       0.0000000000000001,      -0.0000001337185239,      -0.0000008600424999,       0.0000000000000001,      -0.0000008600424999,       0.0017191495983391
       -0.0029960498211530,      -0.0000000177247511,       0.0000000101366207,      -0.0000000177247511,      -0.0000001473318185,      -0.0000003316688757,       0.0000000101366207,      -0.0000003316688757,       0.0017191734029154
       -0.0029959427824850,      -0.0000001112956078,      -0.0000000896874864,      -0.0000001112956078,      -0.0000001164444511,       0.0000002196992037,      -0.0000000896874864,       0.0000002196992037,       0.0017190877418867
       -0.0029957864350081,      -0.0000001663561599,      -0.0000000653264619,      -0.0000001663561599,      -0.0000000970740778,       0.0000000091807541,      -0.0000000653264619,       0.0000000091807541,       0.0017188632488572
       -0.0029956258400841,      -0.0000001609370979,      -0.0000000185452230,      -0.0000001609370979,      -0.0000000862052704,       0.0000000290011526,      -0.0000000185452230,       0.0000000290011526,       0.0017186721002173
       -0.0029954569992002,      -0.0000001796798970,      -0.0000001096333674,      -0.0000001796798970,      -0.0000000508911238,       0.0000000384037981,      -0.0000001096333674,       0.0000000384037981,       0.0017184295097229
       -0.0029953047673956,      -0.0000001557957679,       0.0000000238882153,      -0.0000001557957679,      -0.0000000313272867,      -0.0000000320897896,       0.0000000238882153,      -0.0000000320897896,       0.0017182125468242
       -0.0029952149370892,      -0.0000001274191979,      -0.0000000628214820,      -0.0000001274191979,      -0.0000000059025655,       0.0000000086160360,      -0.0000000628214820,       0.0000000086160360,       0.0017180553438370
       -0.0029951339592997,      -0.0000000954381351,       0.0000000266657362,      -0.0000000954381351,       0.0000000115893422,      -0.0000000403440682,       0.0000000266657362,      -0.0000000403440682,       0.0017179167712884
       -0.0029951126384616,      -0.0000000529494665,      -0.0000000174608254,      -0.0000000529494665,       0.0000000258119451,      -0.0000000167977907,      -0.0000000174608254,      -0.0000000167977907,       0.0017178519897459
       -0.0029950936181425,      -0.0000000213020675,       0.0000000140315674,      -0.0000000213020675,       0.0000000321896986,      -0.0000000312657810,       0.0000000140315674,      -0.0000000312657810,       0.0017178108781164
       -0.0029950930697776,       0.0000000079928714,       0.0000000031214011,       0.0000000079928714,       0.0000000587271278,      -0.0000000171469704,       0.0000000031214011,      -0.0000000171469704,       0.0017177802558643
       -0.0029950925510984,       0.0000000538968601,      -0.0000000143117873,       0.0000000538968601,       0.0000000449952692,      -0.0000000426420365,      -0.0000000143117873,      -0.0000000426420365,       0.0017178125529879
       -0.0029951397475259,       0.0000000726895699,       0.0000000273388499,       0.0000000726895699,       0.0000000211581962,       0.0000000110769190,       0.0000000273388499,       0.0000000110769190,       0.0017179129073005
       -0.0029951797881562,       0.0000001111509772,      -0.0000000104557178,       0.0000001111509772,      -0.0000000199457985,      -0.0000000484177471,      -0.0000000104557178,      -0.0000000484177471,       0.0017180418053455
       -0.0029953066871406,       0.0000001349693267,       0.0000000667156684,       0.0000001349693267,      -0.0000000572030160,       0.0000000283496989,       0.0000000667156684,       0.0000000283496989,       0.0017182453771452
       -0.0029954385393060,       0.0000001387233304,       0.0000000548193052,       0.0000001387233304,      -0.0000001224519157,       0.0000000039356529,       0.0000000548193052,       0.0000000039356529,       0.0017185031204144
       -0.0029956295160371,       0.0000001563526480,       0.0000000395733302,       0.0000001563526480,      -0.0000001574796783,       0.0000000065536656,       0.0000000395733302,       0.0000000065536656,       0.0017187417780167
       -0.0029957858794869,       0.0000001214680248,       0.0000001420079635,       0.0000001214680248,      -0.0000002154307041,       0.0000001247990874,       0.0000001420079635,       0.0000001247990874,       0.0017190304612812
       -0.0029959894557921,       0.0000000856499394,      -0.0000000271365226,       0.0000000856499394,      -0.0000002735248819,      -0.0000000889157352,      -0.0000000271365226,      -0.0000000889157352,       0.0017192431836424
       -0.0029960197680804,       0.0000001059659231,       0.0000000196057089,       0.0000001059659231,      -0.0000002267829099,       0.0000004319051336,       0.0000000196057089,       0.0000004319051336,       0.0017193434485878
       -0.0029961499939199,       0.0000000000000001,      -0.0000000000000001,       0.0000000000000001,      -0.0000001913064458,       0.0000010275559484,      -0.0000000000000001,       0.0000010275559484,       0.0017194483575300
       -0.0029960197680799,      -0.0000001059659228,      -0.0000000196057089,      -0.0000001059659228,      -0.0000002267829113,       0.0000004319051336,      -0.0000000196057089,       0.0000004319051336,       0.0017193434485867
       -0.0029959894557924,      -0.0000000856499394,       0.0000000271365226,      -0.0000000856499394,      -0.0000002735248812,      -0.0000000889157353,       0.0000000271365226,      -0.0000000889157353,       0.0017192431836428
       -0.0029957858794865,      -0.0000001214680252,      -0.0000001420079635,      -0.0000001214680252,      -0.0000002154307050,       0.0000001247990875,      -0.0000001420079635,       0.0000001247990875,       0.0017190304612810
       -0.0029956295160383,      -0.0000001563526476,      -0.0000000395733303,      -0.0000001563526476,      -0.0000001574796783,       0.0000000065536659,      -0.0000000395733303,       0.0000000065536659,       0.0017187417780160
       -0.0029954385393042,      -0.0000001387233305,      -0.0000000548193053,      -0.0000001387233305,      -0.0000001224519159,       0.0000000039356530,      -0.0000000548193053,       0.0000000039356530,       0.0017185031204124
       -0.0029953066871433,      -0.0000001349693270,      -0.0000000667156684,      -0.0000001349693270,      -0.0000000572030169,       0.0000000283496990,      -0.0000000667156684,       0.0000000283496990,       0.0017182453771440
       -0.0029951797881558,      -0.0000001111509769,       0.0000000104557182,      -0.0000001111509769,      -0.0000000199457981,      -0.0000000484177469,       0.0000000104557182,      -0.0000000484177469,       0.0017180418053460
       -0.0029951397475267,      -0.0000000726895699,      -0.0000000273388501,      -0.0000000726895699,       0.0000000211581977,       0.0000000110769193,      -0.0000000273388501,       0.0000000110769193,       0.0017179129073021
       -0.0029950925510983,      -0.0000000538968602,       0.0000000143117872,      -0.0000000538968602,       0.0000000449952690,      -0.0000000426420364,       0.0000000143117872,      -0.0000000426420364,       0.0017178125529883
       -0.0029950930697771,      -0.0000000079928714,      -0.0000000031214011,      -0.0000000079928714,       0.0000000587271283,      -0.0000000171469706,      -0.0000000031214011,      -0.0000000171469706,       0.0017177802558650
       -0.0029950884469740,       0.0000000188161804,       0.0000000496070194,       0.0000000188161804,       0.0000000797167601,      -0.0000000231213332,       0.0000000496070194,      -0.0000000231213332,       0.0017177536761630
       -0.0029950904041320,       0.0000000270067340,      -0.0000000699268590,       0.0000000270067340,       0.0000000624181538,      -0.0000000019392890,      -0.0000000699268590,      -0.0000000019392890,       0.0017177876106408
