      529.9850232744958021,      -0.0000033456769055,      -0.0000898357859229,      -0.0000033456769055,     158.9757871939402492,      -0.0002840754272114,      -0.0000898357859229,      -0.0002840754272114,      -0.0316579767729195
      529.9842461902586592,       0.0006607316790273,       0.0002333807383893,       0.0006607316790273,     158.9773680817293382,      -0.0002316608272320,       0.0002333807383893,      -0.0002316608272320,      -0.0304008971490930
      529.9826121088908621,       0.0006365796431059,       0.0000369359081152,       0.0006365796431059,     158.9804498086719491,      -0.0003333268800620,       0.0000369359081152,      -0.0003333268800620,      -0.0279687882998587
      529.9800772206664305,       0.0013807241589445,       0.0005839511562848,       0.0013807241589445,     158.9850007185272034,      -0.0000173524973954,       0.0005839511562848,      -0.0000173524973954,      -0.0242962661472461
      529.9765345742184763,       0.0012078798017208,       0.0001806863316714,       0.0012078798017208,     158.9907131658918615,      -0.0005123981509649,       0.0001806863316714,      -0.0005123981509649,      -0.0197407496510209
      529.9722719476442307,       0.0019575710692584,       0.0011437509692366,       0.0019575710692584,     158.9972945737194436,       0.0006099793233650,       0.0011437509692366,       0.0006099793233650,      -0.0143094915018196
      529.9673173174128351,       0.0014299161106554,       0.0001621716115130,       0.0014299161106554,     159.0041663772804554,      -0.0009704775919274,       0.0001621716115130,      -0.0009704775919274,      -0.0087712018030857
      529.9627026689184959,       0.0017853627209867,       0.0012757080640231,       0.0017853627209867,     159.0106316065766521,       0.0014802093108452,       0.0012757080640231,       0.0014802093108452,      -0.0034099822647136
      529.9583307696631209,       0.0011435928361409,       0.0006551284253594,       0.0011435928361409,     159.0158451130406831,      -0.0002351689287107,       0.0006551284253594,      -0.0002351689287107,       0.0012384956635856
      529.9556936228620998,       0.0010923024223460,      -0.0014493960863602,       0.0010923024223460,     159.0201961526034324,      -0.0040579877546061,      -0.0014493960863602,      -0.0040579877546061,       0.0030979959807951
      529.9547699280731194,       0.0000000000002545,      -0.0000000000000132,       0.0000000000002545,     159.0225503573041976,      -0.0004654201968380,      -0.0000000000000132,      -0.0004654201968380,       0.0032790449027971
      529.9556936228632367,      -0.0010923024223561,       0.0014493960863198,      -0.0010923024223561,     159.0201961526040577,      -0.0040579877545509,       0.0014493960863198,      -0.0040579877545509,       0.0030979959815909
      529.9583307696616430,      -0.0011435928360158,      -0.0006551284249624,      -0.0011435928360158,     159.0158451130400294,      -0.0002351689286097,      -0.0006551284249624,      -0.0002351689286097,       0.0012384956631877
      529.9627026689186096,      -0.0017853627207050,      -0.0012757080642872,      -0.0017853627207050,     159.0106316065767658,       0.0014802093107899,      -0.0012757080642872,       0.0014802093107899,      -0.0034099822643725
      529.9673173174134035,      -0.0014299161106362,      -0.0001621716112986,      -0.0014299161106362,     159.0041663772811376,      -0.0009704775918199,      -0.0001621716112986,      -0.0009704775918199,      -0.0087712018020625
      529.9722719476444581,      -0.0019575710691818,      -0.0011437509686629,      -0.0019575710691818,     158.9972945737196994,       0.0006099793232187,      -0.0011437509686629,       0.0006099793232187,      -0.0143094915021607
      529.9765345742180216,      -0.0012078798013925,      -0.0001806863315368,      -0.0012078798013925,     158.9907131658916342,      -0.0005123981509099,      -0.0001806863315368,      -0.0005123981509099,      -0.0197407496513051
      529.9800772206660895,      -0.0013807241587581,      -0.0005839511562560,      -0.0013807241587581,     158.9850007185268623,      -0.0000173524971328,      -0.0005839511562560,      -0.0000173524971328,      -0.0242962661476440
      529.9826121088907485,      -0.0006365796432703,      -0.0000369359078689,      -0.0006365796432703,     158.9804498086717217,      -0.0003333268802400,      -0.0000369359078689,      -0.0003333268802400,      -0.0279687883000861
      529.9842461902590003,      -0.0006607316789338,      -0.0002333807381927,      -0.0006607316789338,     158.9773680817292245,      -0.0002316608275038,      -0.0002333807381927,      -0.0002316608275038,      -0.0304008971492635
      529.9850232744961431,       0.0000033456765116,       0.0000898357853144,       0.0000033456765116,     158.9757871939398797,      -0.0002840754269673,       0.0000898357853144,      -0.0002840754269673,      -0.0316579767731469
      529.9850916440940409,       0.0006234170153184,       0.0003965065446243,       0.0006234170153184,     158.9762590911267353,      -0.0007930890609199,       0.0003965065446243,      -0.0007930890609199,      -0.0326493369051946
      529.9843820001467520,       0.0012638215338319,      -0.0003397994297209,       0.0012638215338319,     158.9777433058787892,      -0.0008604436426853,      -0.0003397994297209,      -0.0008604436426853,      -0.0313793340139341
      529.9828838370316362,       0.0026035045018688,       0.0007418121106027,       0.0026035045018688,     158.9807938858028251,      -0.0005755256238999,       0.0007418121106027,      -0.0005755256238999,      -0.0286502335216596
      529.9804259282565226,       0.0032016183376746,      -0.0003905352713611,       0.0032016183376746,     158.9851205644112042,      -0.0009032019063276,      -0.0003905352713611,      -0.0009032019063276,      -0.0248904443557194
      529.9770887328836579,       0.0045659677611973,       0.0016432807211176,       0.0045659677611973,     158.9907673394348535,       0.0000984379684186,       0.0016432807211176,       0.0000984379684186,      -0.0196260996820570
      529.9725914552965378,       0.0046262726226987,      -0.0007141676418340,       0.0046262726226987,     158.9971837988107950,      -0.0009476042956836,      -0.0007141676418340,      -0.0009476042956836,      -0.0139502661624533
      529.9679925675374079,       0.0054278613493054,       0.0026887980350510,       0.0054278613493054,     159.0039105849552072,       0.0013360021737753,       0.0026887980350510,       0.0013360021737753,      -0.0074133302838959
      529.9624997535370312,       0.0043976504384809,      -0.0006728487712374,       0.0043976504384809,     159.0103436320998469,      -0.0004201955005908,      -0.0006728487712374,      -0.0004201955005908,      -0.0013631793193554
      529.9588780088589601,       0.0036862522565244,       0.0004124014533396,       0.0036862522565244,     159.0159868114026267,       0.0002474438159791,       0.0004124014533396,       0.0002474438159791,       0.0029253822351620
      529.9555856492925159,       0.0017133769421717,       0.0056202143844355,       0.0017133769421717,     159.0171542691364266,       0.0093083237497751,       0.0056202143844355,       0.0093083237497751,       0.0095549693393764
      529.9542723989756041,      -0.0000000000000962,      -0.0000000000000412,      -0.0000000000000962,     159.0150588710195336,       0.0105644703434732,      -0.0000000000000412,       0.0105644703434732,       0.0133363858258235
      529.9555856492920611,      -0.0017133769420677,      -0.0056202143840769,      -0.0017133769420677,     159.0171542691370519,       0.0093083237498077,      -0.0056202143840769,       0.0093083237498077,       0.0095549693400017
      529.9588780088580506,      -0.0036862522562528,      -0.0004124014531547,      -0.0036862522562528,     159.0159868114020014,       0.0002474438160354,      -0.0004124014531547,       0.0002474438160354,       0.0029253822345936
      529.9624997535375996,      -0.0043976504384141,       0.0006728487713034,      -0.0043976504384141,     159.0103436321002732,      -0.0004201955005541,       0.0006728487713034,      -0.0004201955005541,      -0.0013631793187301
      529.9679925675380900,      -0.0054278613490602,      -0.0026887980352201,      -0.0054278613490602,     159.0039105849558325,       0.0013360021739292,      -0.0026887980352201,       0.0013360021739292,      -0.0074133302834980
      529.9725914552971062,      -0.0046262726223937,       0.0007141676420694,      -0.0046262726223937,     158.9971837988109655,      -0.0009476042956591,       0.0007141676420694,      -0.0009476042956591,      -0.0139502661622828
      529.9770887328837716,      -0.0045659677612532,      -0.0016432807208678,      -0.0045659677612532,     158.9907673394348251,       0.0000984379684589,      -0.0016432807208678,       0.0000984379684589,      -0.0196260996818296
      529.9804259282564090,      -0.0032016183377023,       0.0003905352715686,      -0.0032016183377023,     158.9851205644109200,      -0.0009032019062925,       0.0003905352715686,      -0.0009032019062925,      -0.0248904443558899
      529.9828838370308404,      -0.0026035045016219,      -0.0007418121103717,      -0.0026035045016219,     158.9807938858016882,      -0.0005755256237831,      -0.0007418121103717,      -0.0005755256237831,      -0.0286502335225691
      529.9843820001460699,      -0.0012638215340242,       0.0003397994299884,      -0.0012638215340242,     158.9777433058778513,      -0.0008604436425037,       0.0003397994299884,      -0.0008604436425037,      -0.0313793340144457
      529.9850916440924493,      -0.0006234170150890,      -0.0003965065442707,      -0.0006234170150890,     158.9762590911265647,      -0.0007930890609616,      -0.0003965065442707,      -0.0007930890609616,      -0.0326493369055356
      529.9852187887031505,       0.0006158803261448,      -0.0006695850948586,       0.0006158803261448,     158.9771618654831968,      -0.0013574551855957,      -0.0006695850948586,      -0.0013574551855957,      -0.0346454027799155
      529.9846219538894729,       0.0023877787160748,       0.0008473720604570,       0.0023877787160748,     158.9786008513104605,      -0.0011174869528681,       0.0008473720604570,      -0.0011174869528681,      -0.0331034078033099
      529.9834055768939152,       0.0036810332898013,      -0.0008542598931379,       0.0036810332898013,     158.9813153547411844,      -0.0014807000977055,      -0.0008542598931379,      -0.0014807000977055,      -0.0303041093249021
      529.9811987941768621,       0.0056473675849670,       0.0018189476966719,       0.0056473675849670,     158.9855061316147271,      -0.0004636998122213,       0.0018189476966719,      -0.0004636998122213,      -0.0255749033142934
      529.9779402476669929,       0.0066509350732735,      -0.0013093525400271,       0.0066509350732735,     158.9907220009624211,      -0.0014496414380683,      -0.0013093525400271,      -0.0014496414380683,      -0.0199669958882396
      529.9737910665644449,       0.0082881839630876,       0.0035834011808094,       0.0082881839630876,     158.9968569654440955,       0.0009449421049248,       0.0035834011808094,       0.0009449421049248,      -0.0125169584789546
      529.9683171421431780,       0.0078668340091892,      -0.0018412612614509,       0.0078668340091892,     159.0034405743048751,      -0.0007340339480258,      -0.0018412612614509,      -0.0007340339480258,      -0.0050349993172745
      529.9637222636807792,       0.0079715285519062,       0.0035495068612491,       0.0079715285519062,     159.0095558278542853,       0.0015210360440861,       0.0035495068612491,       0.0015210360440861,       0.0023019851940944
      529.9581333798239484,       0.0056829215071610,       0.0018774172115581,       0.0056829215071610,     159.0142461479414351,       0.0050442435368953,       0.0018774172115581,       0.0050442435368953,       0.0103105906982250
      529.9550568737666936,       0.0029724423451202,      -0.0076853576841971,       0.0029724423451202,     159.0210381247298415,      -0.0127345262868989,      -0.0076853576841971,      -0.0127345262868989,       0.0091019141696052
      529.9546088224956293,       0.0000000000000123,       0.0000000000001254,       0.0000000000000123,     159.0275793988402597,      -0.0231645012905362,       0.0000000000001254,      -0.0231645012905362,       0.0061337832683535
      529.9550568737668073,      -0.0029724423449064,       0.0076853576843978,      -0.0029724423449064,     159.0210381247303530,      -0.0127345262870058,       0.0076853576843978,      -0.0127345262870058,       0.0091019141701167
      529.9581333798228115,      -0.0056829215070832,      -0.0018774172113449,      -0.0056829215070832,     159.0142461479407530,       0.0050442435368518,      -0.0018774172113449,       0.0050442435368518,       0.0103105906976566
      529.9637222636812339,      -0.0079715285519498,      -0.0035495068612851,      -0.0079715285519498,     159.0095558278543990,       0.0015210360441537,      -0.0035495068612851,       0.0015210360441537,       0.0023019851940376
      529.9683171421445422,      -0.0078668340090613,       0.0018412612615502,      -0.0078668340090613,     159.0034405743056709,      -0.0007340339480549,       0.0018412612615502,      -0.0007340339480549,      -0.0050349993165923
      529.9737910665652407,      -0.0082881839630703,      -0.0035834011810413,      -0.0082881839630703,     158.9968569654444934,       0.0009449421048726,      -0.0035834011810413,       0.0009449421048726,      -0.0125169584787841
      529.9779402476668793,      -0.0066509350733070,       0.0013093525402364,      -0.0066509350733070,     158.9907220009625348,      -0.0014496414380558,       0.0013093525402364,      -0.0014496414380558,      -0.0199669958878985
      529.9811987941766347,      -0.0056473675848968,      -0.0018189476963118,      -0.0056473675848968,     158.9855061316145566,      -0.0004636998122232,      -0.0018189476963118,      -0.0004636998122232,      -0.0255749033148049
      529.9834055768939152,      -0.0036810332899233,       0.0008542598933049,      -0.0036810332899233,     158.9813153547410707,      -0.0014807000976615,       0.0008542598933049,      -0.0014807000976615,      -0.0303041093247316
      529.9846219538882224,      -0.0023877787158587,      -0.0008473720603167,      -0.0023877787158587,     158.9786008513096078,      -0.0011174869529632,      -0.0008473720603167,      -0.0011174869529632,      -0.0331034078041057
      529.9852187887031505,      -0.0006158803259769,       0.0006695850947949,      -0.0006158803259769,     158.9771618654829410,      -0.0013574551856163,       0.0006695850947949,      -0.0013574551856163,      -0.0346454027801997
      529.9853198136577248,       0.0010007396817704,       0.0010221654687379,       0.0010007396817704,     158.9785458134861074,      -0.0016331843055428,       0.0010221654687379,      -0.0016331843055428,      -0.0374152862061692
      529.9850804244372284,       0.0028306294283331,      -0.0012299213780540,       0.0028306294283331,     158.9797399151271406,      -0.0020011750052827,      -0.0012299213780540,      -0.0020011750052827,      -0.0358595155999524
      529.9839754555889613,       0.0050684662934534,       0.0017973213016763,       0.0050684662934534,     158.9822528916502051,      -0.0009878364104381,       0.0017973213016763,      -0.0009878364104381,      -0.0322034029879319
      529.9824529366285333,       0.0069495655476331,      -0.0018530097395896,       0.0069495655476331,     158.9858633644541612,      -0.0021834935063105,      -0.0018530097395896,      -0.0021834935063105,      -0.0271988425054701
      529.9792700735104063,       0.0093285251255836,       0.0039234016799782,       0.0093285251255836,     158.9906323093586309,       0.0004138747449310,       0.0039234016799782,       0.0004138747449310,      -0.0195826052542429
      529.9751043935110602,       0.0101655376188234,      -0.0025477602945021,       0.0101655376188234,     158.9963058098247757,      -0.0015748925114535,      -0.0025477602945021,      -0.0015748925114535,      -0.0110180617958804
      529.9699490168294460,       0.0115149766296211,       0.0056747176511658,       0.0115149766296211,     159.0021061559909015,       0.0019237936435784,       0.0056747176511658,       0.0019237936435784,      -0.0010572853210533
      529.9636545355601811,       0.0096322992885871,      -0.0009173207974930,       0.0096322992885871,     159.0081035647542080,       0.0026921573304212,      -0.0009173207974930,       0.0026921573304212,       0.0096323272381369
      529.9590158261662509,       0.0080705790563280,      -0.0006817872759046,       0.0080705790563280,     159.0133318517450220,      -0.0044614882175528,      -0.0006817872759046,      -0.0044614882175528,       0.0152878424995038
      529.9561045660070704,       0.0053221954288454,       0.0112347581106516,       0.0053221954288454,     159.0131696878024457,       0.0272275286504130,       0.0112347581106516,       0.0272275286504130,       0.0287675627016597
      529.9531117935000566,       0.0000000000002167,      -0.0000000000000449,       0.0000000000002167,     159.0074390474192683,       0.0519353863865680,      -0.0000000000000449,       0.0519353863865680,       0.0373054465609926
      529.9561045660068430,      -0.0053221954288442,      -0.0112347581102508,      -0.0053221954288442,     159.0131696878025878,       0.0272275286504701,      -0.0112347581102508,       0.0272275286504701,       0.0287675627020576
      529.9590158261653414,      -0.0080705790565301,       0.0006817872760847,      -0.0080705790565301,     159.0133318517445105,      -0.0044614882174460,       0.0006817872760847,      -0.0044614882174460,       0.0152878424988785
      529.9636545355605222,      -0.0096322992883429,       0.0009173207976527,      -0.0096322992883429,     159.0081035647546059,       0.0026921573304131,       0.0009173207976527,       0.0026921573304131,       0.0096323272381937
      529.9699490168300144,      -0.0115149766295262,      -0.0056747176511416,      -0.0115149766295262,     159.0021061559912425,       0.0019237936434635,      -0.0056747176511416,       0.0019237936434635,      -0.0010572853204280
      529.9751043935111738,      -0.0101655376190520,       0.0025477602946701,      -0.0101655376190520,     158.9963058098250031,      -0.0015748925114600,       0.0025477602946701,      -0.0015748925114600,      -0.0110180617953120
      529.9792700735102926,      -0.0093285251257393,      -0.0039234016796925,      -0.0093285251257393,     158.9906323093586309,       0.0004138747450649,      -0.0039234016796925,       0.0004138747450649,      -0.0195826052541292
      529.9824529366291017,      -0.0069495655476953,       0.0018530097395189,      -0.0069495655476953,     158.9858633644539054,      -0.0021834935062871,       0.0018530097395189,      -0.0021834935062871,      -0.0271988425056975
      529.9839754555883928,      -0.0050684662933602,      -0.0017973213018968,      -0.0050684662933602,     158.9822528916495230,      -0.0009878364105581,      -0.0017973213018968,      -0.0009878364105581,      -0.0322034029886709
      529.9850804244370011,      -0.0028306294283529,       0.0012299213783602,      -0.0028306294283529,     158.9797399151266859,      -0.0020011750052883,       0.0012299213783602,      -0.0020011750052883,      -0.0358595156005208
      529.9853198136565879,      -0.0010007396816498,      -0.0010221654685516,      -0.0010007396816498,     158.9785458134857663,      -0.0016331843055434,      -0.0010221654685516,      -0.0016331843055434,      -0.0374152862066239
      529.9855412104870993,       0.0011578995811108,      -0.0014043862701012,       0.0011578995811108,     158.9802947277442513,      -0.0022245540849227,      -0.0014043862701012,      -0.0022245540849227,      -0.0409725478773453
      529.9852096654112756,       0.0032373271926665,       0.0016191151475204,       0.0032373271926665,     158.9812970876081408,      -0.0014157218918545,       0.0016191151475204,      -0.0014157218918545,      -0.0389205995213615
      529.9852839423022033,       0.0057252615209465,      -0.0022135791931555,       0.0057252615209465,     158.9833269654845935,      -0.0028334527089126,      -0.0022135791931555,      -0.0028334527089126,      -0.0351533043883592
      529.9833607124512582,       0.0082919470020661,       0.0036570361545062,       0.0082919470020661,     158.9863225376207083,      -0.0000881213291995,       0.0036570361545062,      -0.0000881213291995,      -0.0284140519657967
      529.9815416788995890,       0.0104278344677408,      -0.0030301514418272,       0.0104278344677408,     158.9904448148758433,      -0.0026855195711215,      -0.0030301514418272,      -0.0026855195711215,      -0.0197725076365600
      529.9766647579236860,       0.0128134116704045,       0.0065115456449586,       0.0128134116704045,     158.9949677292442516,       0.0017507667576064,       0.0065115456449586,       0.0017507667576064,      -0.0083882145613643
      529.9715399751129326,       0.0124743530907924,      -0.0020730540516798,       0.0124743530907924,     159.0005408556357338,       0.0005698429969080,      -0.0020730540516798,       0.0005698429969080,       0.0050759524700652
      529.9648468800611454,       0.0128506330682611,       0.0041473318370511,       0.0128506330682611,     159.0050648918171419,      -0.0004599489216177,       0.0041473318370511,      -0.0004599489216177,       0.0162451709974789
      529.9595289551323276,       0.0093258424544292,       0.0063673718757543,       0.0093258424544292,     159.0095522661992504,       0.0160966579297069,       0.0063673718757543,       0.0160966579297069,       0.0321627842224643
      529.9521242615214760,       0.0028966217704493,      -0.0099609131950435,       0.0028966217704493,     159.0142844153743340,      -0.0279717078488760,      -0.0099609131950435,      -0.0279717078488760,       0.0306319863806834
      529.9541002878402196,       0.0000000000000342,      -0.0000000000001837,       0.0000000000000342,     159.0227299175940061,      -0.0697482959248887,      -0.0000000000001837,      -0.0697482959248887,       0.0250359797261126
      529.9521242615211349,      -0.0028966217700375,       0.0099609131953934,      -0.0028966217700375,     159.0142844153747603,      -0.0279717078488812,       0.0099609131953934,      -0.0279717078488812,       0.0306319863811382
      529.9595289551328960,      -0.0093258424541339,      -0.0063673718754008,      -0.0093258424541339,     159.0095522661991367,       0.0160966579295352,      -0.0063673718754008,       0.0160966579295352,       0.0321627842219527
      529.9648468800621686,      -0.0128506330681003,      -0.0041473318370475,      -0.0128506330681003,     159.0050648918174829,      -0.0004599489216899,      -0.0041473318370475,      -0.0004599489216899,       0.0162451709975358
      529.9715399751135010,      -0.0124743530905617,       0.0020730540518041,      -0.0124743530905617,     159.0005408556360180,       0.0005698429970202,       0.0020730540518041,       0.0005698429970202,       0.0050759524709747
      529.9766647579244818,      -0.0128134116700092,      -0.0065115456448505,      -0.0128134116700092,     158.9949677292446211,       0.0017507667578253,      -0.0065115456448505,       0.0017507667578253,      -0.0083882145605685
      529.9815416788993616,      -0.0104278344674053,       0.0030301514420189,      -0.0104278344674053,     158.9904448148757865,      -0.0026855195712975,       0.0030301514420189,      -0.0026855195712975,      -0.0197725076371285
      529.9833607124504624,      -0.0082919470019092,      -0.0036570361542948,      -0.0082919470019092,     158.9863225376205946,      -0.0000881213293267,      -0.0036570361542948,      -0.0000881213293267,      -0.0284140519663652
      529.9852839423018622,      -0.0057252615210175,       0.0022135791933949,      -0.0057252615210175,     158.9833269654842809,      -0.0028334527088048,       0.0022135791933949,      -0.0028334527088048,      -0.0351533043888139
      529.9852096654101388,      -0.0032373271925269,      -0.0016191151471955,      -0.0032373271925269,     158.9812970876073734,      -0.0014157218916453,      -0.0016191151471955,      -0.0014157218916453,      -0.0389205995226121
      529.9855412104867582,      -0.0011578995810532,       0.0014043862699654,      -0.0011578995810532,     158.9802947277439671,      -0.0022245540848553,       0.0014043862699654,      -0.0022245540848553,      -0.0409725478776863
      529.9854387913145501,       0.0008055589500459,       0.0012934759342237,       0.0008055589500459,     158.9823301628590571,      -0.0018727631318357,       0.0012934759342237,      -0.0018727631318357,      -0.0448233178216810
      529.9861779342945738,       0.0036996785519280,      -0.0019388873951039,       0.0036996785519280,     158.9831311788382777,      -0.0030715515060655,      -0.0019388873951039,      -0.0030715515060655,      -0.0427531365426717
      529.9854001815824631,       0.0057388210669487,       0.0025557402672798,       0.0057388210669487,     158.9844724129984854,      -0.0004391902753701,       0.0025557402672798,      -0.0004391902753701,      -0.0378680415138319
      529.9861008911026374,       0.0087896730420978,      -0.0028924475245759,       0.0087896730420978,     158.9869797136693705,      -0.0036632465406681,      -0.0028924475245759,      -0.0036632465406681,      -0.0303817056084199
      529.9823821807376589,       0.0114050167858292,       0.0055808132356010,       0.0114050167858292,     158.9896164340406131,       0.0013373173542041,       0.0055808132356010,       0.0013373173542041,      -0.0194351097129584
      529.9801293887893507,       0.0129792364544448,      -0.0018351413766442,       0.0129792364544448,     158.9937975935457075,      -0.0015052478482646,      -0.0018351413766442,      -0.0015052478482646,      -0.0045615768412404
      529.9722171202076879,       0.0148610928649362,       0.0056941850931885,       0.0148610928649362,     158.9969751175707131,       0.0010353920487281,       0.0056941850931885,       0.0010353920487281,       0.0102243375371245
      529.9674638640877902,       0.0125136647573571,       0.0050185805479957,       0.0125136647573571,     159.0020842456283106,       0.0094151713955168,       0.0050185805479957,       0.0094151713955168,       0.0309566894642330
      529.9567803711996703,       0.0099876725977036,      -0.0050103527953655,       0.0099876725977036,     159.0035986738653264,      -0.0127138873718269,      -0.0050103527953655,      -0.0127138873718269,       0.0399038454634706
      529.9595414716187634,       0.0096387659323098,       0.0116053648423386,       0.0096387659323098,     159.0076573849935926,       0.0445798323264103,       0.0116053648423386,       0.0445798323264103,       0.0601625935854031
      529.9506399982199127,      -0.0000000000000935,      -0.0000000000001659,      -0.0000000000000935,     159.0020773328903942,       0.1071978397799193,      -0.0000000000001659,       0.1071978397799193,       0.0738024189891462
      529.9595414716181949,      -0.0096387659325595,      -0.0116053648421044,      -0.0096387659325595,     159.0076573849940473,       0.0445798323263805,      -0.0116053648421044,       0.0445798323263805,       0.0601625935861421
      529.9567803711986471,      -0.0099876725975854,       0.0050103527955061,      -0.0099876725975854,     159.0035986738647580,      -0.0127138873718472,       0.0050103527955061,      -0.0127138873718472,       0.0399038454630158
      529.9674638640874491,      -0.0125136647573014,      -0.0050185805477883,      -0.0125136647573014,     159.0020842456284527,       0.0094151713953168,      -0.0050185805477883,       0.0094151713953168,       0.0309566894643467
      529.9722171202079153,      -0.0148610928650325,      -0.0056941850929156,      -0.0148610928650325,     158.9969751175711394,       0.0010353920488893,      -0.0056941850929156,       0.0010353920488893,       0.0102243375376361
      529.9801293887892371,      -0.0129792364544899,       0.0018351413764861,      -0.0129792364544899,     158.9937975935459349,      -0.0015052478482388,       0.0018351413764861,      -0.0015052478482388,      -0.0045615768413541
      529.9823821807381137,      -0.0114050167860678,      -0.0055808132354748,      -0.0114050167860678,     158.9896164340410678,       0.0013373173541603,      -0.0055808132354748,       0.0013373173541603,      -0.0194351097123899
      529.9861008911021827,      -0.0087896730422787,       0.0028924475247157,      -0.0087896730422787,     158.9869797136688589,      -0.0036632465405893,       0.0028924475247157,      -0.0036632465405893,      -0.0303817056089883
      529.9854001815822357,      -0.0057388210667018,      -0.0025557402670712,      -0.0057388210667018,     158.9844724129979170,      -0.0004391902753316,      -0.0025557402670712,      -0.0004391902753316,      -0.0378680415142298
      529.9861779342942327,      -0.0036996785519846,       0.0019388873953870,      -0.0036996785519846,     158.9831311788375388,      -0.0030715515062122,       0.0019388873953870,      -0.0030715515062122,      -0.0427531365436380
      529.9854387913132996,      -0.0008055589501357,      -0.0012934759339724,      -0.0008055589501357,     158.9823301628586592,      -0.0018727631319135,      -0.0012934759339724,      -0.0018727631319135,      -0.0448233178224200
      529.9857580604035547,       0.0016155322353417,      -0.0004370645824285,       0.0016155322353417,     158.9845692727893720,      -0.0025694775314024,      -0.0004370645824285,      -0.0025694775314024,      -0.0488600206883234
      529.9857156478902880,       0.0026871517768133,       0.0003225370933080,       0.0026871517768133,     158.9848284538307439,      -0.0008059005487461,       0.0003225370933080,      -0.0008059005487461,      -0.0464315578068408
      529.9878109594452553,       0.0061553326656812,      -0.0010521471775878,       0.0061553326656812,     158.9861000934457707,      -0.0039507573898026,      -0.0010521471775878,      -0.0039507573898026,      -0.0409090595708221
      529.9858882260358541,       0.0080232216631293,       0.0018903931053773,       0.0080232216631293,     158.9869121020023783,       0.0008822194043964,       0.0018903931053773,       0.0008822194043964,      -0.0323745749201407
      529.9869877810846219,       0.0110733611573622,       0.0008560659366981,       0.0110733611573622,     158.9895523632562231,      -0.0030574548527800,       0.0008560659366981,      -0.0030574548527800,      -0.0180550174549694
      529.9796488722781760,       0.0133479051175347,       0.0022573342242596,       0.0133479051175347,     158.9907092079037341,       0.0010914735999729,       0.0022573342242596,       0.0010914735999729,      -0.0028075881426730
      529.9778458382910458,       0.0134217038048269,       0.0085283942140224,       0.0134217038048269,     158.9948080362582630,       0.0047633042617633,       0.0085283942140224,       0.0047633042617633,       0.0217350888578380
      529.9634986675115442,       0.0134397270059841,      -0.0051644675656905,       0.0134397270059841,     158.9945055607987001,      -0.0059960578875446,      -0.0051644675656905,      -0.0059960578875446,       0.0376824232845934
      529.9658709920071260,       0.0116929784463723,       0.0178395423326412,       0.0116929784463723,     159.0016330885500224,       0.0262028957949825,       0.0178395423326412,       0.0262028957949825,       0.0638721841105507
      529.9440596778886174,      -0.0003036938304307,      -0.0044593257345712,      -0.0003036938304307,     158.9952402670469951,      -0.0314617258120329,      -0.0044593257345712,      -0.0314617258120329,       0.0690570656387877
      529.9553260815166595,       0.0000000000000395,      -0.0000000000000195,       0.0000000000000395,     158.9987907622436865,      -0.1142110632541705,      -0.0000000000000195,      -0.1142110632541705,       0.0629930907336416
      529.9440596778894133,       0.0003036938308232,       0.0044593257349986,       0.0003036938308232,     158.9952402670476488,      -0.0314617258121000,       0.0044593257349986,      -0.0314617258121000,       0.0690570656397540
      529.9658709920058755,      -0.0116929784460364,      -0.0178395423324841,      -0.0116929784460364,     159.0016330885495393,       0.0262028957949532,      -0.0178395423324841,       0.0262028957949532,       0.0638721841100391
      529.9634986675118853,      -0.0134397270055906,       0.0051644675658294,      -0.0134397270055906,     158.9945055607991264,      -0.0059960578874935,       0.0051644675658294,      -0.0059960578874935,       0.0376824232851618
      529.9778458382912731,      -0.0134217038044016,      -0.0085283942135728,      -0.0134217038044016,     158.9948080362589167,       0.0047633042615434,      -0.0085283942135728,       0.0047633042615434,       0.0217350888581223
      529.9796488722787444,      -0.0133479051169395,      -0.0022573342241099,      -0.0133479051169395,     158.9907092079043309,       0.0010914735999113,      -0.0022573342241099,       0.0010914735999113,      -0.0028075881418772
      529.9869877810853041,      -0.0110733611566798,      -0.0008560659364128,      -0.0110733611566798,     158.9895523632559957,      -0.0030574548525940,      -0.0008560659364128,      -0.0030574548525940,      -0.0180550174551399
      529.9858882260355131,      -0.0080232216625090,      -0.0018903931053990,      -0.0080232216625090,     158.9869121020020089,       0.0008822194043985,      -0.0018903931053990,       0.0008822194043985,      -0.0323745749208797
      529.9878109594451416,      -0.0061553326652430,       0.0010521471772317,      -0.0061553326652430,     158.9861000934455433,      -0.0039507573897788,       0.0010521471772317,      -0.0039507573897788,      -0.0409090595709927
      529.9857156478899469,      -0.0026871517762323,      -0.0003225370928029,      -0.0026871517762323,     158.9848284538303744,      -0.0008059005487923,      -0.0003225370928029,      -0.0008059005487923,      -0.0464315578074661
      529.9857580604032137,      -0.0016155322349451,       0.0004370645824994,      -0.0016155322349451,     158.9845692727890025,      -0.0025694775314532,       0.0004370645824994,      -0.0025694775314532,      -0.0488600206886076
      529.9854754730002924,       0.0001915866853832,      -0.0039327942633303,       0.0001915866853832,     158.9865212753201149,      -0.0014624605840149,      -0.0039327942633303,      -0.0014624605840149,      -0.0527269831137573
      529.9868828845806092,       0.0034197038497922,       0.0039745503051664,       0.0034197038497922,     158.9870136789011212,      -0.0029537602822453,       0.0039745503051664,      -0.0029537602822453,      -0.0493807534017492
      529.9872627676796810,       0.0042401898698738,      -0.0057999018005569,       0.0042401898698738,     158.9866700558485491,      -0.0001020602037672,      -0.0057999018005569,      -0.0001020602037672,      -0.0447764603921428
      529.9897791350458647,       0.0077006367480807,       0.0087162735821594,       0.0077006367480807,     158.9881785107865255,      -0.0028833630021701,       0.0087162735821594,      -0.0028833630021701,      -0.0320672791613674
      529.9857642293399067,       0.0092811387670068,      -0.0096007856767795,       0.0092811387670068,     158.9873750464744262,      -0.0001584410444836,      -0.0096007856767795,      -0.0001584410444836,      -0.0205163343341042
      529.9869505859646779,       0.0115425204586995,       0.0206375602404455,       0.0115425204586995,     158.9902598096736028,       0.0023281724672654,       0.0206375602404455,       0.0023281724672654,       0.0056843161254960
      529.9720410623743874,       0.0121546516806350,      -0.0175980193078236,       0.0121546516806350,     158.9877115498855460,      -0.0041243937290860,      -0.0175980193078236,      -0.0041243937290860,       0.0234938466066978
      529.9771108532781909,       0.0126872177367437,       0.0328569204639478,       0.0126872177367437,     158.9944904753126025,       0.0153520611371653,       0.0328569204639478,       0.0153520611371653,       0.0569342242612265
      529.9471917170392317,       0.0056750292456815,      -0.0198188687920809,       0.0056750292456815,     158.9848358949318765,      -0.0132966690588131,      -0.0198188687920809,      -0.0132966690588131,       0.0747633378983892
      529.9700893828049857,       0.0129190196743207,       0.0060329242363525,       0.0129190196743207,     159.0008214430910982,       0.0333398879693810,       0.0060329242363525,       0.0333398879693810,       0.0948974849941351
      529.9437528035641662,       0.0000000000001885,       0.0000000000001531,       0.0000000000001885,     159.0039056592889892,       0.1379272535779791,       0.0000000000001531,       0.1379272535779791,       0.1122248960071488
      529.9700893828054404,      -0.0129190196740969,      -0.0060329242360251,      -0.0129190196740969,     159.0008214430917519,       0.0333398879693094,      -0.0060329242360251,       0.0333398879693094,       0.0948974849945898
      529.9471917170385495,      -0.0056750292455186,       0.0198188687921814,      -0.0056750292455186,     158.9848358949314218,      -0.0132966690589073,       0.0198188687921814,      -0.0132966690589073,       0.0747633378983323
      529.9771108532780772,      -0.0126872177365386,      -0.0328569204637137,      -0.0126872177365386,     158.9944904753124320,       0.0153520611372097,      -0.0328569204637137,       0.0153520611372097,       0.0569342242607718
      529.9720410623751832,      -0.0121546516803239,       0.0175980193081319,      -0.0121546516803239,     158.9877115498861428,      -0.0041243937290159,       0.0175980193081319,      -0.0041243937290159,       0.0234938466076642
      529.9869505859654737,      -0.0115425204587659,      -0.0206375602402428,      -0.0115425204587659,     158.9902598096743418,       0.0023281724671982,      -0.0206375602402428,       0.0023281724671982,       0.0056843161255529
      529.9857642293403615,      -0.0092811387668451,       0.0096007856767794,      -0.0092811387668451,     158.9873750464748241,      -0.0001584410444527,       0.0096007856767794,      -0.0001584410444527,      -0.0205163343338768
      529.9897791350450689,      -0.0077006367480183,      -0.0087162735819582,      -0.0077006367480183,     158.9881785107859287,      -0.0028833630022243,      -0.0087162735819582,      -0.0028833630022243,      -0.0320672791620495
      529.9872627676793400,      -0.0042401898698964,       0.0057999018003057,      -0.0042401898698964,     158.9866700558481512,      -0.0001020602036373,       0.0057999018003057,      -0.0001020602036373,      -0.0447764603923133
      529.9868828845799271,      -0.0034197038497506,      -0.0039745503047801,      -0.0034197038497506,     158.9870136789000981,      -0.0029537602822161,      -0.0039745503047801,      -0.0029537602822161,      -0.0493807534026018
      529.9854754729998376,      -0.0001915866851355,       0.0039327942636368,      -0.0001915866851355,     158.9865212753200581,      -0.0014624605840034,       0.0039327942636368,      -0.0014624605840034,      -0.0527269831137005
      529.9851241619849134,       0.0006077851154468,       0.0150970879215670,       0.0006077851154468,     158.9884428136265058,      -0.0010104006093574,       0.0150970879215670,      -0.0010104006093574,      -0.0549125932017205
      529.9879410047735746,       0.0019967484146591,      -0.0192386230206647,       0.0019967484146591,     158.9879313440039255,      -0.0025677141260449,      -0.0192386230206647,      -0.0025677141260449,      -0.0547646973663518
