       -0.0000001378528016,      -0.0000000022576446,       0.0000000004701334,      -0.0000000022576446,      -0.0000001378528016,       0.0000000004701335,       0.0000000004701334,       0.0000000004701335,      -0.0019978552118455
       -0.0000001264966549,      -0.0000000070582585,       0.0000000014264787,      -0.0000000070582585,      -0.0000001471353242,       0.0000000005554505,       0.0000000014264787,       0.0000000005554505,      -0.0019978585559656
       -0.0000001046318260,      -0.0000000111783078,       0.0000000015010221,      -0.0000000111783078,      -0.0000001651422776,      -0.0000000014270174,       0.0000000015010221,      -0.0000000014270174,      -0.0019978656177921
       -0.0000000732613669,      -0.0000000142699008,       0.0000000030333103,      -0.0000000142699008,      -0.0000001899926306,       0.0000000040515415,       0.0000000030333103,       0.0000000040515415,      -0.0019978752126309
       -0.0000000352608622,      -0.0000000172873721,       0.0000000013479535,      -0.0000000172873721,      -0.0000002203224742,      -0.0000000113777474,       0.0000000013479535,      -0.0000000113777474,      -0.0019978878722774
        0.0000000073363341,      -0.0000000165372773,       0.0000000028156098,      -0.0000000165372773,      -0.0000002522508957,       0.0000000174951700,       0.0000000028156098,       0.0000000174951700,      -0.0019979020468646
        0.0000000493424444,      -0.0000000185589074,       0.0000000025195951,      -0.0000000185589074,      -0.0000002850224187,      -0.0000000292457715,       0.0000000025195951,      -0.0000000292457715,      -0.0019979155132294
        0.0000000887500705,      -0.0000000120924467,      -0.0000000021028341,      -0.0000000120924467,      -0.0000003127614658,       0.0000000075628106,      -0.0000000021028341,       0.0000000075628106,      -0.0019979312289114
        0.0000001191269597,      -0.0000000112062506,       0.0000000056625652,      -0.0000000112062506,      -0.0000003338957584,       0.0000001037529699,       0.0000000056625652,       0.0000001037529699,      -0.0019979401661886
        0.0000001395158369,      -0.0000000215091137,       0.0000000131697878,      -0.0000000215091137,      -0.0000003668613131,      -0.0000005900251333,       0.0000000131697878,      -0.0000005900251333,      -0.0019979335694030
        0.0000001468635810,       0.0000000000000002,      -0.0000000000000002,       0.0000000000000002,      -0.0000003891258946,      -0.0000012605895977,      -0.0000000000000002,      -0.0000012605895977,      -0.0019979268517937
        0.0000001395158380,       0.0000000215091135,      -0.0000000131697880,       0.0000000215091135,      -0.0000003668613132,      -0.0000005900251332,      -0.0000000131697880,      -0.0000005900251332,      -0.0019979335694023
        0.0000001191269575,       0.0000000112062507,      -0.0000000056625649,       0.0000000112062507,      -0.0000003338957588,       0.0000001037529701,      -0.0000000056625649,       0.0000001037529701,      -0.0019979401661880
        0.0000000887500727,       0.0000000120924467,       0.0000000021028341,       0.0000000120924467,      -0.0000003127614653,       0.0000000075628107,       0.0000000021028341,       0.0000000075628107,      -0.0019979312289113
        0.0000000493424432,       0.0000000185589072,      -0.0000000025195954,       0.0000000185589072,      -0.0000002850224197,      -0.0000000292457717,      -0.0000000025195954,      -0.0000000292457717,      -0.0019979155132307
        0.0000000073363348,       0.0000000165372774,      -0.0000000028156100,       0.0000000165372774,      -0.0000002522508975,       0.0000000174951696,      -0.0000000028156100,       0.0000000174951696,      -0.0019979020468649
       -0.0000000352608619,       0.0000000172873720,      -0.0000000013479531,       0.0000000172873720,      -0.0000002203224732,      -0.0000000113777475,      -0.0000000013479531,      -0.0000000113777475,      -0.0019978878722758
       -0.0000000732613676,       0.0000000142699008,      -0.0000000030333099,       0.0000000142699008,      -0.0000001899926306,       0.0000000040515417,      -0.0000000030333099,       0.0000000040515417,      -0.0019978752126311
       -0.0000001046318266,       0.0000000111783078,      -0.0000000015010220,       0.0000000111783078,      -0.0000001651422776,      -0.0000000014270170,      -0.0000000015010220,      -0.0000000014270170,      -0.0019978656177915
       -0.0000001264966535,       0.0000000070582584,      -0.0000000014264789,       0.0000000070582584,      -0.0000001471353229,       0.0000000005554507,      -0.0000000014264789,       0.0000000005554507,      -0.0019978585559634
       -0.0000001378528021,       0.0000000022576447,      -0.0000000004701336,       0.0000000022576447,      -0.0000001378528015,       0.0000000004701334,      -0.0000000004701336,       0.0000000004701334,      -0.0019978552118446
       -0.0000001471353243,      -0.0000000070582585,       0.0000000005554506,      -0.0000000070582585,      -0.0000001264966548,       0.0000000014264789,       0.0000000005554506,       0.0000000014264789,      -0.0019978585559657
       -0.0000001355399422,      -0.0000000205166942,       0.0000000001601972,      -0.0000000205166942,      -0.0000001355399430,       0.0000000001601976,       0.0000000001601972,       0.0000000001601976,      -0.0019978635327157
       -0.0000001123135824,      -0.0000000326284188,       0.0000000025978919,      -0.0000000326284188,      -0.0000001523407274,       0.0000000020062998,       0.0000000025978919,       0.0000000020062998,      -0.0019978719937933
       -0.0000000799575631,      -0.0000000429669645,      -0.0000000013383330,      -0.0000000429669645,      -0.0000001768321372,      -0.0000000066201601,      -0.0000000013383330,      -0.0000000066201601,      -0.0019978862143444
       -0.0000000385001124,      -0.0000000485747744,       0.0000000035823692,      -0.0000000485747744,      -0.0000002046825099,       0.0000000069510563,       0.0000000035823692,       0.0000000069510563,      -0.0019979026146966
        0.0000000057402960,      -0.0000000528872570,      -0.0000000015097933,      -0.0000000528872570,      -0.0000002373417397,      -0.0000000235714551,      -0.0000000015097933,      -0.0000000235714551,      -0.0019979214660907
        0.0000000534307495,      -0.0000000475196276,      -0.0000000029349745,      -0.0000000475196276,      -0.0000002655614201,       0.0000000141567516,      -0.0000000029349745,       0.0000000141567516,      -0.0019979449151034
        0.0000000938889688,      -0.0000000446316095,       0.0000000099463217,      -0.0000000446316095,      -0.0000002951970290,      -0.0000000156230181,       0.0000000099463217,      -0.0000000156230181,      -0.0019979571038169
        0.0000001297876649,      -0.0000000308545708,      -0.0000000140004239,      -0.0000000308545708,      -0.0000003216382335,      -0.0000001182288908,      -0.0000000140004239,      -0.0000001182288908,      -0.0019979777835711
        0.0000001514616106,      -0.0000000000488484,      -0.0000000389447162,      -0.0000000000488484,      -0.0000002806581688,       0.0000005064397516,      -0.0000000389447162,       0.0000005064397516,      -0.0019980301087495
        0.0000001582744110,       0.0000000000000000,      -0.0000000000000002,       0.0000000000000000,      -0.0000002336182837,       0.0000011262991353,      -0.0000000000000002,       0.0000011262991353,      -0.0019980626079423
        0.0000001514616113,       0.0000000000488484,       0.0000000389447163,       0.0000000000488484,      -0.0000002806581692,       0.0000005064397514,       0.0000000389447163,       0.0000005064397514,      -0.0019980301087495
        0.0000001297876641,       0.0000000308545708,       0.0000000140004242,       0.0000000308545708,      -0.0000003216382339,      -0.0000001182288909,       0.0000000140004242,      -0.0000001182288909,      -0.0019979777835710
        0.0000000938889699,       0.0000000446316095,      -0.0000000099463219,       0.0000000446316095,      -0.0000002951970290,      -0.0000000156230182,      -0.0000000099463219,      -0.0000000156230182,      -0.0019979571038170
        0.0000000534307495,       0.0000000475196274,       0.0000000029349742,       0.0000000475196274,      -0.0000002655614209,       0.0000000141567515,       0.0000000029349742,       0.0000000141567515,      -0.0019979449151031
        0.0000000057402969,       0.0000000528872570,       0.0000000015097932,       0.0000000528872570,      -0.0000002373417399,      -0.0000000235714550,       0.0000000015097932,      -0.0000000235714550,      -0.0019979214660912
       -0.0000000385001133,       0.0000000485747745,      -0.0000000035823689,       0.0000000485747745,      -0.0000002046825096,       0.0000000069510565,      -0.0000000035823689,       0.0000000069510565,      -0.0019979026146951
       -0.0000000799575623,       0.0000000429669644,       0.0000000013383335,       0.0000000429669644,      -0.0000001768321379,      -0.0000000066201601,       0.0000000013383335,      -0.0000000066201601,      -0.0019978862143443
       -0.0000001123135832,       0.0000000326284190,      -0.0000000025978917,       0.0000000326284190,      -0.0000001523407260,       0.0000000020062995,      -0.0000000025978917,       0.0000000020062995,      -0.0019978719937934
       -0.0000001355399422,       0.0000000205166941,      -0.0000000001601975,       0.0000000205166941,      -0.0000001355399422,       0.0000000001601974,      -0.0000000001601975,       0.0000000001601974,      -0.0019978635327165
       -0.0000001471353254,       0.0000000070582585,      -0.0000000005554508,       0.0000000070582585,      -0.0000001264966543,       0.0000000014264790,      -0.0000000005554508,       0.0000000014264790,      -0.0019978585559666
       -0.0000001651422776,      -0.0000000111783079,      -0.0000000014270174,      -0.0000000111783079,      -0.0000001046318256,       0.0000000015010220,      -0.0000000014270174,       0.0000000015010220,      -0.0019978656177918
       -0.0000001523407271,      -0.0000000326284188,       0.0000000020062997,      -0.0000000326284188,      -0.0000001123135819,       0.0000000025978920,       0.0000000020062997,       0.0000000025978920,      -0.0019978719937935
       -0.0000001281629615,      -0.0000000525060192,      -0.0000000037672538,      -0.0000000525060192,      -0.0000001281629612,      -0.0000000037672535,      -0.0000000037672538,      -0.0000000037672535,      -0.0019978868193096
       -0.0000000911718245,      -0.0000000675490967,       0.0000000028431035,      -0.0000000675490967,      -0.0000001485949491,       0.0000000028252140,       0.0000000028431035,       0.0000000028252140,      -0.0019979061867043
       -0.0000000472551269,      -0.0000000795720923,      -0.0000000071113180,      -0.0000000795720923,      -0.0000001760240112,      -0.0000000168387622,      -0.0000000071113180,      -0.0000000168387622,      -0.0019979328857860
        0.0000000063187007,      -0.0000000809728634,      -0.0000000021590339,      -0.0000000809728634,      -0.0000002011743990,       0.0000000032085168,      -0.0000000021590339,       0.0000000032085168,      -0.0019979649844846
        0.0000000567172248,      -0.0000000807694365,       0.0000000011347682,      -0.0000000807694365,      -0.0000002322436913,      -0.0000000302576362,       0.0000000011347682,      -0.0000000302576362,      -0.0019979909779878
        0.0000001088893987,      -0.0000000652663072,      -0.0000000227165804,      -0.0000000652663072,      -0.0000002534224529,      -0.0000000269971543,      -0.0000000227165804,      -0.0000000269971543,      -0.0019980322379443
        0.0000001473287899,      -0.0000000476553867,       0.0000000147655040,      -0.0000000476553867,      -0.0000002618736030,       0.0000000720390586,       0.0000000147655040,       0.0000000720390586,      -0.0019980520828903
        0.0000001733174436,      -0.0000000416107656,       0.0000000619424369,      -0.0000000416107656,      -0.0000003607228130,      -0.0000004280624017,       0.0000000619424369,      -0.0000004280624017,      -0.0019979975413943
        0.0000001830028119,      -0.0000000000000001,      -0.0000000000000002,      -0.0000000000000001,      -0.0000004495087027,      -0.0000009506333847,      -0.0000000000000002,      -0.0000009506333847,      -0.0019979520294007
        0.0000001733174441,       0.0000000416107657,      -0.0000000619424369,       0.0000000416107657,      -0.0000003607228131,      -0.0000004280624016,      -0.0000000619424369,      -0.0000004280624016,      -0.0019979975413952
        0.0000001473287884,       0.0000000476553866,      -0.0000000147655040,       0.0000000476553866,      -0.0000002618736026,       0.0000000720390584,      -0.0000000147655040,       0.0000000720390584,      -0.0019980520828907
        0.0000001088894003,       0.0000000652663069,       0.0000000227165805,       0.0000000652663069,      -0.0000002534224526,      -0.0000000269971546,       0.0000000227165805,      -0.0000000269971546,      -0.0019980322379438
        0.0000000567172248,       0.0000000807694369,      -0.0000000011347682,       0.0000000807694369,      -0.0000002322436914,      -0.0000000302576359,      -0.0000000011347682,      -0.0000000302576359,      -0.0019979909779868
        0.0000000063187013,       0.0000000809728634,       0.0000000021590339,       0.0000000809728634,      -0.0000002011743996,       0.0000000032085170,       0.0000000021590339,       0.0000000032085170,      -0.0019979649844852
       -0.0000000472551270,       0.0000000795720922,       0.0000000071113181,       0.0000000795720922,      -0.0000001760240098,      -0.0000000168387622,       0.0000000071113181,      -0.0000000168387622,      -0.0019979328857858
       -0.0000000911718245,       0.0000000675490969,      -0.0000000028431031,       0.0000000675490969,      -0.0000001485949478,       0.0000000028252138,      -0.0000000028431031,       0.0000000028252138,      -0.0019979061867049
       -0.0000001281629622,       0.0000000525060191,       0.0000000037672538,       0.0000000525060191,      -0.0000001281629616,      -0.0000000037672536,       0.0000000037672538,      -0.0000000037672536,      -0.0019978868193098
       -0.0000001523407265,       0.0000000326284192,      -0.0000000020062996,       0.0000000326284192,      -0.0000001123135820,       0.0000000025978920,      -0.0000000020062996,       0.0000000025978920,      -0.0019978719937932
       -0.0000001651422779,       0.0000000111783076,       0.0000000014270170,       0.0000000111783076,      -0.0000001046318249,       0.0000000015010220,       0.0000000014270170,       0.0000000015010220,      -0.0019978656177917
       -0.0000001899926302,      -0.0000000142699009,       0.0000000040515418,      -0.0000000142699009,      -0.0000000732613675,       0.0000000030333104,       0.0000000040515418,       0.0000000030333104,      -0.0019978752126306
       -0.0000001768321367,      -0.0000000429669644,      -0.0000000066201602,      -0.0000000429669644,      -0.0000000799575635,      -0.0000000013383330,      -0.0000000066201602,      -0.0000000013383330,      -0.0019978862143443
       -0.0000001485949498,      -0.0000000675490969,       0.0000000028252138,      -0.0000000675490969,      -0.0000000911718250,       0.0000000028431034,       0.0000000028252138,       0.0000000028431034,      -0.0019979061867043
       -0.0000001097178604,      -0.0000000896048555,      -0.0000000119769726,      -0.0000000896048555,      -0.0000001097178622,      -0.0000000119769724,      -0.0000000119769726,      -0.0000000119769724,      -0.0019979380925226
       -0.0000000552963000,      -0.0000001010850188,      -0.0000000030198073,      -0.0000001010850188,      -0.0000001275575930,      -0.0000000026682993,      -0.0000000030198073,      -0.0000000026682993,      -0.0019979790760414
        0.0000000016286167,      -0.0000001091084963,      -0.0000000102770721,      -0.0000001091084963,      -0.0000001531399239,      -0.0000000260472647,      -0.0000000102770721,      -0.0000000260472647,      -0.0019980220132939
        0.0000000681277942,      -0.0000001001246973,      -0.0000000225628762,      -0.0000001001246973,      -0.0000001698146018,      -0.0000000225394984,      -0.0000000225628762,      -0.0000000225394984,      -0.0019980805046337
        0.0000001242832176,      -0.0000000879442372,       0.0000000134511983,      -0.0000000879442372,      -0.0000001904102649,      -0.0000000130100576,       0.0000000134511983,      -0.0000000130100576,      -0.0019981131110925
        0.0000001720239455,      -0.0000000674984775,      -0.0000000269469959,      -0.0000000674984775,      -0.0000002237981039,      -0.0000001150271534,      -0.0000000269469959,      -0.0000001150271534,      -0.0019981509090953
        0.0000002057410760,      -0.0000000208982197,      -0.0000000910389549,      -0.0000000208982197,      -0.0000001241528153,       0.0000002033132147,      -0.0000000910389549,       0.0000002033132147,      -0.0019982717963159
        0.0000002172587469,       0.0000000000000003,       0.0000000000000000,       0.0000000000000003,      -0.0000000152202687,       0.0000005820023990,       0.0000000000000000,       0.0000005820023990,      -0.0019983547331499
        0.0000002057410764,       0.0000000208982195,       0.0000000910389547,       0.0000000208982195,      -0.0000001241528154,       0.0000002033132146,       0.0000000910389547,       0.0000002033132146,      -0.0019982717963158
        0.0000001720239438,       0.0000000674984773,       0.0000000269469957,       0.0000000674984773,      -0.0000002237981035,      -0.0000001150271534,       0.0000000269469957,      -0.0000001150271534,      -0.0019981509090956
        0.0000001242832194,       0.0000000879442373,      -0.0000000134511977,       0.0000000879442373,      -0.0000001904102646,      -0.0000000130100572,      -0.0000000134511977,      -0.0000000130100572,      -0.0019981131110920
        0.0000000681277942,       0.0000001001246973,       0.0000000225628759,       0.0000001001246973,      -0.0000001698146025,      -0.0000000225394983,       0.0000000225628759,      -0.0000000225394983,      -0.0019980805046342
        0.0000000016286176,       0.0000001091084962,       0.0000000102770719,       0.0000001091084962,      -0.0000001531399234,      -0.0000000260472649,       0.0000000102770719,      -0.0000000260472649,      -0.0019980220132930
       -0.0000000552963003,       0.0000001010850190,       0.0000000030198076,       0.0000001010850190,      -0.0000001275575933,      -0.0000000026682994,       0.0000000030198076,      -0.0000000026682994,      -0.0019979790760412
       -0.0000001097178617,       0.0000000896048553,       0.0000000119769728,       0.0000000896048553,      -0.0000001097178623,      -0.0000000119769723,       0.0000000119769728,      -0.0000000119769723,      -0.0019979380925224
       -0.0000001485949492,       0.0000000675490970,      -0.0000000028252137,       0.0000000675490970,      -0.0000000911718236,       0.0000000028431036,      -0.0000000028252137,       0.0000000028431036,      -0.0019979061867035
       -0.0000001768321364,       0.0000000429669644,       0.0000000066201600,       0.0000000429669644,      -0.0000000799575626,      -0.0000000013383331,       0.0000000066201600,      -0.0000000013383331,      -0.0019978862143445
       -0.0000001899926310,       0.0000000142699009,      -0.0000000040515420,       0.0000000142699009,      -0.0000000732613660,       0.0000000030333103,      -0.0000000040515420,       0.0000000030333103,      -0.0019978752126295
       -0.0000002203224738,      -0.0000000172873717,      -0.0000000113777473,      -0.0000000172873717,      -0.0000000352608630,       0.0000000013479532,      -0.0000000113777473,       0.0000000013479532,      -0.0019978878722766
       -0.0000002046825097,      -0.0000000485747746,       0.0000000069510563,      -0.0000000485747746,      -0.0000000385001132,       0.0000000035823690,       0.0000000069510563,       0.0000000035823690,      -0.0019979026146962
       -0.0000001760240115,      -0.0000000795720922,      -0.0000000168387623,      -0.0000000795720922,      -0.0000000472551281,      -0.0000000071113179,      -0.0000000168387623,      -0.0000000071113179,      -0.0019979328857865
       -0.0000001275575913,      -0.0000001010850188,      -0.0000000026682995,      -0.0000001010850188,      -0.0000000552962997,      -0.0000000030198073,      -0.0000000026682995,      -0.0000000030198073,      -0.0019979790760415
       -0.0000000709477429,      -0.0000001198329052,      -0.0000000193532308,      -0.0000001198329052,      -0.0000000709477429,      -0.0000000193532309,      -0.0000000193532308,      -0.0000000193532309,      -0.0019980343056320
        0.0000000038147482,      -0.0000001213660864,      -0.0000000240099398,      -0.0000001213660864,      -0.0000000794692339,      -0.0000000253027821,      -0.0000000240099398,      -0.0000000253027821,      -0.0019981096055376
        0.0000000746552338,      -0.0000001184028116,      -0.0000000028428198,      -0.0000001184028116,      -0.0000000958912806,      -0.0000000224110198,      -0.0000000028428198,      -0.0000000224110198,      -0.0019981681238130
        0.0000001453620094,      -0.0000001018890154,      -0.0000000468489864,      -0.0000001018890154,      -0.0000001096157848,      -0.0000000692645578,      -0.0000000468489864,      -0.0000000692645578,      -0.0019982464214335
        0.0000002084558816,      -0.0000000658837924,      -0.0000000040775942,      -0.0000000658837924,      -0.0000000898971895,      -0.0000000032837260,      -0.0000000040775942,      -0.0000000032837260,      -0.0019983104812474
        0.0000002410194406,      -0.0000000439531021,       0.0000000909249258,      -0.0000000439531021,      -0.0000002092986371,      -0.0000001333180034,       0.0000000909249258,      -0.0000001333180034,      -0.0019982357215212
        0.0000002524544801,      -0.0000000000000001,      -0.0000000000000002,      -0.0000000000000001,      -0.0000003392650779,      -0.0000003441197357,      -0.0000000000000002,      -0.0000003441197357,      -0.0019981550702865
        0.0000002410194402,       0.0000000439531021,      -0.0000000909249257,       0.0000000439531021,      -0.0000002092986383,      -0.0000001333180034,      -0.0000000909249257,      -0.0000001333180034,      -0.0019982357215221
        0.0000002084558816,       0.0000000658837925,       0.0000000040775942,       0.0000000658837925,      -0.0000000898971890,      -0.0000000032837257,       0.0000000040775942,      -0.0000000032837257,      -0.0019983104812466
        0.0000001453620105,       0.0000001018890155,       0.0000000468489866,       0.0000001018890155,      -0.0000001096157851,      -0.0000000692645579,       0.0000000468489866,      -0.0000000692645579,      -0.0019982464214341
        0.0000000746552336,       0.0000001184028114,       0.0000000028428196,       0.0000001184028114,      -0.0000000958912815,      -0.0000000224110200,       0.0000000028428196,      -0.0000000224110200,      -0.0019981681238145
        0.0000000038147500,       0.0000001213660864,       0.0000000240099398,       0.0000001213660864,      -0.0000000794692334,      -0.0000000253027817,       0.0000000240099398,      -0.0000000253027817,      -0.0019981096055364
       -0.0000000709477447,       0.0000001198329051,       0.0000000193532312,       0.0000001198329051,      -0.0000000709477435,      -0.0000000193532306,       0.0000000193532312,      -0.0000000193532306,      -0.0019980343056316
       -0.0000001275575917,       0.0000001010850190,       0.0000000026682996,       0.0000001010850190,      -0.0000000552962994,      -0.0000000030198074,       0.0000000026682996,      -0.0000000030198074,      -0.0019979790760405
       -0.0000001760240106,       0.0000000795720923,       0.0000000168387623,       0.0000000795720923,      -0.0000000472551266,      -0.0000000071113181,       0.0000000168387623,      -0.0000000071113181,      -0.0019979328857841
       -0.0000002046825103,       0.0000000485747742,      -0.0000000069510564,       0.0000000485747742,      -0.0000000385001133,       0.0000000035823689,      -0.0000000069510564,       0.0000000035823689,      -0.0019979026146957
       -0.0000002203224734,       0.0000000172873720,       0.0000000113777471,       0.0000000172873720,      -0.0000000352608619,       0.0000000013479533,       0.0000000113777471,       0.0000000013479533,      -0.0019978878722748
       -0.0000002522508966,      -0.0000000165372774,       0.0000000174951697,      -0.0000000165372774,       0.0000000073363343,       0.0000000028156099,       0.0000000174951697,       0.0000000028156099,      -0.0019979020468647
       -0.0000002373417398,      -0.0000000528872569,      -0.0000000235714549,      -0.0000000528872569,       0.0000000057402958,      -0.0000000015097933,      -0.0000000235714549,      -0.0000000015097933,      -0.0019979214660907
       -0.0000002011743991,      -0.0000000809728631,       0.0000000032085168,      -0.0000000809728631,       0.0000000063187011,      -0.0000000021590340,       0.0000000032085168,      -0.0000000021590340,      -0.0019979649844851
       -0.0000001531399234,      -0.0000001091084958,      -0.0000000260472651,      -0.0000001091084958,       0.0000000016286162,      -0.0000000102770722,      -0.0000000260472651,      -0.0000000102770722,      -0.0019980220132940
       -0.0000000794692342,      -0.0000001213660865,      -0.0000000253027821,      -0.0000001213660865,       0.0000000038147489,      -0.0000000240099401,      -0.0000000253027821,      -0.0000000240099401,      -0.0019981096055373
       -0.0000000017822193,      -0.0000001298779331,      -0.0000000162797408,      -0.0000001298779331,      -0.0000000017822192,      -0.0000000162797412,      -0.0000000162797408,      -0.0000000162797412,      -0.0019981895184294
        0.0000000860387932,      -0.0000001233910555,      -0.0000000548294127,      -0.0000001233910555,      -0.0000000028761842,      -0.0000000621046151,      -0.0000000548294127,      -0.0000000621046151,      -0.0019982968770000
        0.0000001745945295,      -0.0000000972977989,      -0.0000000048424031,      -0.0000000972977989,       0.0000000073046269,      -0.0000000254337007,      -0.0000000048424031,      -0.0000000254337007,      -0.0019983810327801
        0.0000002298095806,      -0.0000000832389378,      -0.0000000201561811,      -0.0000000832389378,      -0.0000000276421278,      -0.0000000652152106,      -0.0000000201561811,      -0.0000000652152106,      -0.0019984321288724
        0.0000002840520604,      -0.0000000435654960,      -0.0000001084717458,      -0.0000000435654960,       0.0000000702395676,      -0.0000001287917128,      -0.0000001084717458,      -0.0000001287917128,      -0.0019985848748610
        0.0000003013274680,      -0.0000000000000002,       0.0000000000000000,      -0.0000000000000002,       0.0000001973385646,      -0.0000000977728462,       0.0000000000000000,      -0.0000000977728462,      -0.0019987015679738
        0.0000002840520609,       0.0000000435654961,       0.0000001084717461,       0.0000000435654961,       0.0000000702395669,      -0.0000001287917125,       0.0000001084717461,      -0.0000001287917125,      -0.0019985848748628
        0.0000002298095799,       0.0000000832389381,       0.0000000201561809,       0.0000000832389381,      -0.0000000276421275,      -0.0000000652152105,       0.0000000201561809,      -0.0000000652152105,      -0.0019984321288729
        0.0000001745945291,       0.0000000972977987,       0.0000000048424027,       0.0000000972977987,       0.0000000073046267,      -0.0000000254337008,       0.0000000048424027,      -0.0000000254337008,      -0.0019983810327801
        0.0000000860387941,       0.0000001233910556,       0.0000000548294130,       0.0000001233910556,      -0.0000000028761850,      -0.0000000621046150,       0.0000000548294130,      -0.0000000621046150,      -0.0019982968770014
       -0.0000000017822189,       0.0000001298779331,       0.0000000162797409,       0.0000001298779331,      -0.0000000017822191,      -0.0000000162797409,       0.0000000162797409,      -0.0000000162797409,      -0.0019981895184300
       -0.0000000794692349,       0.0000001213660865,       0.0000000253027822,       0.0000001213660865,       0.0000000038147497,      -0.0000000240099398,       0.0000000253027822,      -0.0000000240099398,      -0.0019981096055378
       -0.0000001531399231,       0.0000001091084959,       0.0000000260472649,       0.0000001091084959,       0.0000000016286167,      -0.0000000102770720,       0.0000000260472649,      -0.0000000102770720,      -0.0019980220132935
       -0.0000002011743994,       0.0000000809728630,      -0.0000000032085170,       0.0000000809728630,       0.0000000063187013,      -0.0000000021590341,      -0.0000000032085170,      -0.0000000021590341,      -0.0019979649844830
       -0.0000002373417400,       0.0000000528872571,       0.0000000235714553,       0.0000000528872571,       0.0000000057402978,      -0.0000000015097934,       0.0000000235714553,      -0.0000000015097934,      -0.0019979214660891
       -0.0000002522508963,       0.0000000165372773,      -0.0000000174951700,       0.0000000165372773,       0.0000000073363352,       0.0000000028156099,      -0.0000000174951700,       0.0000000028156099,      -0.0019979020468648
       -0.0000002850224176,      -0.0000000185589077,      -0.0000000292457718,      -0.0000000185589077,       0.0000000493424439,       0.0000000025195951,      -0.0000000292457718,       0.0000000025195951,      -0.0019979155132301
       -0.0000002655614203,      -0.0000000475196271,       0.0000000141567515,      -0.0000000475196271,       0.0000000534307497,      -0.0000000029349747,       0.0000000141567515,      -0.0000000029349747,      -0.0019979449151028
       -0.0000002322436906,      -0.0000000807694361,      -0.0000000302576360,      -0.0000000807694361,       0.0000000567172250,       0.0000000011347678,      -0.0000000302576360,       0.0000000011347678,      -0.0019979909779871
       -0.0000001698146016,      -0.0000001001246973,      -0.0000000225394985,      -0.0000001001246973,       0.0000000681277937,      -0.0000000225628762,      -0.0000000225394985,      -0.0000000225628762,      -0.0019980805046342
       -0.0000000958912815,      -0.0000001184028115,      -0.0000000224110201,      -0.0000001184028115,       0.0000000746552336,      -0.0000000028428196,      -0.0000000224110201,      -0.0000000028428196,      -0.0019981681238131
       -0.0000000028761836,      -0.0000001233910556,      -0.0000000621046148,      -0.0000001233910556,       0.0000000860387939,      -0.0000000548294127,      -0.0000000621046148,      -0.0000000548294127,      -0.0019982968770000
        0.0000001041495186,      -0.0000001091400993,      -0.0000000183445085,      -0.0000001091400993,       0.0000001041495197,      -0.0000000183445086,      -0.0000000183445085,      -0.0000000183445086,      -0.0019984106216185
        0.0000001819359231,      -0.0000001071406200,      -0.0000000506154147,      -0.0000001071406200,       0.0000000944936630,      -0.0000000631757822,      -0.0000000506154147,      -0.0000000631757822,      -0.0019985132571291
        0.0000002801434872,      -0.0000000632333971,      -0.0000000465342040,      -0.0000000632333971,       0.0000001365001089,      -0.0000000925906381,      -0.0000000465342040,      -0.0000000925906381,      -0.0019986272075580
        0.0000003173871381,      -0.0000000217289800,       0.0000000583753480,      -0.0000000217289800,       0.0000000805495826,       0.0000000943670228,       0.0000000583753480,       0.0000000943670228,      -0.0019986040566217
        0.0000003355876773,       0.0000000000000000,       0.0000000000000002,       0.0000000000000000,      -0.0000000235432608,       0.0000002107375699,       0.0000000000000002,       0.0000002107375699,      -0.0019985316697331
        0.0000003173871397,       0.0000000217289800,      -0.0000000583753479,       0.0000000217289800,       0.0000000805495821,       0.0000000943670226,      -0.0000000583753479,       0.0000000943670226,      -0.0019986040566228
        0.0000002801434861,       0.0000000632333970,       0.0000000465342038,       0.0000000632333970,       0.0000001365001093,      -0.0000000925906382,       0.0000000465342038,      -0.0000000925906382,      -0.0019986272075580
        0.0000001819359218,       0.0000001071406203,       0.0000000506154146,       0.0000001071406203,       0.0000000944936619,      -0.0000000631757820,       0.0000000506154146,      -0.0000000631757820,      -0.0019985132571296
        0.0000001041495195,       0.0000001091400991,       0.0000000183445086,       0.0000001091400991,       0.0000001041495190,      -0.0000000183445086,       0.0000000183445086,      -0.0000000183445086,      -0.0019984106216185
       -0.0000000028761826,       0.0000001233910556,       0.0000000621046152,       0.0000001233910556,       0.0000000860387928,      -0.0000000548294130,       0.0000000621046152,      -0.0000000548294130,      -0.0019982968770008
       -0.0000000958912836,       0.0000001184028117,       0.0000000224110201,       0.0000001184028117,       0.0000000746552324,      -0.0000000028428198,       0.0000000224110201,      -0.0000000028428198,      -0.0019981681238143
       -0.0000001698146006,       0.0000001001246973,       0.0000000225394986,       0.0000001001246973,       0.0000000681277951,      -0.0000000225628761,       0.0000000225394986,      -0.0000000225628761,      -0.0019980805046332
       -0.0000002322436909,       0.0000000807694361,       0.0000000302576358,       0.0000000807694361,       0.0000000567172268,       0.0000000011347683,       0.0000000302576358,       0.0000000011347683,      -0.0019979909779857
       -0.0000002655614189,       0.0000000475196274,      -0.0000000141567515,       0.0000000475196274,       0.0000000534307508,      -0.0000000029349745,      -0.0000000141567515,      -0.0000000029349745,      -0.0019979449151024
       -0.0000002850224199,       0.0000000185589073,       0.0000000292457715,       0.0000000185589073,       0.0000000493424439,       0.0000000025195950,       0.0000000292457715,       0.0000000025195950,      -0.0019979155132308
       -0.0000003127614640,      -0.0000000120924464,       0.0000000075628108,      -0.0000000120924464,       0.0000000887500714,      -0.0000000021028344,       0.0000000075628108,      -0.0000000021028344,      -0.0019979312289113
       -0.0000002951970284,      -0.0000000446316093,      -0.0000000156230184,      -0.0000000446316093,       0.0000000938889693,       0.0000000099463219,      -0.0000000156230184,       0.0000000099463219,      -0.0019979571038161
       -0.0000002534224526,      -0.0000000652663070,      -0.0000000269971545,      -0.0000000652663070,       0.0000001088893989,      -0.0000000227165804,      -0.0000000269971545,      -0.0000000227165804,      -0.0019980322379439
       -0.0000001904102641,      -0.0000000879442373,      -0.0000000130100572,      -0.0000000879442373,       0.0000001242832172,       0.0000000134511981,      -0.0000000130100572,       0.0000000134511981,      -0.0019981131110923
       -0.0000001096157843,      -0.0000001018890154,      -0.0000000692645580,      -0.0000001018890154,       0.0000001453620094,      -0.0000000468489862,      -0.0000000692645580,      -0.0000000468489862,      -0.0019982464214334
        0.0000000073046276,      -0.0000000972977985,      -0.0000000254337009,      -0.0000000972977985,       0.0000001745945295,      -0.0000000048424029,      -0.0000000254337009,      -0.0000000048424029,      -0.0019983810327797
        0.0000000944936619,      -0.0000001071406200,      -0.0000000631757820,      -0.0000001071406200,       0.0000001819359222,      -0.0000000506154149,      -0.0000000631757820,      -0.0000000506154149,      -0.0019985132571291
        0.0000002264365880,      -0.0000000718167954,      -0.0000000586571862,      -0.0000000718167954,       0.0000002264365878,      -0.0000000586571863,      -0.0000000586571862,      -0.0000000586571863,      -0.0019986601107080
        0.0000002888924945,      -0.0000000613685686,      -0.0000000053592953,      -0.0000000613685686,       0.0000002190131115,       0.0000000028314427,      -0.0000000053592953,       0.0000000028314427,      -0.0019987469650213
        0.0000003564714366,      -0.0000000547084447,      -0.0000000564388858,      -0.0000000547084447,       0.0000002416882848,      -0.0000002486915773,      -0.0000000564388858,      -0.0000002486915773,      -0.0019988490295755
        0.0000003756170400,       0.0000000000000000,      -0.0000000000000001,       0.0000000000000000,       0.0000003120078357,      -0.0000004661316906,      -0.0000000000000001,      -0.0000004661316906,      -0.0019989417927026
        0.0000003564714377,       0.0000000547084446,       0.0000000564388859,       0.0000000547084446,       0.0000002416882837,      -0.0000002486915775,       0.0000000564388859,      -0.0000002486915775,      -0.0019988490295765
        0.0000002888924931,       0.0000000613685686,       0.0000000053592955,       0.0000000613685686,       0.0000002190131120,       0.0000000028314428,       0.0000000053592955,       0.0000000028314428,      -0.0019987469650212
        0.0000002264365885,       0.0000000718167955,       0.0000000586571861,       0.0000000718167955,       0.0000002264365871,      -0.0000000586571861,       0.0000000586571861,      -0.0000000586571861,      -0.0019986601107094
        0.0000000944936619,       0.0000001071406202,       0.0000000631757820,       0.0000001071406202,       0.0000001819359227,      -0.0000000506154147,       0.0000000631757820,      -0.0000000506154147,      -0.0019985132571282
        0.0000000073046293,       0.0000000972977981,       0.0000000254337010,       0.0000000972977981,       0.0000001745945293,      -0.0000000048424028,       0.0000000254337010,      -0.0000000048424028,      -0.0019983810327791
       -0.0000001096157858,       0.0000001018890154,       0.0000000692645580,       0.0000001018890154,       0.0000001453620083,      -0.0000000468489862,       0.0000000692645580,      -0.0000000468489862,      -0.0019982464214335
       -0.0000001904102644,       0.0000000879442376,       0.0000000130100574,       0.0000000879442376,       0.0000001242832163,       0.0000000134511980,       0.0000000130100574,       0.0000000134511980,      -0.0019981131110935
       -0.0000002534224536,       0.0000000652663073,       0.0000000269971544,       0.0000000652663073,       0.0000001088893989,      -0.0000000227165806,       0.0000000269971544,      -0.0000000227165806,      -0.0019980322379451
       -0.0000002951970286,       0.0000000446316090,       0.0000000156230178,       0.0000000446316090,       0.0000000938889704,       0.0000000099463217,       0.0000000156230178,       0.0000000099463217,      -0.0019979571038159
       -0.0000003127614660,       0.0000000120924464,      -0.0000000075628107,       0.0000000120924464,       0.0000000887500718,      -0.0000000021028345,      -0.0000000075628107,      -0.0000000021028345,      -0.0019979312289116
       -0.0000003338957582,      -0.0000000112062504,       0.0000001037529702,      -0.0000000112062504,       0.0000001191269591,       0.0000000056625651,       0.0000001037529702,       0.0000000056625651,      -0.0019979401661884
       -0.0000003216382333,      -0.0000000308545707,      -0.0000001182288910,      -0.0000000308545707,       0.0000001297876643,      -0.0000000140004241,      -0.0000001182288910,      -0.0000000140004241,      -0.0019979777835711
