       -0.0007284794465807,      -0.0000000012201895,       0.0000000025995151,      -0.0000000012201895,       0.0020017563970691,      -0.0000000012201894,       0.0000000025995151,      -0.0000000012201894,      -0.0007284794465817
       -0.0007284883631750,      -0.0000000037763299,       0.0000000081683608,      -0.0000000037763299,       0.0020017569806420,      -0.0000000014232939,       0.0000000081683608,      -0.0000000014232939,      -0.0007284687394818
       -0.0007285068140409,      -0.0000000051337236,       0.0000000127588898,      -0.0000000051337236,       0.0020017595046720,      -0.0000000002824071,       0.0000000127588898,      -0.0000000002824071,      -0.0007284481373458
       -0.0007285348844380,      -0.0000000072444616,       0.0000000172261620,      -0.0000000072444616,       0.0020017646914894,      -0.0000000025601151,       0.0000000172261620,      -0.0000000025601151,      -0.0007284190447713
       -0.0007285717554063,      -0.0000000065178568,       0.0000000198859428,      -0.0000000065178568,       0.0020017736995265,       0.0000000035613127,       0.0000000198859428,       0.0000000035613127,      -0.0007283836980736
       -0.0007286145909864,      -0.0000000067108262,       0.0000000206302127,      -0.0000000067108262,       0.0020017862084775,      -0.0000000061143083,       0.0000000206302127,      -0.0000000061143083,      -0.0007283458213454
       -0.0007286593277543,      -0.0000000077505873,       0.0000000220483969,      -0.0000000077505873,       0.0020017986463350,       0.0000000089546880,       0.0000000220483969,       0.0000000089546880,      -0.0007283065479870
       -0.0007287012166162,       0.0000000001992075,       0.0000000140432011,       0.0000000001992075,       0.0020018150061525,       0.0000000012935983,       0.0000000140432011,       0.0000000012935983,      -0.0007282744193686
       -0.0007287354726628,      -0.0000000076751747,       0.0000000155086831,      -0.0000000076751747,       0.0020018259726313,      -0.0000000393072165,       0.0000000155086831,      -0.0000000393072165,      -0.0007282481869739
       -0.0007287574539512,      -0.0000000220674075,       0.0000000265495357,      -0.0000000220674075,       0.0020018117882235,       0.0000001953383111,       0.0000000265495357,       0.0000001953383111,      -0.0007282078770247
       -0.0007287655651783,       0.0000000000000001,       0.0000000000000000,       0.0000000000000001,       0.0020017972253049,       0.0000004308981298,       0.0000000000000000,       0.0000004308981298,      -0.0007281818158709
       -0.0007287574539513,       0.0000000220674077,      -0.0000000265495358,       0.0000000220674077,       0.0020018117882225,       0.0000001953383110,      -0.0000000265495358,       0.0000001953383110,      -0.0007282078770259
       -0.0007287354726641,       0.0000000076751745,      -0.0000000155086827,       0.0000000076751745,       0.0020018259726315,      -0.0000000393072165,      -0.0000000155086827,      -0.0000000393072165,      -0.0007282481869722
       -0.0007287012166148,      -0.0000000001992073,      -0.0000000140432011,      -0.0000000001992073,       0.0020018150061518,       0.0000000012935979,      -0.0000000140432011,       0.0000000012935979,      -0.0007282744193690
       -0.0007286593277535,       0.0000000077505874,      -0.0000000220483975,       0.0000000077505874,       0.0020017986463341,       0.0000000089546877,      -0.0000000220483975,       0.0000000089546877,      -0.0007283065479876
       -0.0007286145909873,       0.0000000067108261,      -0.0000000206302125,       0.0000000067108261,       0.0020017862084764,      -0.0000000061143082,      -0.0000000206302125,      -0.0000000061143082,      -0.0007283458213448
       -0.0007285717554043,       0.0000000065178568,      -0.0000000198859425,       0.0000000065178568,       0.0020017736995265,       0.0000000035613126,      -0.0000000198859425,       0.0000000035613126,      -0.0007283836980720
       -0.0007285348844385,       0.0000000072444614,      -0.0000000172261620,       0.0000000072444614,       0.0020017646914889,      -0.0000000025601151,      -0.0000000172261620,      -0.0000000025601151,      -0.0007284190447714
       -0.0007285068140417,       0.0000000051337238,      -0.0000000127588899,       0.0000000051337238,       0.0020017595046717,      -0.0000000002824070,      -0.0000000127588899,      -0.0000000002824070,      -0.0007284481373466
       -0.0007284883631755,       0.0000000037763301,      -0.0000000081683612,       0.0000000037763301,       0.0020017569806426,      -0.0000000014232939,      -0.0000000081683612,      -0.0000000014232939,      -0.0007284687394806
       -0.0007284794465828,       0.0000000012201893,      -0.0000000025995149,       0.0000000012201893,       0.0020017563970696,      -0.0000000012201894,      -0.0000000025995149,      -0.0000000012201894,      -0.0007284794465807
       -0.0007284900043549,      -0.0000000038390622,       0.0000000030431121,      -0.0000000038390622,       0.0020017722587325,      -0.0000000038390621,       0.0000000030431121,      -0.0000000038390621,      -0.0007284900043552
       -0.0007284987450404,      -0.0000000109143556,       0.0000000073040898,      -0.0000000109143556,       0.0020017730633259,      -0.0000000035741192,       0.0000000073040898,      -0.0000000035741192,      -0.0007284797074906
       -0.0007285159737980,      -0.0000000171163685,       0.0000000131320933,      -0.0000000171163685,       0.0020017741461329,      -0.0000000038822576,       0.0000000131320933,      -0.0000000038822576,      -0.0007284595584927
       -0.0007285419264312,      -0.0000000200348521,       0.0000000161478468,      -0.0000000200348521,       0.0020017778066890,      -0.0000000006853391,       0.0000000161478468,      -0.0000000006853391,      -0.0007284311573455
       -0.0007285751211811,      -0.0000000225051174,       0.0000000196974951,      -0.0000000225051174,       0.0020017830673369,      -0.0000000057207015,       0.0000000196974951,      -0.0000000057207015,      -0.0007283969306985
       -0.0007286140076035,      -0.0000000213086549,       0.0000000226086168,      -0.0000000213086549,       0.0020017895350637,       0.0000000082658360,       0.0000000226086168,       0.0000000082658360,      -0.0007283573550576
       -0.0007286549452241,      -0.0000000168901882,       0.0000000154936790,      -0.0000000168901882,       0.0020018027969344,      -0.0000000096090653,       0.0000000154936790,      -0.0000000096090653,      -0.0007283228166308
       -0.0007286934469991,      -0.0000000194209878,       0.0000000279508322,      -0.0000000194209878,       0.0020018047702655,       0.0000000074910799,       0.0000000279508322,       0.0000000074910799,      -0.0007282825148965
       -0.0007287250404533,      -0.0000000058355910,       0.0000000064053447,      -0.0000000058355910,       0.0020018148296834,       0.0000000542993251,       0.0000000064053447,       0.0000000542993251,      -0.0007282521703276
       -0.0007287466928551,       0.0000000135477930,      -0.0000000502905802,       0.0000000135477930,       0.0020018823511502,      -0.0000002664492064,      -0.0000000502905802,      -0.0000002664492064,      -0.0007283014891338
       -0.0007287524085708,       0.0000000000000002,       0.0000000000000000,       0.0000000000000002,       0.0020019329184808,      -0.0000005793676894,       0.0000000000000000,      -0.0000005793676894,      -0.0007283545339417
       -0.0007287466928562,      -0.0000000135477930,       0.0000000502905802,      -0.0000000135477930,       0.0020018823511488,      -0.0000002664492065,       0.0000000502905802,      -0.0000002664492065,      -0.0007283014891343
       -0.0007287250404538,       0.0000000058355910,      -0.0000000064053444,       0.0000000058355910,       0.0020018148296841,       0.0000000542993249,      -0.0000000064053444,       0.0000000542993249,      -0.0007282521703269
       -0.0007286934469978,       0.0000000194209879,      -0.0000000279508325,       0.0000000194209879,       0.0020018047702650,       0.0000000074910798,      -0.0000000279508325,       0.0000000074910798,      -0.0007282825148974
       -0.0007286549452237,       0.0000000168901884,      -0.0000000154936796,       0.0000000168901884,       0.0020018027969344,      -0.0000000096090655,      -0.0000000154936796,      -0.0000000096090655,      -0.0007283228166308
       -0.0007286140076040,       0.0000000213086547,      -0.0000000226086166,       0.0000000213086547,       0.0020017895350644,       0.0000000082658356,      -0.0000000226086166,       0.0000000082658356,      -0.0007283573550597
       -0.0007285751211813,       0.0000000225051172,      -0.0000000196974946,       0.0000000225051172,       0.0020017830673380,      -0.0000000057207016,      -0.0000000196974946,      -0.0000000057207016,      -0.0007283969306989
       -0.0007285419264297,       0.0000000200348521,      -0.0000000161478466,       0.0000000200348521,       0.0020017778066908,      -0.0000000006853391,      -0.0000000161478466,      -0.0000000006853391,      -0.0007284311573453
       -0.0007285159737992,       0.0000000171163682,      -0.0000000131320934,       0.0000000171163682,       0.0020017741461333,      -0.0000000038822576,      -0.0000000131320934,      -0.0000000038822576,      -0.0007284595584941
       -0.0007284987450407,       0.0000000109143557,      -0.0000000073040901,       0.0000000109143557,       0.0020017730633264,      -0.0000000035741189,      -0.0000000073040901,      -0.0000000035741189,      -0.0007284797074890
       -0.0007284900043569,       0.0000000038390623,      -0.0000000030431120,       0.0000000038390623,       0.0020017722587325,      -0.0000000038390618,      -0.0000000030431120,      -0.0000000038390618,      -0.0007284900043537
       -0.0007285114728692,      -0.0000000065830790,       0.0000000014877472,      -0.0000000065830790,       0.0020018056103362,      -0.0000000065830790,       0.0000000014877472,      -0.0000000065830790,      -0.0007285114728692
       -0.0007285189992052,      -0.0000000187373863,       0.0000000080013279,      -0.0000000187373863,       0.0020018053742047,      -0.0000000062957829,       0.0000000080013279,      -0.0000000062957829,      -0.0007285020262407
       -0.0007285339515339,      -0.0000000284808307,       0.0000000104340356,      -0.0000000284808307,       0.0020018061460710,      -0.0000000056733389,       0.0000000104340356,      -0.0000000056733389,      -0.0007284839189771
       -0.0007285549397030,      -0.0000000357907763,       0.0000000161571176,      -0.0000000357907763,       0.0020018054086707,      -0.0000000073954574,       0.0000000161571176,      -0.0000000073954574,      -0.0007284581332568
       -0.0007285821132939,      -0.0000000378716456,       0.0000000184152154,      -0.0000000378716456,       0.0020018060233752,       0.0000000012562054,       0.0000000184152154,       0.0000000012562054,      -0.0007284255152775
       -0.0007286131406414,      -0.0000000374020395,       0.0000000170625387,      -0.0000000374020395,       0.0020018093735830,      -0.0000000141639170,       0.0000000170625387,      -0.0000000141639170,      -0.0007283929493591
       -0.0007286464937015,      -0.0000000350548002,       0.0000000277050978,      -0.0000000350548002,       0.0020018062959282,       0.0000000170002286,       0.0000000277050978,       0.0000000170002286,      -0.0007283518322848
       -0.0007286787092349,      -0.0000000230364695,       0.0000000021929154,      -0.0000000230364695,       0.0020018213947539,      -0.0000000087849491,       0.0000000021929154,      -0.0000000087849491,      -0.0007283274472011
       -0.0007287047754285,      -0.0000000225654567,       0.0000000207401388,      -0.0000000225654567,       0.0020018227045361,      -0.0000000646040492,       0.0000000207401388,      -0.0000000646040492,      -0.0007283072477496
       -0.0007287215945145,      -0.0000000237612904,       0.0000000953499707,      -0.0000000237612904,       0.0020017363537103,       0.0000004155082635,       0.0000000953499707,       0.0000004155082635,      -0.0007281864549850
       -0.0007287318363335,       0.0000000000000001,      -0.0000000000000001,       0.0000000000000001,       0.0020016681470449,       0.0000008732016524,      -0.0000000000000001,       0.0000008732016524,      -0.0007280870078411
       -0.0007287215945137,       0.0000000237612906,      -0.0000000953499708,       0.0000000237612906,       0.0020017363537114,       0.0000004155082635,      -0.0000000953499708,       0.0000004155082635,      -0.0007281864549831
       -0.0007287047754299,       0.0000000225654569,      -0.0000000207401386,       0.0000000225654569,       0.0020018227045372,      -0.0000000646040493,      -0.0000000207401386,      -0.0000000646040493,      -0.0007283072477496
       -0.0007286787092338,       0.0000000230364696,      -0.0000000021929153,       0.0000000230364696,       0.0020018213947546,      -0.0000000087849492,      -0.0000000021929153,      -0.0000000087849492,      -0.0007283274472021
       -0.0007286464937005,       0.0000000350547999,      -0.0000000277050981,       0.0000000350547999,       0.0020018062959282,       0.0000000170002288,      -0.0000000277050981,       0.0000000170002288,      -0.0007283518322854
       -0.0007286131406425,       0.0000000374020395,      -0.0000000170625387,       0.0000000374020395,       0.0020018093735810,      -0.0000000141639166,      -0.0000000170625387,      -0.0000000141639166,      -0.0007283929493605
       -0.0007285821132936,       0.0000000378716455,      -0.0000000184152152,       0.0000000378716455,       0.0020018060233741,       0.0000000012562055,      -0.0000000184152152,       0.0000000012562055,      -0.0007284255152780
       -0.0007285549397023,       0.0000000357907762,      -0.0000000161571176,       0.0000000357907762,       0.0020018054086705,      -0.0000000073954576,      -0.0000000161571176,      -0.0000000073954576,      -0.0007284581332558
       -0.0007285339515348,       0.0000000284808308,      -0.0000000104340352,       0.0000000284808308,       0.0020018061460719,      -0.0000000056733388,      -0.0000000104340352,      -0.0000000056733388,      -0.0007284839189762
       -0.0007285189992063,       0.0000000187373863,      -0.0000000080013279,       0.0000000187373863,       0.0020018053742047,      -0.0000000062957826,      -0.0000000080013279,      -0.0000000062957826,      -0.0007285020262406
       -0.0007285114728713,       0.0000000065830789,      -0.0000000014877478,       0.0000000065830789,       0.0020018056103367,      -0.0000000065830789,      -0.0000000014877478,      -0.0000000065830789,      -0.0007285114728677
       -0.0007285434590499,      -0.0000000089341654,       0.0000000034906603,      -0.0000000089341654,       0.0020018566587858,      -0.0000000089341654,       0.0000000034906603,      -0.0000000089341654,      -0.0007285434590512
       -0.0007285488691244,      -0.0000000263322199,       0.0000000038633859,      -0.0000000263322199,       0.0020018564692785,      -0.0000000095139106,       0.0000000038633859,      -0.0000000095139106,      -0.0007285362016696
       -0.0007285589197250,      -0.0000000405639064,       0.0000000106686002,      -0.0000000405639064,       0.0020018540203222,      -0.0000000097379290,       0.0000000106686002,      -0.0000000097379290,      -0.0007285219307840
       -0.0007285737533191,      -0.0000000500541551,       0.0000000113037328,      -0.0000000500541551,       0.0020018522062843,      -0.0000000068664379,       0.0000000113037328,      -0.0000000068664379,      -0.0007285011247772
       -0.0007285914539301,      -0.0000000552826196,       0.0000000143616199,      -0.0000000552826196,       0.0020018483676795,      -0.0000000167222592,       0.0000000143616199,      -0.0000000167222592,      -0.0007284774252264
       -0.0007286128035882,      -0.0000000543653936,       0.0000000204132638,      -0.0000000543653936,       0.0020018428034112,       0.0000000078605308,       0.0000000204132638,       0.0000000078605308,      -0.0007284460894712
       -0.0007286351263155,      -0.0000000478655280,       0.0000000057808730,      -0.0000000478655280,       0.0020018473975176,      -0.0000000329095571,       0.0000000057808730,      -0.0000000329095571,      -0.0007284253133582
       -0.0007286563308447,      -0.0000000423505198,       0.0000000305771447,      -0.0000000423505198,       0.0020018342391732,       0.0000000090609747,       0.0000000305771447,       0.0000000090609747,      -0.0007283926871969
       -0.0007286772393178,      -0.0000000251436554,       0.0000000064791961,      -0.0000000251436554,       0.0020018384392200,       0.0000000921226485,       0.0000000064791961,       0.0000000921226485,      -0.0007283621521692
       -0.0007286906185905,      -0.0000000087285599,      -0.0000001011374933,      -0.0000000087285599,       0.0020019337442337,      -0.0000005789039374,      -0.0000001011374933,      -0.0000005789039374,      -0.0007284737159645
       -0.0007286870691620,      -0.0000000000000001,       0.0000000000000000,      -0.0000000000000001,       0.0020020051098935,      -0.0000012220909816,       0.0000000000000000,      -0.0000012220909816,      -0.0007285860258666
       -0.0007286906185883,       0.0000000087285603,       0.0000001011374930,       0.0000000087285603,       0.0020019337442330,      -0.0000005789039376,       0.0000001011374930,      -0.0000005789039376,      -0.0007284737159631
       -0.0007286772393197,       0.0000000251436556,      -0.0000000064791960,       0.0000000251436556,       0.0020018384392195,       0.0000000921226484,      -0.0000000064791960,       0.0000000921226484,      -0.0007283621521679
       -0.0007286563308433,       0.0000000423505196,      -0.0000000305771446,       0.0000000423505196,       0.0020018342391726,       0.0000000090609746,      -0.0000000305771446,       0.0000000090609746,      -0.0007283926871978
       -0.0007286351263143,       0.0000000478655279,      -0.0000000057808731,       0.0000000478655279,       0.0020018473975176,      -0.0000000329095572,      -0.0000000057808731,      -0.0000000329095572,      -0.0007284253133592
       -0.0007286128035881,       0.0000000543653939,      -0.0000000204132635,       0.0000000543653939,       0.0020018428034112,       0.0000000078605308,      -0.0000000204132635,       0.0000000078605308,      -0.0007284460894718
       -0.0007285914539313,       0.0000000552826197,      -0.0000000143616198,       0.0000000552826197,       0.0020018483676792,      -0.0000000167222591,      -0.0000000143616198,      -0.0000000167222591,      -0.0007284774252270
       -0.0007285737533193,       0.0000000500541546,      -0.0000000113037330,       0.0000000500541546,       0.0020018522062852,      -0.0000000068664380,      -0.0000000113037330,      -0.0000000068664380,      -0.0007285011247770
       -0.0007285589197253,       0.0000000405639067,      -0.0000000106685997,       0.0000000405639067,       0.0020018540203244,      -0.0000000097379292,      -0.0000000106685997,      -0.0000000097379292,      -0.0007285219307831
       -0.0007285488691254,       0.0000000263322198,      -0.0000000038633861,       0.0000000263322198,       0.0020018564692796,      -0.0000000095139110,      -0.0000000038633861,      -0.0000000095139110,      -0.0007285362016687
       -0.0007285434590522,       0.0000000089341652,      -0.0000000034906606,       0.0000000089341652,       0.0020018566587876,      -0.0000000089341656,      -0.0000000034906606,      -0.0000000089341656,      -0.0007285434590492
       -0.0007285844929198,      -0.0000000114751593,      -0.0000000016237498,      -0.0000000114751593,       0.0020019245499964,      -0.0000000114751593,      -0.0000000016237498,      -0.0000000114751593,      -0.0007285844929207
       -0.0007285863821893,      -0.0000000325602223,       0.0000000056374663,      -0.0000000325602223,       0.0020019225215244,      -0.0000000116131009,       0.0000000056374663,      -0.0000000116131009,      -0.0007285804567661
       -0.0007285903625948,      -0.0000000505796702,       0.0000000031681325,      -0.0000000505796702,       0.0020019203990949,      -0.0000000120713668,       0.0000000031681325,      -0.0000000120713668,      -0.0007285721757094
       -0.0007285959258406,      -0.0000000634169360,       0.0000000084367843,      -0.0000000634169360,       0.0020019148608587,      -0.0000000179781834,       0.0000000084367843,      -0.0000000179781834,      -0.0007285613910517
       -0.0007286037587467,      -0.0000000692500238,       0.0000000102715316,      -0.0000000692500238,       0.0020019096172429,      -0.0000000045747158,       0.0000000102715316,      -0.0000000045747158,      -0.0007285448938804
       -0.0007286118391253,      -0.0000000695046142,       0.0000000051902384,      -0.0000000695046142,       0.0020019047964744,      -0.0000000380358193,       0.0000000051902384,      -0.0000000380358193,      -0.0007285330354093
       -0.0007286209049737,      -0.0000000626459462,       0.0000000204619698,      -0.0000000626459462,       0.0020018925166763,       0.0000000155924882,       0.0000000204619698,       0.0000000155924882,      -0.0007285105987532
       -0.0007286323751476,      -0.0000000508001643,      -0.0000000023644089,      -0.0000000508001643,       0.0020018983304324,      -0.0000000313132185,      -0.0000000023644089,      -0.0000000313132185,      -0.0007284994193290
       -0.0007286364648521,      -0.0000000381001379,       0.0000000025077881,      -0.0000000381001379,       0.0020018880825190,      -0.0000001494314480,       0.0000000025077881,      -0.0000001494314480,      -0.0007285038495903
       -0.0007286414602091,      -0.0000000118957873,       0.0000001091173144,      -0.0000000118957873,       0.0020018163068198,       0.0000007049057412,       0.0000001091173144,       0.0000007049057412,      -0.0007283780460605
       -0.0007286562838213,       0.0000000000000002,       0.0000000000000001,       0.0000000000000002,       0.0020017697139165,       0.0000015407508273,       0.0000000000000001,       0.0000015407508273,      -0.0007282555435474
       -0.0007286414602083,       0.0000000118957872,      -0.0000001091173148,       0.0000000118957872,       0.0020018163068189,       0.0000007049057414,      -0.0000001091173148,       0.0000007049057414,      -0.0007283780460614
       -0.0007286364648538,       0.0000000381001378,      -0.0000000025077881,       0.0000000381001378,       0.0020018880825190,      -0.0000001494314478,      -0.0000000025077881,      -0.0000001494314478,      -0.0007285038495903
       -0.0007286323751466,       0.0000000508001643,       0.0000000023644089,       0.0000000508001643,       0.0020018983304320,      -0.0000000313132183,       0.0000000023644089,      -0.0000000313132183,      -0.0007284994193285
       -0.0007286209049729,       0.0000000626459463,      -0.0000000204619703,       0.0000000626459463,       0.0020018925166738,       0.0000000155924884,      -0.0000000204619703,       0.0000000155924884,      -0.0007285105987551
       -0.0007286118391247,       0.0000000695046143,      -0.0000000051902380,       0.0000000695046143,       0.0020019047964742,      -0.0000000380358196,      -0.0000000051902380,      -0.0000000380358196,      -0.0007285330354099
       -0.0007286037587481,       0.0000000692500240,      -0.0000000102715313,       0.0000000692500240,       0.0020019096172420,      -0.0000000045747159,      -0.0000000102715313,      -0.0000000045747159,      -0.0007285448938818
       -0.0007285959258400,       0.0000000634169362,      -0.0000000084367843,       0.0000000634169362,       0.0020019148608575,      -0.0000000179781833,      -0.0000000084367843,      -0.0000000179781833,      -0.0007285613910511
       -0.0007285903625935,       0.0000000505796697,      -0.0000000031681323,       0.0000000505796697,       0.0020019203990962,      -0.0000000120713672,      -0.0000000031681323,      -0.0000000120713672,      -0.0007285721757074
       -0.0007285863821916,       0.0000000325602222,      -0.0000000056374664,       0.0000000325602222,       0.0020019225215246,      -0.0000000116131014,      -0.0000000056374664,      -0.0000000116131014,      -0.0007285804567656
       -0.0007285844929206,       0.0000000114751593,       0.0000000016237498,       0.0000000114751593,       0.0020019245499966,      -0.0000000114751594,       0.0000000016237498,      -0.0000000114751594,      -0.0007285844929195
       -0.0007286312512881,      -0.0000000126583300,       0.0000000034186045,      -0.0000000126583300,       0.0020020032554544,      -0.0000000126583303,       0.0000000034186045,      -0.0000000126583303,      -0.0007286312512884
       -0.0007286291019999,      -0.0000000366538487,      -0.0000000031905806,      -0.0000000366538487,       0.0020020017905676,      -0.0000000132912853,      -0.0000000031905806,      -0.0000000132912853,      -0.0007286312023925
       -0.0007286258050133,      -0.0000000571321293,       0.0000000023880522,      -0.0000000571321293,       0.0020019972224706,      -0.0000000177389021,       0.0000000023880522,      -0.0000000177389021,      -0.0007286319934874
       -0.0007286213003658,      -0.0000000711913568,      -0.0000000001562852,      -0.0000000711913568,       0.0020019936277752,      -0.0000000117443636,      -0.0000000001562852,      -0.0000000117443636,      -0.0007286306287750
       -0.0007286164264675,      -0.0000000797345414,      -0.0000000005389711,      -0.0000000797345414,       0.0020019864674706,      -0.0000000355357210,      -0.0000000005389711,      -0.0000000355357210,      -0.0007286326276217
       -0.0007286108879099,      -0.0000000777666169,       0.0000000058593241,      -0.0000000777666169,       0.0020019796001504,       0.0000000025723103,       0.0000000058593241,       0.0000000025723103,      -0.0007286285961954
       -0.0007286073933762,      -0.0000000743112789,      -0.0000000026380707,      -0.0000000743112789,       0.0020019746039860,      -0.0000000598256180,      -0.0000000026380707,      -0.0000000598256180,      -0.0007286293250894
       -0.0007285980472369,      -0.0000000570739085,       0.0000000018720015,      -0.0000000570739085,       0.0020019595893561,      -0.0000000219046915,       0.0000000018720015,      -0.0000000219046915,      -0.0007286316696818
       -0.0007286003792873,      -0.0000000388563621,       0.0000000172488021,      -0.0000000388563621,       0.0020019694600812,       0.0000001375101460,       0.0000000172488021,       0.0000001375101460,      -0.0007286126031834
       -0.0007285999150387,      -0.0000000419847117,      -0.0000000782303652,      -0.0000000419847117,       0.0020019808342759,      -0.0000008374396891,      -0.0000000782303652,      -0.0000008374396891,      -0.0007286927817412
       -0.0007285832012275,       0.0000000000000000,       0.0000000000000001,       0.0000000000000000,       0.0020019708269964,      -0.0000018259315306,       0.0000000000000001,      -0.0000018259315306,      -0.0007287888247754
       -0.0007285999150382,       0.0000000419847116,       0.0000000782303649,       0.0000000419847116,       0.0020019808342753,      -0.0000008374396892,       0.0000000782303649,      -0.0000008374396892,      -0.0007286927817419
       -0.0007286003792865,       0.0000000388563619,      -0.0000000172488021,       0.0000000388563619,       0.0020019694600810,       0.0000001375101461,      -0.0000000172488021,       0.0000001375101461,      -0.0007286126031834
       -0.0007285980472379,       0.0000000570739088,      -0.0000000018720013,       0.0000000570739088,       0.0020019595893555,      -0.0000000219046915,      -0.0000000018720013,      -0.0000000219046915,      -0.0007286316696832
       -0.0007286073933750,       0.0000000743112788,       0.0000000026380703,       0.0000000743112788,       0.0020019746039871,      -0.0000000598256177,       0.0000000026380703,      -0.0000000598256177,      -0.0007286293250908
       -0.0007286108879087,       0.0000000777666167,      -0.0000000058593243,       0.0000000777666167,       0.0020019796001508,       0.0000000025723107,      -0.0000000058593243,       0.0000000025723107,      -0.0007286285961947
       -0.0007286164264675,       0.0000000797345415,       0.0000000005389714,       0.0000000797345415,       0.0020019864674713,      -0.0000000355357210,       0.0000000005389714,      -0.0000000355357210,      -0.0007286326276205
       -0.0007286213003667,       0.0000000711913569,       0.0000000001562853,       0.0000000711913569,       0.0020019936277741,      -0.0000000117443637,       0.0000000001562853,      -0.0000000117443637,      -0.0007286306287763
       -0.0007286258050120,       0.0000000571321294,      -0.0000000023880522,       0.0000000571321294,       0.0020019972224706,      -0.0000000177389019,      -0.0000000023880522,      -0.0000000177389019,      -0.0007286319934860
       -0.0007286291020018,       0.0000000366538483,       0.0000000031905805,       0.0000000366538483,       0.0020020017905670,      -0.0000000132912851,       0.0000000031905805,      -0.0000000132912851,      -0.0007286312023930
       -0.0007286312512881,       0.0000000126583304,      -0.0000000034186043,       0.0000000126583304,       0.0020020032554544,      -0.0000000126583302,      -0.0000000034186043,      -0.0000000126583302,      -0.0007286312512885
       -0.0007286789968687,      -0.0000000122934660,      -0.0000000037428060,      -0.0000000122934660,       0.0020020860114061,      -0.0000000122934661,      -0.0000000037428060,      -0.0000000122934661,      -0.0007286789968689
       -0.0007286736925293,      -0.0000000377029695,      -0.0000000018673856,      -0.0000000377029695,       0.0020020838799129,      -0.0000000161313580,      -0.0000000018673856,      -0.0000000161313580,      -0.0007286844654260
       -0.0007286620542652,      -0.0000000570395013,      -0.0000000066112226,      -0.0000000570395013,       0.0020020823012387,      -0.0000000121004443,      -0.0000000066112226,      -0.0000000121004443,      -0.0007286930382783
       -0.0007286481852653,      -0.0000000739225419,      -0.0000000082596799,      -0.0000000739225419,       0.0020020764606143,      -0.0000000301027694,      -0.0000000082596799,      -0.0000000301027694,      -0.0007287076998341
       -0.0007286286193798,      -0.0000000786591221,      -0.0000000069900035,      -0.0000000786591221,       0.0020020749108273,      -0.0000000069455973,      -0.0000000069900035,      -0.0000000069455973,      -0.0007287221934149
       -0.0007286120125769,      -0.0000000845234639,      -0.0000000084147624,      -0.0000000845234639,       0.0020020659623733,      -0.0000000543124498,      -0.0000000084147624,      -0.0000000543124498,      -0.0007287379058455
       -0.0007285864710004,      -0.0000000691770906,      -0.0000000155020691,      -0.0000000691770906,       0.0020020627527122,      -0.0000000051293910,      -0.0000000155020691,      -0.0000000051293910,      -0.0007287605101092
       -0.0007285750391675,      -0.0000000646529395,       0.0000000105453100,      -0.0000000646529395,       0.0020020623927545,      -0.0000000239019014,       0.0000000105453100,      -0.0000000239019014,      -0.0007287636800383
       -0.0007285522880165,      -0.0000000488045856,      -0.0000000277753875,      -0.0000000488045856,       0.0020020232004738,      -0.0000002204188121,      -0.0000000277753875,      -0.0000002204188121,      -0.0007287846435035
       -0.0007285394665864,       0.0000000097928363,       0.0000000264319665,       0.0000000097928363,       0.0020020820167005,       0.0000007699800827,       0.0000000264319665,       0.0000007699800827,      -0.0007287740181416
       -0.0007285505658419,      -0.0000000000000002,      -0.0000000000000001,      -0.0000000000000002,       0.0020021704593756,       0.0000018230178499,      -0.0000000000000001,       0.0000018230178499,      -0.0007287320269491
       -0.0007285394665862,      -0.0000000097928364,      -0.0000000264319664,      -0.0000000097928364,       0.0020020820166992,       0.0000007699800826,      -0.0000000264319664,       0.0000007699800826,      -0.0007287740181419
       -0.0007285522880154,       0.0000000488045858,       0.0000000277753875,       0.0000000488045858,       0.0020020232004752,      -0.0000002204188122,       0.0000000277753875,      -0.0000002204188122,      -0.0007287846435034
       -0.0007285750391673,       0.0000000646529396,      -0.0000000105453098,       0.0000000646529396,       0.0020020623927542,      -0.0000000239019015,      -0.0000000105453098,      -0.0000000239019015,      -0.0007287636800394
       -0.0007285864710002,       0.0000000691770906,       0.0000000155020692,       0.0000000691770906,       0.0020020627527113,      -0.0000000051293911,       0.0000000155020692,      -0.0000000051293911,      -0.0007287605101101
       -0.0007286120125757,       0.0000000845234640,       0.0000000084147622,       0.0000000845234640,       0.0020020659623731,      -0.0000000543124497,       0.0000000084147622,      -0.0000000543124497,      -0.0007287379058460
       -0.0007286286193811,       0.0000000786591217,       0.0000000069900036,       0.0000000786591217,       0.0020020749108282,      -0.0000000069455969,       0.0000000069900036,      -0.0000000069455969,      -0.0007287221934143
       -0.0007286481852639,       0.0000000739225420,       0.0000000082596797,       0.0000000739225420,       0.0020020764606146,      -0.0000000301027693,       0.0000000082596797,      -0.0000000301027693,      -0.0007287076998344
       -0.0007286620542664,       0.0000000570395012,       0.0000000066112225,       0.0000000570395012,       0.0020020823012395,      -0.0000000121004442,       0.0000000066112225,      -0.0000000121004442,      -0.0007286930382784
       -0.0007286736925295,       0.0000000377029695,       0.0000000018673856,       0.0000000377029695,       0.0020020838799133,      -0.0000000161313576,       0.0000000018673856,      -0.0000000161313576,      -0.0007286844654258
       -0.0007286789968699,       0.0000000122934663,       0.0000000037428062,       0.0000000122934663,       0.0020020860114065,      -0.0000000122934659,       0.0000000037428062,      -0.0000000122934659,      -0.0007286789968683
       -0.0007287233779286,      -0.0000000127219249,      -0.0000000076212912,      -0.0000000127219249,       0.0020021626314768,      -0.0000000127219249,      -0.0000000076212912,      -0.0000000127219249,      -0.0007287233779281
       -0.0007287137466994,      -0.0000000318108319,      -0.0000000017996397,      -0.0000000318108319,       0.0020021632882827,      -0.0000000089531353,      -0.0000000017996397,      -0.0000000089531353,      -0.0007287325820158
       -0.0007286982080368,      -0.0000000537988313,      -0.0000000182004021,      -0.0000000537988313,       0.0020021602037367,      -0.0000000230724708,      -0.0000000182004021,      -0.0000000230724708,      -0.0007287524278240
       -0.0007286704610512,      -0.0000000625411005,      -0.0000000102588616,      -0.0000000625411005,       0.0020021629477435,      -0.0000000084301425,      -0.0000000102588616,      -0.0000000084301425,      -0.0007287789674066
       -0.0007286456143881,      -0.0000000771338200,      -0.0000000202132128,      -0.0000000771338200,       0.0020021546989231,      -0.0000000388384825,      -0.0000000202132128,      -0.0000000388384825,      -0.0007288076880500
       -0.0007286037928044,      -0.0000000669882262,      -0.0000000271456665,      -0.0000000669882262,       0.0020021608613622,      -0.0000000119694322,      -0.0000000271456665,      -0.0000000119694322,      -0.0007288510837491
       -0.0007285799312253,      -0.0000000735617401,       0.0000000022445798,      -0.0000000735617401,       0.0020021504685027,      -0.0000000413566520,       0.0000000022445798,      -0.0000000413566520,      -0.0007288694410415
       -0.0007285371315807,      -0.0000000522066337,      -0.0000000483287465,      -0.0000000522066337,       0.0020021370937270,      -0.0000000642243094,      -0.0000000483287465,      -0.0000000642243094,      -0.0007289135413240
       -0.0007285177001212,      -0.0000000295205133,       0.0000000057974197,      -0.0000000295205133,       0.0020021917579645,       0.0000001413374653,       0.0000000057974197,       0.0000001413374653,      -0.0007289470897557
       -0.0007284986060656,      -0.0000000581543971,       0.0000000326276287,      -0.0000000581543971,       0.0020020385226245,      -0.0000007455957241,       0.0000000326276287,      -0.0000007455957241,      -0.0007289056486008
       -0.0007284870771044,       0.0000000000000000,      -0.0000000000000001,       0.0000000000000000,       0.0020018505736806,      -0.0000017356648864,      -0.0000000000000001,      -0.0000017356648864,      -0.0007288793522225
       -0.0007284986060656,       0.0000000581543969,      -0.0000000326276288,       0.0000000581543969,       0.0020020385226247,      -0.0000007455957240,      -0.0000000326276288,      -0.0000007455957240,      -0.0007289056486012
       -0.0007285177001204,       0.0000000295205134,      -0.0000000057974197,       0.0000000295205134,       0.0020021917579656,       0.0000001413374653,      -0.0000000057974197,       0.0000001413374653,      -0.0007289470897544
       -0.0007285371315809,       0.0000000522066336,       0.0000000483287466,       0.0000000522066336,       0.0020021370937270,      -0.0000000642243095,       0.0000000483287466,      -0.0000000642243095,      -0.0007289135413247
       -0.0007285799312248,       0.0000000735617402,      -0.0000000022445797,       0.0000000735617402,       0.0020021504685025,      -0.0000000413566521,      -0.0000000022445797,      -0.0000000413566521,      -0.0007288694410425
       -0.0007286037928052,       0.0000000669882259,       0.0000000271456665,       0.0000000669882259,       0.0020021608613611,      -0.0000000119694323,       0.0000000271456665,      -0.0000000119694323,      -0.0007288510837494
       -0.0007286456143868,       0.0000000771338202,       0.0000000202132129,       0.0000000771338202,       0.0020021546989231,      -0.0000000388384827,       0.0000000202132129,      -0.0000000388384827,      -0.0007288076880500
       -0.0007286704610528,       0.0000000625411005,       0.0000000102588615,       0.0000000625411005,       0.0020021629477441,      -0.0000000084301426,       0.0000000102588615,      -0.0000000084301426,      -0.0007287789674068
       -0.0007286982080368,       0.0000000537988312,       0.0000000182004021,       0.0000000537988312,       0.0020021602037382,      -0.0000000230724708,       0.0000000182004021,      -0.0000000230724708,      -0.0007287524278221
       -0.0007287137467009,       0.0000000318108321,       0.0000000017996398,       0.0000000318108321,       0.0020021632882834,      -0.0000000089531353,       0.0000000017996398,      -0.0000000089531353,      -0.0007287325820156
       -0.0007287233779285,       0.0000000127219250,       0.0000000076212911,       0.0000000127219250,       0.0020021626314779,      -0.0000000127219250,       0.0000000076212911,      -0.0000000127219250,      -0.0007287233779274
       -0.0007287585233322,      -0.0000000074507213,       0.0000000282995489,      -0.0000000074507213,       0.0020022260262978,      -0.0000000074507213,       0.0000000282995489,      -0.0000000074507213,      -0.0007287585233318
       -0.0007287482988630,      -0.0000000267764416,      -0.0000000420849407,      -0.0000000267764416,       0.0020022251737563,      -0.0000000131698277,      -0.0000000420849407,      -0.0000000131698277,      -0.0007287730125308
