       -0.0019978318291111,       0.0000000006656261,       0.0000000006656263,       0.0000000006656261,      -0.0000001279019249,      -0.0000000022041960,       0.0000000006656263,      -0.0000000022041960,      -0.0000001279019247
       -0.0019978440937046,       0.0000000020784395,       0.0000000020784396,       0.0000000020784395,      -0.0000001197409071,      -0.0000000025095041,       0.0000000020784396,      -0.0000000025095041,      -0.0000001197409061
       -0.0019978688614370,       0.0000000035570336,       0.0000000035570337,       0.0000000035570336,      -0.0000001038252245,      -0.0000000020674013,       0.0000000035570337,      -0.0000000020674013,      -0.0000001038252241
       -0.0019979046762621,       0.0000000053020846,       0.0000000053020845,       0.0000000053020846,      -0.0000000807307948,      -0.0000000011113748,       0.0000000053020845,      -0.0000000011113748,      -0.0000000807307951
       -0.0019979509840772,       0.0000000064673337,       0.0000000064673336,       0.0000000064673337,      -0.0000000521621644,      -0.0000000041866722,       0.0000000064673336,      -0.0000000041866722,      -0.0000000521621649
       -0.0019980033056197,       0.0000000081416518,       0.0000000081416518,       0.0000000081416518,      -0.0000000198086774,       0.0000000056032005,       0.0000000081416518,       0.0000000056032005,      -0.0000000198086774
       -0.0019980587756732,       0.0000000072926735,       0.0000000072926735,       0.0000000072926735,       0.0000000130482756,      -0.0000000110619047,       0.0000000072926735,      -0.0000000110619047,       0.0000000130482760
       -0.0019981097016846,       0.0000000081587563,       0.0000000081587564,       0.0000000081587563,       0.0000000433846347,       0.0000000107232120,       0.0000000081587564,       0.0000000107232120,       0.0000000433846344
       -0.0019981529822708,       0.0000000055296044,       0.0000000055296045,       0.0000000055296044,       0.0000000685216974,       0.0000000259053101,       0.0000000055296045,       0.0000000259053101,       0.0000000685216965
       -0.0019981798257777,       0.0000000002211947,       0.0000000002211946,       0.0000000002211947,       0.0000000836895682,      -0.0000001922730827,       0.0000000002211946,      -0.0000001922730827,       0.0000000836895685
       -0.0019981899286439,      -0.0000000000000001,       0.0000000000000000,      -0.0000000000000001,       0.0000000883086260,      -0.0000003859763360,       0.0000000000000000,      -0.0000003859763360,       0.0000000883086269
       -0.0019981798257769,      -0.0000000002211946,      -0.0000000002211944,      -0.0000000002211946,       0.0000000836895668,      -0.0000001922730825,      -0.0000000002211944,      -0.0000001922730825,       0.0000000836895669
       -0.0019981529822708,      -0.0000000055296045,      -0.0000000055296042,      -0.0000000055296045,       0.0000000685216968,       0.0000000259053101,      -0.0000000055296042,       0.0000000259053101,       0.0000000685216959
       -0.0019981097016851,      -0.0000000081587563,      -0.0000000081587562,      -0.0000000081587563,       0.0000000433846356,       0.0000000107232120,      -0.0000000081587562,       0.0000000107232120,       0.0000000433846344
       -0.0019980587756710,      -0.0000000072926737,      -0.0000000072926739,      -0.0000000072926737,       0.0000000130482756,      -0.0000000110619047,      -0.0000000072926739,      -0.0000000110619047,       0.0000000130482760
       -0.0019980033056214,      -0.0000000081416519,      -0.0000000081416522,      -0.0000000081416519,      -0.0000000198086793,       0.0000000056032006,      -0.0000000081416522,       0.0000000056032006,      -0.0000000198086770
       -0.0019979509840775,      -0.0000000064673337,      -0.0000000064673337,      -0.0000000064673337,      -0.0000000521621641,      -0.0000000041866717,      -0.0000000064673337,      -0.0000000041866717,      -0.0000000521621636
       -0.0019979046762629,      -0.0000000053020843,      -0.0000000053020843,      -0.0000000053020843,      -0.0000000807307950,      -0.0000000011113744,      -0.0000000053020843,      -0.0000000011113744,      -0.0000000807307959
       -0.0019978688614384,      -0.0000000035570337,      -0.0000000035570338,      -0.0000000035570337,      -0.0000001038252230,      -0.0000000020674014,      -0.0000000035570338,      -0.0000000020674014,      -0.0000001038252237
       -0.0019978440937052,      -0.0000000020784395,      -0.0000000020784397,      -0.0000000020784395,      -0.0000001197409062,      -0.0000000025095045,      -0.0000000020784397,      -0.0000000025095045,      -0.0000001197409062
       -0.0019978318291111,      -0.0000000006656262,      -0.0000000006656260,      -0.0000000006656262,      -0.0000001279019232,      -0.0000000022041962,      -0.0000000006656260,      -0.0000000022041962,      -0.0000001279019236
       -0.0019978345914589,       0.0000000020377551,       0.0000000007693563,       0.0000000020377551,      -0.0000001176205736,      -0.0000000068937719,       0.0000000007693563,      -0.0000000068937719,      -0.0000001369647772
       -0.0019978465004671,       0.0000000057694083,       0.0000000015161961,       0.0000000057694083,      -0.0000001103073640,      -0.0000000065211876,       0.0000000015161961,      -0.0000000065211876,      -0.0000001287156630
       -0.0019978692098315,       0.0000000104955770,       0.0000000036107330,       0.0000000104955770,      -0.0000000956354215,      -0.0000000062502322,       0.0000000036107330,      -0.0000000062502322,      -0.0000001121057573
       -0.0019979047694211,       0.0000000147996642,       0.0000000044323399,       0.0000000147996642,      -0.0000000747952076,      -0.0000000065701184,       0.0000000044323399,      -0.0000000065701184,      -0.0000000883077702
       -0.0019979486253112,       0.0000000196758945,       0.0000000076850048,       0.0000000196758945,      -0.0000000480204114,      -0.0000000012205862,       0.0000000076850048,      -0.0000000012205862,      -0.0000000575258098
       -0.0019980021595842,       0.0000000218963984,       0.0000000065311503,       0.0000000218963984,      -0.0000000184979883,      -0.0000000091291985,       0.0000000065311503,      -0.0000000091291985,      -0.0000000232558581
       -0.0019980558687191,       0.0000000241300574,       0.0000000110430588,       0.0000000241300574,       0.0000000125152524,       0.0000000107464691,       0.0000000110430588,       0.0000000107464691,       0.0000000129149180
       -0.0019981103073385,       0.0000000201734424,       0.0000000054841050,       0.0000000201734424,       0.0000000413242816,      -0.0000000069524661,       0.0000000054841050,      -0.0000000069524661,       0.0000000468645536
       -0.0019981505620364,       0.0000000166557580,       0.0000000061555116,       0.0000000166557580,       0.0000000631405914,      -0.0000000221629602,       0.0000000061555116,      -0.0000000221629602,       0.0000000724926907
       -0.0019981820246487,       0.0000000123386216,       0.0000000114071312,       0.0000000123386216,       0.0000000812837321,       0.0000001984681770,       0.0000000114071312,       0.0000001984681770,       0.0000000928491537
       -0.0019981907622419,       0.0000000000000002,       0.0000000000000002,       0.0000000000000002,       0.0000000895140532,       0.0000003947057996,       0.0000000000000002,       0.0000003947057996,       0.0000001018132851
       -0.0019981820246485,      -0.0000000123386216,      -0.0000000114071312,      -0.0000000123386216,       0.0000000812837321,       0.0000001984681772,      -0.0000000114071312,       0.0000001984681772,       0.0000000928491521
       -0.0019981505620364,      -0.0000000166557581,      -0.0000000061555116,      -0.0000000166557581,       0.0000000631405908,      -0.0000000221629603,      -0.0000000061555116,      -0.0000000221629603,       0.0000000724926901
       -0.0019981103073383,      -0.0000000201734425,      -0.0000000054841048,      -0.0000000201734425,       0.0000000413242816,      -0.0000000069524665,      -0.0000000054841048,      -0.0000000069524665,       0.0000000468645540
       -0.0019980558687180,      -0.0000000241300576,      -0.0000000110430590,      -0.0000000241300576,       0.0000000125152522,       0.0000000107464688,      -0.0000000110430590,       0.0000000107464688,       0.0000000129149185
       -0.0019980021595841,      -0.0000000218963985,      -0.0000000065311503,      -0.0000000218963985,      -0.0000000184979897,      -0.0000000091291983,      -0.0000000065311503,      -0.0000000091291983,      -0.0000000232558585
       -0.0019979486253112,      -0.0000000196758941,      -0.0000000076850048,      -0.0000000196758941,      -0.0000000480204115,      -0.0000000012205860,      -0.0000000076850048,      -0.0000000012205860,      -0.0000000575258086
       -0.0019979047694214,      -0.0000000147996642,      -0.0000000044323400,      -0.0000000147996642,      -0.0000000747952083,      -0.0000000065701183,      -0.0000000044323400,      -0.0000000065701183,      -0.0000000883077709
       -0.0019978692098319,      -0.0000000104955770,      -0.0000000036107333,      -0.0000000104955770,      -0.0000000956354205,      -0.0000000062502323,      -0.0000000036107333,      -0.0000000062502323,      -0.0000001121057568
       -0.0019978465004675,      -0.0000000057694083,      -0.0000000015161962,      -0.0000000057694083,      -0.0000001103073636,      -0.0000000065211876,      -0.0000000015161962,      -0.0000000065211876,      -0.0000001287156627
       -0.0019978345914602,      -0.0000000020377552,      -0.0000000007693559,      -0.0000000020377552,      -0.0000001176205729,      -0.0000000068937718,      -0.0000000007693559,      -0.0000000068937718,      -0.0000001369647770
       -0.0019978404910062,       0.0000000025061504,      -0.0000000008010785,       0.0000000025061504,      -0.0000000976565847,      -0.0000000108474608,      -0.0000000008010785,      -0.0000000108474608,      -0.0000001544855096
       -0.0019978501588264,       0.0000000093324370,       0.0000000023643813,       0.0000000093324370,      -0.0000000915917836,      -0.0000000107166025,       0.0000000023643813,      -0.0000000107166025,      -0.0000001457223743
       -0.0019978718833396,       0.0000000153901005,       0.0000000010788417,       0.0000000153901005,      -0.0000000800485203,      -0.0000000106759132,       0.0000000010788417,      -0.0000000106759132,      -0.0000001286597316
       -0.0019979026375542,       0.0000000235776603,       0.0000000064207246,       0.0000000235776603,      -0.0000000623005927,      -0.0000000076023345,       0.0000000064207246,      -0.0000000076023345,      -0.0000001021392549
       -0.0019979471174614,       0.0000000294966358,       0.0000000041263617,       0.0000000294966358,      -0.0000000407775801,      -0.0000000107740129,       0.0000000041263617,      -0.0000000107740129,      -0.0000000690159037
       -0.0019979965211694,       0.0000000357369967,       0.0000000125900805,       0.0000000357369967,      -0.0000000149107076,       0.0000000031313825,       0.0000000125900805,       0.0000000031313825,      -0.0000000287871706
       -0.0019980547194669,       0.0000000352796590,       0.0000000051411763,       0.0000000352796590,       0.0000000110102907,      -0.0000000109492585,       0.0000000051411763,      -0.0000000109492585,       0.0000000127731761
       -0.0019981048578868,       0.0000000349651026,       0.0000000140496893,       0.0000000349651026,       0.0000000352502293,       0.0000000105954602,       0.0000000140496893,       0.0000000105954602,       0.0000000512952275
       -0.0019981551196741,       0.0000000245782074,       0.0000000087988165,       0.0000000245782074,       0.0000000574235125,       0.0000000377891765,       0.0000000087988165,       0.0000000377891765,       0.0000000879072704
       -0.0019981801483226,       0.0000000089094210,      -0.0000000074151118,       0.0000000089094210,       0.0000000645014873,      -0.0000001793155586,      -0.0000000074151118,      -0.0000001793155586,       0.0000001063237252
       -0.0019981926904497,       0.0000000000000001,       0.0000000000000002,       0.0000000000000001,       0.0000000637791762,      -0.0000003773005609,       0.0000000000000002,      -0.0000003773005609,       0.0000001098749265
       -0.0019981801483225,      -0.0000000089094209,       0.0000000074151117,      -0.0000000089094209,       0.0000000645014866,      -0.0000001793155589,       0.0000000074151117,      -0.0000001793155589,       0.0000001063237243
       -0.0019981551196739,      -0.0000000245782076,      -0.0000000087988166,      -0.0000000245782076,       0.0000000574235127,       0.0000000377891763,      -0.0000000087988166,       0.0000000377891763,       0.0000000879072706
       -0.0019981048578877,      -0.0000000349651028,      -0.0000000140496891,      -0.0000000349651028,       0.0000000352502284,       0.0000000105954602,      -0.0000000140496891,       0.0000000105954602,       0.0000000512952277
       -0.0019980547194658,      -0.0000000352796589,      -0.0000000051411764,      -0.0000000352796589,       0.0000000110102902,      -0.0000000109492587,      -0.0000000051411764,      -0.0000000109492587,       0.0000000127731770
       -0.0019979965211686,      -0.0000000357369964,      -0.0000000125900803,      -0.0000000357369964,      -0.0000000149107067,       0.0000000031313824,      -0.0000000125900803,       0.0000000031313824,      -0.0000000287871708
       -0.0019979471174617,      -0.0000000294966360,      -0.0000000041263617,      -0.0000000294966360,      -0.0000000407775786,      -0.0000000107740129,      -0.0000000041263617,      -0.0000000107740129,      -0.0000000690159040
       -0.0019979026375546,      -0.0000000235776605,      -0.0000000064207249,      -0.0000000235776605,      -0.0000000623005921,      -0.0000000076023344,      -0.0000000064207249,      -0.0000000076023344,      -0.0000001021392547
       -0.0019978718833402,      -0.0000000153901003,      -0.0000000010788420,      -0.0000000153901003,      -0.0000000800485193,      -0.0000000106759129,      -0.0000000010788420,      -0.0000000106759129,      -0.0000001286597315
       -0.0019978501588271,      -0.0000000093324368,      -0.0000000023643813,      -0.0000000093324368,      -0.0000000915917837,      -0.0000000107166022,      -0.0000000023643813,      -0.0000000107166022,      -0.0000001457223756
       -0.0019978404910073,      -0.0000000025061503,       0.0000000008010787,      -0.0000000025061503,      -0.0000000976565842,      -0.0000000108474606,       0.0000000008010787,      -0.0000000108474606,      -0.0000001544855099
       -0.0019978486668132,       0.0000000041026716,       0.0000000032542818,       0.0000000041026716,      -0.0000000689441754,      -0.0000000141157578,       0.0000000032542818,      -0.0000000141157578,      -0.0000001788592641
       -0.0019978571835622,       0.0000000102118236,      -0.0000000034047462,       0.0000000102118236,      -0.0000000651771720,      -0.0000000145081520,      -0.0000000034047462,      -0.0000000145081520,      -0.0000001701788284
       -0.0019978735401196,       0.0000000200674297,       0.0000000054905276,       0.0000000200674297,      -0.0000000567196688,      -0.0000000125616036,       0.0000000054905276,      -0.0000000125616036,      -0.0000001510227557
       -0.0019979031954246,       0.0000000280309556,      -0.0000000013531256,       0.0000000280309556,      -0.0000000452393565,      -0.0000000146774917,      -0.0000000013531256,      -0.0000000146774917,      -0.0000001231869237
       -0.0019979411999933,       0.0000000385271057,       0.0000000131241614,       0.0000000385271057,      -0.0000000287319503,      -0.0000000048546937,       0.0000000131241614,      -0.0000000048546937,      -0.0000000833747573
       -0.0019979937492103,       0.0000000430638136,       0.0000000019754434,       0.0000000430638136,      -0.0000000110506845,      -0.0000000132673234,       0.0000000019754434,      -0.0000000132673234,      -0.0000000378546633
       -0.0019980463112547,       0.0000000479258617,       0.0000000202829772,       0.0000000479258617,       0.0000000089850291,       0.0000000092342767,       0.0000000202829772,       0.0000000092342767,       0.0000000124472447
       -0.0019981070922287,       0.0000000399654764,       0.0000000056190231,       0.0000000399654764,       0.0000000278686384,       0.0000000024654139,       0.0000000056190231,       0.0000000024654139,       0.0000000639303113
       -0.0019981467487019,       0.0000000342122750,       0.0000000062757969,       0.0000000342122750,       0.0000000405797267,      -0.0000000275364013,       0.0000000062757969,      -0.0000000275364013,       0.0000000975035865
       -0.0019981852981525,       0.0000000248996368,       0.0000000179759953,       0.0000000248996368,       0.0000000615452329,       0.0000001940327834,       0.0000000179759953,       0.0000001940327834,       0.0000001272353336
       -0.0019981940289376,      -0.0000000000000002,       0.0000000000000000,      -0.0000000000000002,       0.0000000734455103,       0.0000003971634716,       0.0000000000000000,       0.0000003971634716,       0.0000001410384014
       -0.0019981852981519,      -0.0000000248996366,      -0.0000000179759952,      -0.0000000248996366,       0.0000000615452320,       0.0000001940327833,      -0.0000000179759952,       0.0000001940327833,       0.0000001272353334
       -0.0019981467487030,      -0.0000000342122748,      -0.0000000062757968,      -0.0000000342122748,       0.0000000405797269,      -0.0000000275364012,      -0.0000000062757968,      -0.0000000275364012,       0.0000000975035870
       -0.0019981070922271,      -0.0000000399654767,      -0.0000000056190232,      -0.0000000399654767,       0.0000000278686402,       0.0000000024654138,      -0.0000000056190232,       0.0000000024654138,       0.0000000639303124
       -0.0019980463112537,      -0.0000000479258616,      -0.0000000202829771,      -0.0000000479258616,       0.0000000089850288,       0.0000000092342768,      -0.0000000202829771,       0.0000000092342768,       0.0000000124472436
       -0.0019979937492103,      -0.0000000430638134,      -0.0000000019754433,      -0.0000000430638134,      -0.0000000110506865,      -0.0000000132673232,      -0.0000000019754433,      -0.0000000132673232,      -0.0000000378546656
       -0.0019979411999936,      -0.0000000385271057,      -0.0000000131241613,      -0.0000000385271057,      -0.0000000287319502,      -0.0000000048546938,      -0.0000000131241613,      -0.0000000048546938,      -0.0000000833747567
       -0.0019979031954251,      -0.0000000280309560,       0.0000000013531254,      -0.0000000280309560,      -0.0000000452393559,      -0.0000000146774917,       0.0000000013531254,      -0.0000000146774917,      -0.0000001231869237
       -0.0019978735401205,      -0.0000000200674299,      -0.0000000054905277,      -0.0000000200674299,      -0.0000000567196691,      -0.0000000125616036,      -0.0000000054905277,      -0.0000000125616036,      -0.0000001510227560
       -0.0019978571835623,      -0.0000000102118233,       0.0000000034047462,      -0.0000000102118233,      -0.0000000651771720,      -0.0000000145081519,       0.0000000034047462,      -0.0000000145081519,      -0.0000001701788300
       -0.0019978486668143,      -0.0000000041026714,      -0.0000000032542818,      -0.0000000041026714,      -0.0000000689441742,      -0.0000000141157578,      -0.0000000032542818,      -0.0000000141157578,      -0.0000001788592643
       -0.0019978595870166,       0.0000000028557064,      -0.0000000081325228,       0.0000000028557064,      -0.0000000337219889,      -0.0000000167896354,      -0.0000000081325228,      -0.0000000167896354,      -0.0000002085596708
       -0.0019978648933024,       0.0000000123356695,       0.0000000069555367,       0.0000000123356695,      -0.0000000316970282,      -0.0000000153819100,       0.0000000069555367,      -0.0000000153819100,      -0.0000001986650851
       -0.0019978782659626,       0.0000000200315730,      -0.0000000095767239,       0.0000000200315730,      -0.0000000287642289,      -0.0000000183301764,      -0.0000000095767239,      -0.0000000183301764,      -0.0000001799828540
       -0.0019979012351685,       0.0000000323920843,       0.0000000135649314,       0.0000000323920843,      -0.0000000221543305,      -0.0000000106899515,       0.0000000135649314,      -0.0000000106899515,      -0.0000001462238032
       -0.0019979386343185,       0.0000000404745157,      -0.0000000064707907,       0.0000000404745157,      -0.0000000153162866,      -0.0000000175812835,      -0.0000000064707907,      -0.0000000175812835,      -0.0000001033773509
       -0.0019979848146580,       0.0000000508257568,       0.0000000253565834,       0.0000000508257568,      -0.0000000045982804,       0.0000000014254656,       0.0000000253565834,       0.0000000014254656,      -0.0000000468949827
       -0.0019980449575864,       0.0000000491794349,       0.0000000000760100,       0.0000000491794349,       0.0000000052816441,      -0.0000000072427898,       0.0000000000760100,      -0.0000000072427898,       0.0000000153714073
       -0.0019980955724245,       0.0000000512470457,       0.0000000215202850,       0.0000000512470457,       0.0000000157255476,       0.0000000011689584,       0.0000000215202850,       0.0000000011689584,       0.0000000687024263
       -0.0019981543017160,       0.0000000346790801,       0.0000000180329056,       0.0000000346790801,       0.0000000284535879,       0.0000000586780889,       0.0000000180329056,       0.0000000586780889,       0.0000001297057287
       -0.0019981805999140,       0.0000000097568634,      -0.0000000028221397,       0.0000000097568634,       0.0000000171447709,      -0.0000001506543730,      -0.0000000028221397,      -0.0000001506543730,       0.0000001624383991
       -0.0019981942757180,       0.0000000000000001,       0.0000000000000000,       0.0000000000000001,       0.0000000067016508,      -0.0000003520567170,       0.0000000000000000,      -0.0000003520567170,       0.0000001709451588
       -0.0019981805999125,      -0.0000000097568635,       0.0000000028221397,      -0.0000000097568635,       0.0000000171447716,      -0.0000001506543729,       0.0000000028221397,      -0.0000001506543729,       0.0000001624384002
       -0.0019981543017170,      -0.0000000346790801,      -0.0000000180329055,      -0.0000000346790801,       0.0000000284535884,       0.0000000586780887,      -0.0000000180329055,       0.0000000586780887,       0.0000001297057292
       -0.0019980955724239,      -0.0000000512470455,      -0.0000000215202851,      -0.0000000512470455,       0.0000000157255474,       0.0000000011689582,      -0.0000000215202851,       0.0000000011689582,       0.0000000687024259
       -0.0019980449575852,      -0.0000000491794351,      -0.0000000000760098,      -0.0000000491794351,       0.0000000052816437,      -0.0000000072427899,      -0.0000000000760098,      -0.0000000072427899,       0.0000000153714059
       -0.0019979848146582,      -0.0000000508257570,      -0.0000000253565835,      -0.0000000508257570,      -0.0000000045982816,       0.0000000014254653,      -0.0000000253565835,       0.0000000014254653,      -0.0000000468949845
       -0.0019979386343185,      -0.0000000404745155,       0.0000000064707907,      -0.0000000404745155,      -0.0000000153162863,      -0.0000000175812839,       0.0000000064707907,      -0.0000000175812839,      -0.0000001033773492
       -0.0019979012351696,      -0.0000000323920843,      -0.0000000135649314,      -0.0000000323920843,      -0.0000000221543309,      -0.0000000106899518,      -0.0000000135649314,      -0.0000000106899518,      -0.0000001462238025
       -0.0019978782659611,      -0.0000000200315732,       0.0000000095767238,      -0.0000000200315732,      -0.0000000287642273,      -0.0000000183301765,       0.0000000095767238,      -0.0000000183301765,      -0.0000001799828529
       -0.0019978648933039,      -0.0000000123356695,      -0.0000000069555368,      -0.0000000123356695,      -0.0000000316970269,      -0.0000000153819101,      -0.0000000069555368,      -0.0000000153819101,      -0.0000001986650854
       -0.0019978595870175,      -0.0000000028557062,       0.0000000081325228,      -0.0000000028557062,      -0.0000000337219884,      -0.0000000167896355,       0.0000000081325228,      -0.0000000167896355,      -0.0000002085596710
       -0.0019978721944869,       0.0000000038431497,       0.0000000126348996,       0.0000000038431497,       0.0000000058773389,      -0.0000000165545069,       0.0000000126348996,      -0.0000000165545069,      -0.0000002400550156
       -0.0019978739117187,       0.0000000105756999,      -0.0000000179307222,       0.0000000105756999,       0.0000000046395947,      -0.0000000199467874,      -0.0000000179307222,      -0.0000000199467874,      -0.0000002317393649
       -0.0019978838808993,       0.0000000209815735,       0.0000000151587206,       0.0000000209815735,       0.0000000044367130,      -0.0000000129754084,       0.0000000151587206,      -0.0000000129754084,      -0.0000002082185642
       -0.0019979004630137,       0.0000000302306375,      -0.0000000192834296,       0.0000000302306375,       0.0000000018033945,      -0.0000000219607291,      -0.0000000192834296,      -0.0000000219607291,      -0.0000001754327282
       -0.0019979342854001,       0.0000000430447453,       0.0000000290124787,       0.0000000430447453,       0.0000000023757348,      -0.0000000048294775,       0.0000000290124787,      -0.0000000048294775,      -0.0000001212210546
       -0.0019979802512760,       0.0000000473898196,      -0.0000000114336485,       0.0000000473898196,       0.0000000002597214,      -0.0000000141439832,      -0.0000000114336485,      -0.0000000141439832,      -0.0000000567902820
       -0.0019980338538343,       0.0000000561513252,       0.0000000342008173,       0.0000000561513252,       0.0000000020900741,       0.0000000004986965,       0.0000000342008173,       0.0000000004986965,       0.0000000119858767
       -0.0019980984305811,       0.0000000440205557,       0.0000000102005433,       0.0000000440205557,       0.0000000026516752,       0.0000000238577495,       0.0000000102005433,       0.0000000238577495,       0.0000000950803578
       -0.0019981425161135,       0.0000000386579811,       0.0000000042124965,       0.0000000386579811,      -0.0000000030747778,      -0.0000000421197438,       0.0000000042124965,      -0.0000000421197438,       0.0000001422087843
       -0.0019981818136378,       0.0000000339237413,       0.0000000090113003,       0.0000000339237413,       0.0000000225686515,       0.0000001652458500,       0.0000000090113003,       0.0000001652458500,       0.0000001792978362
       -0.0019981967979430,       0.0000000000000000,       0.0000000000000001,       0.0000000000000000,       0.0000000414160558,       0.0000003659861576,       0.0000000000000001,       0.0000003659861576,       0.0000001940405585
       -0.0019981818136375,      -0.0000000339237413,      -0.0000000090113004,      -0.0000000339237413,       0.0000000225686506,       0.0000001652458501,      -0.0000000090113004,       0.0000001652458501,       0.0000001792978356
       -0.0019981425161142,      -0.0000000386579812,      -0.0000000042124965,      -0.0000000386579812,      -0.0000000030747780,      -0.0000000421197436,      -0.0000000042124965,      -0.0000000421197436,       0.0000001422087845
       -0.0019980984305821,      -0.0000000440205556,      -0.0000000102005432,      -0.0000000440205556,       0.0000000026516741,       0.0000000238577498,      -0.0000000102005432,       0.0000000238577498,       0.0000000950803571
       -0.0019980338538328,      -0.0000000561513251,      -0.0000000342008176,      -0.0000000561513251,       0.0000000020900732,       0.0000000004986965,      -0.0000000342008176,       0.0000000004986965,       0.0000000119858765
       -0.0019979802512752,      -0.0000000473898199,       0.0000000114336486,      -0.0000000473898199,       0.0000000002597220,      -0.0000000141439833,       0.0000000114336486,      -0.0000000141439833,      -0.0000000567902813
       -0.0019979342854017,      -0.0000000430447456,      -0.0000000290124787,      -0.0000000430447456,       0.0000000023757342,      -0.0000000048294775,      -0.0000000290124787,      -0.0000000048294775,      -0.0000001212210546
       -0.0019979004630148,      -0.0000000302306371,       0.0000000192834296,      -0.0000000302306371,       0.0000000018033941,      -0.0000000219607291,       0.0000000192834296,      -0.0000000219607291,      -0.0000001754327289
       -0.0019978838808998,      -0.0000000209815732,      -0.0000000151587205,      -0.0000000209815732,       0.0000000044367132,      -0.0000000129754084,      -0.0000000151587205,      -0.0000000129754084,      -0.0000002082185638
       -0.0019978739117204,      -0.0000000105757001,       0.0000000179307221,      -0.0000000105757001,       0.0000000046395943,      -0.0000000199467874,       0.0000000179307221,      -0.0000000199467874,      -0.0000002317393650
       -0.0019978721944873,      -0.0000000038431496,      -0.0000000126348997,      -0.0000000038431496,       0.0000000058773401,      -0.0000000165545069,      -0.0000000126348997,      -0.0000000165545069,      -0.0000002400550148
       -0.0019978841466517,       0.0000000039710189,      -0.0000000208982402,       0.0000000039710189,       0.0000000455104447,      -0.0000000182374763,      -0.0000000208982402,      -0.0000000182374763,      -0.0000002725258698
       -0.0019978869995853,       0.0000000088062945,       0.0000000163551849,       0.0000000088062945,       0.0000000432363738,      -0.0000000122362725,       0.0000000163551849,      -0.0000000122362725,      -0.0000002607172764
       -0.0019978850099760,       0.0000000186171237,      -0.0000000288592888,       0.0000000186171237,       0.0000000359229412,      -0.0000000241449719,      -0.0000000288592888,      -0.0000000241449719,      -0.0000002419046672
       -0.0019979058786439,       0.0000000281627316,       0.0000000273915307,       0.0000000281627316,       0.0000000296788334,      -0.0000000064046466,       0.0000000273915307,      -0.0000000064046466,      -0.0000001981092655
       -0.0019979264875745,       0.0000000368998020,      -0.0000000240274535,       0.0000000368998020,       0.0000000169155318,      -0.0000000205625072,      -0.0000000240274535,      -0.0000000205625072,      -0.0000001425835198
       -0.0019979761390841,       0.0000000484306161,       0.0000000383919250,       0.0000000484306161,       0.0000000090585546,      -0.0000000041092169,       0.0000000383919250,      -0.0000000041092169,      -0.0000000690923543
       -0.0019980288229233,       0.0000000443520005,       0.0000000021612380,       0.0000000443520005,      -0.0000000048322061,       0.0000000094264107,       0.0000000021612380,       0.0000000094264107,       0.0000000251614853
       -0.0019980899780877,       0.0000000487811317,       0.0000000180284671,       0.0000000487811317,      -0.0000000156047765,      -0.0000000228805027,       0.0000000180284671,      -0.0000000228805027,       0.0000000948103657
       -0.0019981392526887,       0.0000000357330113,       0.0000000315789943,       0.0000000357330113,      -0.0000000123489537,       0.0000000759624885,       0.0000000315789943,       0.0000000759624885,       0.0000001784448516
       -0.0019981858739100,       0.0000000018656510,       0.0000000209193054,       0.0000000018656510,      -0.0000000500665950,      -0.0000001004946503,       0.0000000209193054,      -0.0000001004946503,       0.0000002395041087
       -0.0019981828216449,      -0.0000000000000002,       0.0000000000000000,      -0.0000000000000002,      -0.0000000794477714,      -0.0000002890800446,       0.0000000000000000,      -0.0000002890800446,       0.0000002586138667
       -0.0019981858739092,      -0.0000000018656510,      -0.0000000209193053,      -0.0000000018656510,      -0.0000000500665957,      -0.0000001004946503,      -0.0000000209193053,      -0.0000001004946503,       0.0000002395041073
       -0.0019981392526889,      -0.0000000357330109,      -0.0000000315789944,      -0.0000000357330109,      -0.0000000123489533,       0.0000000759624885,      -0.0000000315789944,       0.0000000759624885,       0.0000001784448520
       -0.0019980899780891,      -0.0000000487811316,      -0.0000000180284670,      -0.0000000487811316,      -0.0000000156047772,      -0.0000000228805029,      -0.0000000180284670,      -0.0000000228805029,       0.0000000948103641
       -0.0019980288229225,      -0.0000000443520006,      -0.0000000021612381,      -0.0000000443520006,      -0.0000000048322059,       0.0000000094264108,      -0.0000000021612381,       0.0000000094264108,       0.0000000251614847
       -0.0019979761390846,      -0.0000000484306163,      -0.0000000383919252,      -0.0000000484306163,       0.0000000090585535,      -0.0000000041092168,      -0.0000000383919252,      -0.0000000041092168,      -0.0000000690923556
       -0.0019979264875740,      -0.0000000368998020,       0.0000000240274535,      -0.0000000368998020,       0.0000000169155331,      -0.0000000205625072,       0.0000000240274535,      -0.0000000205625072,      -0.0000001425835197
       -0.0019979058786447,      -0.0000000281627316,      -0.0000000273915305,      -0.0000000281627316,       0.0000000296788343,      -0.0000000064046466,      -0.0000000273915305,      -0.0000000064046466,      -0.0000001981092666
       -0.0019978850099768,      -0.0000000186171237,       0.0000000288592889,      -0.0000000186171237,       0.0000000359229414,      -0.0000000241449720,       0.0000000288592889,      -0.0000000241449720,      -0.0000002419046682
       -0.0019978869995865,      -0.0000000088062943,      -0.0000000163551848,      -0.0000000088062943,       0.0000000432363736,      -0.0000000122362723,      -0.0000000163551848,      -0.0000000122362723,      -0.0000002607172766
       -0.0019978841466519,      -0.0000000039710189,       0.0000000208982399,      -0.0000000039710189,       0.0000000455104459,      -0.0000000182374761,       0.0000000208982399,      -0.0000000182374761,      -0.0000002725258685
       -0.0019978985450915,      -0.0000000012470802,       0.0000000043419193,      -0.0000000012470802,       0.0000000825970868,      -0.0000000118541502,       0.0000000043419193,      -0.0000000118541502,      -0.0000002997956505
       -0.0019978903746068,       0.0000000109782510,      -0.0000000148097486,       0.0000000109782510,       0.0000000766335951,      -0.0000000216027725,      -0.0000000148097486,      -0.0000000216027725,      -0.0000002919395173
       -0.0019979001282403,       0.0000000117862253,       0.0000000036946069,       0.0000000117862253,       0.0000000685134993,      -0.0000000045251329,       0.0000000036946069,      -0.0000000045251329,      -0.0000002650446845
       -0.0019978954815884,       0.0000000243995756,      -0.0000000121717054,       0.0000000243995756,       0.0000000506708070,      -0.0000000235031601,      -0.0000000121717054,      -0.0000000235031601,      -0.0000002243032935
       -0.0019979351043199,       0.0000000314463829,       0.0000000091829577,       0.0000000314463829,       0.0000000366332042,      -0.0000000056888957,       0.0000000091829577,      -0.0000000056888957,      -0.0000001615220666
       -0.0019979605223429,       0.0000000362477825,       0.0000000198074215,       0.0000000362477825,       0.0000000103612653,      -0.0000000004043560,       0.0000000198074215,      -0.0000000004043560,      -0.0000000686673159
       -0.0019980348120124,       0.0000000420638824,      -0.0000000030297125,       0.0000000420638824,      -0.0000000083421596,      -0.0000000207956175,      -0.0000000030297125,      -0.0000000207956175,       0.0000000154311802
       -0.0019980680452828,       0.0000000377826132,       0.0000000558973978,       0.0000000377826132,      -0.0000000251498894,       0.0000000445363920,       0.0000000558973978,       0.0000000445363920,       0.0000001212269566
       -0.0019981605597195,       0.0000000226177408,      -0.0000000178675267,       0.0000000226177408,      -0.0000000590021284,      -0.0000000416562305,      -0.0000000178675267,      -0.0000000416562305,       0.0000002078348710
       -0.0019981482287127,       0.0000000355648364,      -0.0000000104700691,       0.0000000355648364,      -0.0000000325643063,       0.0000000957107129,      -0.0000000104700691,       0.0000000957107129,       0.0000002266546623
       -0.0019982163960681,      -0.0000000000000001,       0.0000000000000000,      -0.0000000000000001,       0.0000000047888994,       0.0000002849915139,       0.0000000000000000,       0.0000002849915139,       0.0000002514117804
       -0.0019981482287098,      -0.0000000355648364,       0.0000000104700694,      -0.0000000355648364,      -0.0000000325643060,       0.0000000957107130,       0.0000000104700694,       0.0000000957107130,       0.0000002266546623
       -0.0019981605597210,      -0.0000000226177408,       0.0000000178675266,      -0.0000000226177408,      -0.0000000590021283,      -0.0000000416562304,       0.0000000178675266,      -0.0000000416562304,       0.0000002078348710
       -0.0019980680452826,      -0.0000000377826132,      -0.0000000558973979,      -0.0000000377826132,      -0.0000000251498919,       0.0000000445363923,      -0.0000000558973979,       0.0000000445363923,       0.0000001212269559
       -0.0019980348120126,      -0.0000000420638825,       0.0000000030297126,      -0.0000000420638825,      -0.0000000083421614,      -0.0000000207956176,       0.0000000030297126,      -0.0000000207956176,       0.0000000154311807
       -0.0019979605223410,      -0.0000000362477823,      -0.0000000198074219,      -0.0000000362477823,       0.0000000103612653,      -0.0000000004043562,      -0.0000000198074219,      -0.0000000004043562,      -0.0000000686673170
       -0.0019979351043222,      -0.0000000314463828,      -0.0000000091829578,      -0.0000000314463828,       0.0000000366332029,      -0.0000000056888959,      -0.0000000091829578,      -0.0000000056888959,      -0.0000001615220692
       -0.0019978954815888,      -0.0000000243995756,       0.0000000121717058,      -0.0000000243995756,       0.0000000506708063,      -0.0000000235031602,       0.0000000121717058,      -0.0000000235031602,      -0.0000002243032942
       -0.0019979001282412,      -0.0000000117862254,      -0.0000000036946068,      -0.0000000117862254,       0.0000000685135004,      -0.0000000045251328,      -0.0000000036946068,      -0.0000000045251328,      -0.0000002650446853
       -0.0019978903746064,      -0.0000000109782510,       0.0000000148097489,      -0.0000000109782510,       0.0000000766335969,      -0.0000000216027725,       0.0000000148097489,      -0.0000000216027725,      -0.0000002919395162
       -0.0019978985450918,       0.0000000012470802,      -0.0000000043419197,       0.0000000012470802,       0.0000000825970875,      -0.0000000118541504,      -0.0000000043419197,      -0.0000000118541504,      -0.0000002997956485
       -0.0019979070658909,       0.0000000059692628,       0.0000000758145035,       0.0000000059692628,       0.0000001117679956,      -0.0000000117565582,       0.0000000758145035,      -0.0000000117565582,      -0.0000003212936313
       -0.0019979027629243,       0.0000000011040392,      -0.0000000945574599,       0.0000000011040392,       0.0000001059414523,      -0.0000000079205347,      -0.0000000945574599,      -0.0000000079205347,      -0.0000003177124708
