       -0.0020003887353948,       0.0000000000865535,       0.0000000009781108,       0.0000000000865535,       0.0000000431936586,       0.0000000031389672,       0.0000000009781108,       0.0000000031389672,       0.0008573887947984
       -0.0020003818990799,      -0.0000000072282016,      -0.0000000026425552,      -0.0000000072282016,       0.0000000371980341,       0.0000000024692281,      -0.0000000026425552,       0.0000000024692281,       0.0008573845040612
       -0.0020003681241614,      -0.0000000068239491,      -0.0000000004675127,      -0.0000000068239491,       0.0000000253509376,       0.0000000037758399,      -0.0000000004675127,       0.0000000037758399,       0.0008573760734133
       -0.0020003471843461,      -0.0000000150463127,      -0.0000000065403577,      -0.0000000150463127,       0.0000000078123127,       0.0000000000049836,      -0.0000000065403577,       0.0000000000049836,       0.0008573631510870
       -0.0020003195325500,      -0.0000000129341035,      -0.0000000020248210,      -0.0000000129341035,      -0.0000000146910779,       0.0000000058505008,      -0.0000000020248210,       0.0000000058505008,       0.0008573467266826
       -0.0020002867172517,      -0.0000000212767109,      -0.0000000126478919,      -0.0000000212767109,      -0.0000000405914918,      -0.0000000069155085,      -0.0000000126478919,      -0.0000000069155085,       0.0008573268473692
       -0.0020002506032616,      -0.0000000152981755,      -0.0000000017872077,      -0.0000000152981755,      -0.0000000684077025,       0.0000000107270686,      -0.0000000017872077,       0.0000000107270686,       0.0008573060378233
       -0.0020002166486966,      -0.0000000192923562,      -0.0000000139811859,      -0.0000000192923562,      -0.0000000942855625,      -0.0000000155796177,      -0.0000000139811859,      -0.0000000155796177,       0.0008572859146517
       -0.0020001862090719,      -0.0000000124043263,      -0.0000000072034617,      -0.0000000124043263,      -0.0000001155909952,       0.0000000001503446,      -0.0000000072034617,       0.0000000001503446,       0.0008572675436720
       -0.0020001675017556,      -0.0000000115872281,       0.0000000157933465,      -0.0000000115872281,      -0.0000001345594790,       0.0000000514563089,       0.0000000157933465,       0.0000000514563089,       0.0008572618611326
       -0.0020001605572313,       0.0000000000000000,       0.0000000000000000,       0.0000000000000000,      -0.0000001451886835,       0.0000000226925749,       0.0000000000000000,       0.0000000226925749,       0.0008572628280975
       -0.0020001675017556,       0.0000000115872281,      -0.0000000157933465,       0.0000000115872281,      -0.0000001345594790,       0.0000000514563089,      -0.0000000157933465,       0.0000000514563089,       0.0008572618611326
       -0.0020001862090719,       0.0000000124043263,       0.0000000072034617,       0.0000000124043263,      -0.0000001155909952,       0.0000000001503446,       0.0000000072034617,       0.0000000001503446,       0.0008572675436720
       -0.0020002166486966,       0.0000000192923562,       0.0000000139811858,       0.0000000192923562,      -0.0000000942855625,      -0.0000000155796177,       0.0000000139811858,      -0.0000000155796177,       0.0008572859146517
       -0.0020002506032616,       0.0000000152981755,       0.0000000017872077,       0.0000000152981755,      -0.0000000684077025,       0.0000000107270686,       0.0000000017872077,       0.0000000107270686,       0.0008573060378233
       -0.0020002867172517,       0.0000000212767109,       0.0000000126478919,       0.0000000212767109,      -0.0000000405914918,      -0.0000000069155085,       0.0000000126478919,      -0.0000000069155085,       0.0008573268473692
       -0.0020003195325500,       0.0000000129341035,       0.0000000020248210,       0.0000000129341035,      -0.0000000146910779,       0.0000000058505008,       0.0000000020248210,       0.0000000058505008,       0.0008573467266826
       -0.0020003471843461,       0.0000000150463127,       0.0000000065403577,       0.0000000150463127,       0.0000000078123127,       0.0000000000049836,       0.0000000065403577,       0.0000000000049836,       0.0008573631510870
       -0.0020003681241614,       0.0000000068239491,       0.0000000004675127,       0.0000000068239491,       0.0000000253509376,       0.0000000037758399,       0.0000000004675127,       0.0000000037758399,       0.0008573760734134
       -0.0020003818990799,       0.0000000072282016,       0.0000000026425552,       0.0000000072282016,       0.0000000371980341,       0.0000000024692281,       0.0000000026425552,       0.0000000024692281,       0.0008573845040612
       -0.0020003887353948,      -0.0000000000865535,      -0.0000000009781108,      -0.0000000000865535,       0.0000000431936586,       0.0000000031389672,      -0.0000000009781108,       0.0000000031389672,       0.0008573887947984
       -0.0020003896716766,      -0.0000000068108826,      -0.0000000044326654,      -0.0000000068108826,       0.0000000400323275,       0.0000000086617223,      -0.0000000044326654,       0.0000000086617223,       0.0008573936609993
       -0.0020003832310946,      -0.0000000136613147,       0.0000000037296462,      -0.0000000136613147,       0.0000000345463542,       0.0000000094806372,       0.0000000037296462,       0.0000000094806372,       0.0008573892758175
       -0.0020003696549582,      -0.0000000282864869,      -0.0000000083273968,      -0.0000000282864869,       0.0000000233599265,       0.0000000061697307,      -0.0000000083273968,       0.0000000061697307,       0.0008573797297694
       -0.0020003492397352,      -0.0000000345648946,       0.0000000043005979,      -0.0000000345648946,       0.0000000069754989,       0.0000000100317689,       0.0000000043005979,       0.0000000100317689,       0.0008573662493973
       -0.0020003215823995,      -0.0000000494740093,      -0.0000000182477054,      -0.0000000494740093,      -0.0000000141208071,      -0.0000000013191241,      -0.0000000182477054,      -0.0000000013191241,       0.0008573470406814
       -0.0020002877493233,      -0.0000000498135099,       0.0000000079074589,      -0.0000000498135099,      -0.0000000393178562,       0.0000000105774088,       0.0000000079074589,       0.0000000105774088,       0.0008573256319734
       -0.0020002519935374,      -0.0000000586565019,      -0.0000000295664168,      -0.0000000586565019,      -0.0000000648098190,      -0.0000000146859080,      -0.0000000295664168,      -0.0000000146859080,       0.0008573009340231
       -0.0020002136381297,      -0.0000000473340282,       0.0000000073519382,      -0.0000000473340282,      -0.0000000908509954,       0.0000000041036071,       0.0000000073519382,       0.0000000041036071,       0.0008572768097053
       -0.0020001861810511,      -0.0000000396008543,      -0.0000000044095307,      -0.0000000396008543,      -0.0000001133189271,      -0.0000000003567515,      -0.0000000044095307,      -0.0000000003567515,       0.0008572613820385
       -0.0020001628930464,      -0.0000000186572680,      -0.0000000612770263,      -0.0000000186572680,      -0.0000001140911378,      -0.0000001081794293,      -0.0000000612770263,      -0.0000001081794293,       0.0008572311942080
       -0.0020001551984954,       0.0000000000000000,       0.0000000000000000,       0.0000000000000000,      -0.0000001024802738,      -0.0000001315540926,       0.0000000000000000,      -0.0000001315540926,       0.0008572113321547
       -0.0020001628930464,       0.0000000186572680,       0.0000000612770263,       0.0000000186572680,      -0.0000001140911378,      -0.0000001081794293,       0.0000000612770263,      -0.0000001081794293,       0.0008572311942080
       -0.0020001861810511,       0.0000000396008543,       0.0000000044095307,       0.0000000396008543,      -0.0000001133189271,      -0.0000000003567515,       0.0000000044095307,      -0.0000000003567515,       0.0008572613820385
       -0.0020002136381297,       0.0000000473340282,      -0.0000000073519382,       0.0000000473340282,      -0.0000000908509954,       0.0000000041036071,      -0.0000000073519382,       0.0000000041036071,       0.0008572768097053
       -0.0020002519935374,       0.0000000586565019,       0.0000000295664168,       0.0000000586565019,      -0.0000000648098190,      -0.0000000146859080,       0.0000000295664168,      -0.0000000146859080,       0.0008573009340231
       -0.0020002877493233,       0.0000000498135099,      -0.0000000079074589,       0.0000000498135099,      -0.0000000393178562,       0.0000000105774089,      -0.0000000079074589,       0.0000000105774089,       0.0008573256319734
       -0.0020003215823995,       0.0000000494740093,       0.0000000182477054,       0.0000000494740093,      -0.0000000141208071,      -0.0000000013191241,       0.0000000182477054,      -0.0000000013191241,       0.0008573470406814
       -0.0020003492397352,       0.0000000345648946,      -0.0000000043005979,       0.0000000345648946,       0.0000000069754988,       0.0000000100317689,      -0.0000000043005979,       0.0000000100317689,       0.0008573662493973
       -0.0020003696549582,       0.0000000282864869,       0.0000000083273968,       0.0000000282864869,       0.0000000233599265,       0.0000000061697307,       0.0000000083273968,       0.0000000061697307,       0.0008573797297694
       -0.0020003832310946,       0.0000000136613147,      -0.0000000037296462,       0.0000000136613147,       0.0000000345463542,       0.0000000094806372,      -0.0000000037296462,       0.0000000094806372,       0.0008573892758175
       -0.0020003896716766,       0.0000000068108826,       0.0000000044326654,       0.0000000068108826,       0.0000000400323275,       0.0000000086617223,       0.0000000044326654,       0.0000000086617223,       0.0008573936609993
       -0.0020003915859632,      -0.0000000066585215,       0.0000000073920212,      -0.0000000066585215,       0.0000000338577572,       0.0000000148943650,       0.0000000073920212,       0.0000000148943650,       0.0008574033847425
       -0.0020003852936610,      -0.0000000259420671,      -0.0000000094695573,      -0.0000000259420671,       0.0000000290310843,       0.0000000121841640,      -0.0000000094695573,       0.0000000121841640,       0.0008573979406314
       -0.0020003732695429,      -0.0000000398426197,       0.0000000093866810,      -0.0000000398426197,       0.0000000197062155,       0.0000000162945314,       0.0000000093866810,       0.0000000162945314,       0.0008573880189840
       -0.0020003527539826,      -0.0000000611947087,      -0.0000000202260171,      -0.0000000611947087,       0.0000000053914307,       0.0000000049213536,      -0.0000000202260171,       0.0000000049213536,       0.0008573706252218
       -0.0020003256363061,      -0.0000000717835168,       0.0000000144616377,      -0.0000000717835168,      -0.0000000133599357,       0.0000000160237550,       0.0000000144616377,       0.0000000160237550,       0.0008573495238985
       -0.0020002912507796,      -0.0000000895756888,      -0.0000000394847481,      -0.0000000895756888,      -0.0000000347269840,      -0.0000000105011139,      -0.0000000394847481,      -0.0000000105011139,       0.0008573208101463
       -0.0020002510120561,      -0.0000000847052877,       0.0000000202667493,      -0.0000000847052877,      -0.0000000595750391,       0.0000000081647710,       0.0000000202667493,       0.0000000081647710,       0.0008572908943442
       -0.0020002150541446,      -0.0000000859098057,      -0.0000000387264473,      -0.0000000859098057,      -0.0000000814290927,      -0.0000000160538983,      -0.0000000387264473,      -0.0000000160538983,       0.0008572621523525
       -0.0020001761571275,      -0.0000000612763444,      -0.0000000206789093,      -0.0000000612763444,      -0.0000000979815665,      -0.0000000568370021,      -0.0000000206789093,      -0.0000000568370021,       0.0008572276735721
       -0.0020001562801295,      -0.0000000316761312,       0.0000000837874308,      -0.0000000316761312,      -0.0000001313032612,       0.0000001450196523,       0.0000000837874308,       0.0000001450196523,       0.0008572371515807
       -0.0020001502810759,       0.0000000000000000,       0.0000000000000000,       0.0000000000000000,      -0.0000001624213226,       0.0000002670924462,       0.0000000000000000,       0.0000002670924462,       0.0008572568881648
       -0.0020001562801295,       0.0000000316761312,      -0.0000000837874308,       0.0000000316761312,      -0.0000001313032612,       0.0000001450196523,      -0.0000000837874308,       0.0000001450196523,       0.0008572371515807
       -0.0020001761571275,       0.0000000612763444,       0.0000000206789093,       0.0000000612763444,      -0.0000000979815665,      -0.0000000568370021,       0.0000000206789093,      -0.0000000568370021,       0.0008572276735721
       -0.0020002150541446,       0.0000000859098057,       0.0000000387264473,       0.0000000859098057,      -0.0000000814290927,      -0.0000000160538983,       0.0000000387264473,      -0.0000000160538983,       0.0008572621523525
       -0.0020002510120561,       0.0000000847052877,      -0.0000000202667493,       0.0000000847052877,      -0.0000000595750391,       0.0000000081647710,      -0.0000000202667493,       0.0000000081647710,       0.0008572908943442
       -0.0020002912507796,       0.0000000895756888,       0.0000000394847481,       0.0000000895756888,      -0.0000000347269840,      -0.0000000105011139,       0.0000000394847481,      -0.0000000105011139,       0.0008573208101463
       -0.0020003256363061,       0.0000000717835168,      -0.0000000144616376,       0.0000000717835168,      -0.0000000133599357,       0.0000000160237550,      -0.0000000144616376,       0.0000000160237550,       0.0008573495238985
       -0.0020003527539826,       0.0000000611947087,       0.0000000202260171,       0.0000000611947087,       0.0000000053914307,       0.0000000049213536,       0.0000000202260171,       0.0000000049213536,       0.0008573706252218
       -0.0020003732695429,       0.0000000398426197,      -0.0000000093866810,       0.0000000398426197,       0.0000000197062155,       0.0000000162945314,      -0.0000000093866810,       0.0000000162945314,       0.0008573880189840
       -0.0020003852936610,       0.0000000259420671,       0.0000000094695573,       0.0000000259420671,       0.0000000290310843,       0.0000000121841640,       0.0000000094695573,       0.0000000121841640,       0.0008573979406314
       -0.0020003915859632,       0.0000000066585215,      -0.0000000073920212,       0.0000000066585215,       0.0000000338577572,       0.0000000148943650,      -0.0000000073920212,       0.0000000148943650,       0.0008574033847425
       -0.0020003937406622,      -0.0000000108704751,      -0.0000000113400960,      -0.0000000108704751,       0.0000000246328032,       0.0000000178819399,      -0.0000000113400960,       0.0000000178819399,       0.0008574169553848
       -0.0020003892631225,      -0.0000000306970084,       0.0000000135052510,      -0.0000000306970084,       0.0000000213050835,       0.0000000219421432,       0.0000000135052510,       0.0000000219421432,       0.0008574115820415
       -0.0020003767657333,      -0.0000000549481165,      -0.0000000199865948,      -0.0000000549481165,       0.0000000140080858,       0.0000000107341739,      -0.0000000199865948,       0.0000000107341739,       0.0008573979536617
       -0.0020003596052640,      -0.0000000751563604,       0.0000000203728536,      -0.0000000751563604,       0.0000000033403820,       0.0000000239493800,       0.0000000203728536,       0.0000000239493800,       0.0008573795148615
       -0.0020003306373689,      -0.0000001008598788,      -0.0000000432747356,      -0.0000001008598788,      -0.0000000109636306,      -0.0000000046689422,      -0.0000000432747356,      -0.0000000046689422,       0.0008573495661633
       -0.0020002956063069,      -0.0000001095979963,       0.0000000280631614,      -0.0000001095979963,      -0.0000000290430994,       0.0000000173734801,       0.0000000280631614,       0.0000000173734801,       0.0008573155949070
       -0.0020002543185556,      -0.0000001241853906,      -0.0000000620702675,      -0.0000001241853906,      -0.0000000470653948,      -0.0000000210065297,      -0.0000000620702675,      -0.0000000210065297,       0.0008572748080267
       -0.0020002075904437,      -0.0000001036755281,       0.0000000099308370,      -0.0000001036755281,      -0.0000000665332196,      -0.0000000295064154,       0.0000000099308370,      -0.0000000295064154,       0.0008572298593653
       -0.0020001746118185,      -0.0000000867080764,       0.0000000079505760,      -0.0000000867080764,      -0.0000000867486812,       0.0000000504899997,       0.0000000079505760,       0.0000000504899997,       0.0008572070044073
       -0.0020001463345715,      -0.0000000577048990,      -0.0000001223839059,      -0.0000000577048990,      -0.0000000730828468,      -0.0000003014188682,      -0.0000001223839059,      -0.0000003014188682,       0.0008571472962339
       -0.0020001299208751,       0.0000000000000000,       0.0000000000000000,       0.0000000000000000,      -0.0000000427292188,      -0.0000005773334643,       0.0000000000000000,      -0.0000005773334643,       0.0008571011249222
       -0.0020001463345715,       0.0000000577048990,       0.0000001223839059,       0.0000000577048990,      -0.0000000730828468,      -0.0000003014188682,       0.0000001223839059,      -0.0000003014188682,       0.0008571472962339
       -0.0020001746118185,       0.0000000867080764,      -0.0000000079505760,       0.0000000867080764,      -0.0000000867486812,       0.0000000504899997,      -0.0000000079505760,       0.0000000504899997,       0.0008572070044073
       -0.0020002075904437,       0.0000001036755281,      -0.0000000099308370,       0.0000001036755281,      -0.0000000665332196,      -0.0000000295064154,      -0.0000000099308370,      -0.0000000295064154,       0.0008572298593653
       -0.0020002543185556,       0.0000001241853905,       0.0000000620702675,       0.0000001241853905,      -0.0000000470653948,      -0.0000000210065297,       0.0000000620702675,      -0.0000000210065297,       0.0008572748080267
       -0.0020002956063069,       0.0000001095979963,      -0.0000000280631614,       0.0000001095979963,      -0.0000000290430994,       0.0000000173734801,      -0.0000000280631614,       0.0000000173734801,       0.0008573155949070
       -0.0020003306373689,       0.0000001008598788,       0.0000000432747356,       0.0000001008598788,      -0.0000000109636306,      -0.0000000046689422,       0.0000000432747356,      -0.0000000046689422,       0.0008573495661633
       -0.0020003596052640,       0.0000000751563604,      -0.0000000203728536,       0.0000000751563604,       0.0000000033403820,       0.0000000239493800,      -0.0000000203728536,       0.0000000239493800,       0.0008573795148615
       -0.0020003767657333,       0.0000000549481165,       0.0000000199865948,       0.0000000549481165,       0.0000000140080858,       0.0000000107341739,       0.0000000199865948,       0.0000000107341739,       0.0008573979536617
       -0.0020003892631225,       0.0000000306970084,      -0.0000000135052510,       0.0000000306970084,       0.0000000213050835,       0.0000000219421432,      -0.0000000135052510,       0.0000000219421432,       0.0008574115820415
       -0.0020003937406622,       0.0000000108704751,       0.0000000113400960,       0.0000000108704751,       0.0000000246328032,       0.0000000178819399,       0.0000000113400960,       0.0000000178819399,       0.0008574169553848
       -0.0020003969543812,      -0.0000000125884956,       0.0000000154020981,      -0.0000000125884956,       0.0000000130245722,       0.0000000243848892,       0.0000000154020981,       0.0000000243848892,       0.0008574344591136
       -0.0020003916310389,      -0.0000000351027174,      -0.0000000179255676,      -0.0000000351027174,       0.0000000109916623,       0.0000000155116969,      -0.0000000179255676,       0.0000000155116969,       0.0008574266474683
       -0.0020003846214720,      -0.0000000620420629,       0.0000000241797883,      -0.0000000620420629,       0.0000000073415983,       0.0000000310140905,       0.0000000241797883,       0.0000000310140905,       0.0008574133958022
       -0.0020003641486814,      -0.0000000897045406,      -0.0000000402912584,      -0.0000000897045406,       0.0000000008834333,       0.0000000009220303,      -0.0000000402912584,       0.0000000009220303,       0.0008573864290333
       -0.0020003406581942,      -0.0000001126158634,       0.0000000331812364,      -0.0000001126158634,      -0.0000000077347945,       0.0000000294348492,       0.0000000331812364,       0.0000000294348492,       0.0008573530781652
       -0.0020003002009359,      -0.0000001382414330,      -0.0000000711934766,      -0.0000001382414330,      -0.0000000183715626,      -0.0000000191663331,      -0.0000000711934766,      -0.0000000191663331,       0.0008573050489215
       -0.0020002554287481,      -0.0000001343254835,       0.0000000225874471,      -0.0000001343254835,      -0.0000000311278568,      -0.0000000059221957,       0.0000000225874471,      -0.0000000059221957,       0.0008572494314855
       -0.0020002078091745,      -0.0000001383017176,      -0.0000000445239399,      -0.0000001383017176,      -0.0000000441843784,       0.0000000054814270,      -0.0000000445239399,       0.0000000054814270,       0.0008572002431983
       -0.0020001608132564,      -0.0000001004648178,      -0.0000000701175751,      -0.0000001004648178,      -0.0000000497002913,      -0.0000001761824744,      -0.0000000701175751,      -0.0000001761824744,       0.0008571330168737
       -0.0020001255987606,      -0.0000000304255653,       0.0000001086398437,      -0.0000000304255653,      -0.0000000801814815,       0.0000003091285122,       0.0000001086398437,       0.0000003091285122,       0.0008571358081716
       -0.0020001311394259,       0.0000000000000000,       0.0000000000000000,       0.0000000000000000,      -0.0000001193074564,       0.0000007693467839,       0.0000000000000000,       0.0000007693467839,       0.0008571719324022
       -0.0020001255987606,       0.0000000304255653,      -0.0000001086398437,       0.0000000304255653,      -0.0000000801814815,       0.0000003091285122,      -0.0000001086398437,       0.0000003091285122,       0.0008571358081716
       -0.0020001608132564,       0.0000001004648178,       0.0000000701175751,       0.0000001004648178,      -0.0000000497002913,      -0.0000001761824744,       0.0000000701175751,      -0.0000001761824744,       0.0008571330168737
       -0.0020002078091745,       0.0000001383017176,       0.0000000445239399,       0.0000001383017176,      -0.0000000441843784,       0.0000000054814270,       0.0000000445239399,       0.0000000054814270,       0.0008572002431983
       -0.0020002554287481,       0.0000001343254835,      -0.0000000225874471,       0.0000001343254835,      -0.0000000311278568,      -0.0000000059221957,      -0.0000000225874471,      -0.0000000059221957,       0.0008572494314855
       -0.0020003002009359,       0.0000001382414330,       0.0000000711934766,       0.0000001382414330,      -0.0000000183715626,      -0.0000000191663331,       0.0000000711934766,      -0.0000000191663331,       0.0008573050489215
       -0.0020003406581942,       0.0000001126158634,      -0.0000000331812364,       0.0000001126158634,      -0.0000000077347945,       0.0000000294348492,      -0.0000000331812364,       0.0000000294348492,       0.0008573530781652
       -0.0020003641486814,       0.0000000897045406,       0.0000000402912584,       0.0000000897045406,       0.0000000008834333,       0.0000000009220303,       0.0000000402912584,       0.0000000009220303,       0.0008573864290333
       -0.0020003846214720,       0.0000000620420629,      -0.0000000241797883,       0.0000000620420629,       0.0000000073415983,       0.0000000310140905,      -0.0000000241797883,       0.0000000310140905,       0.0008574133958022
       -0.0020003916310389,       0.0000000351027174,       0.0000000179255676,       0.0000000351027174,       0.0000000109916623,       0.0000000155116969,       0.0000000179255676,       0.0000000155116969,       0.0008574266474683
       -0.0020003969543812,       0.0000000125884956,      -0.0000000154020981,       0.0000000125884956,       0.0000000130245722,       0.0000000243848892,      -0.0000000154020981,       0.0000000243848892,       0.0008574344591136
       -0.0020003987921214,      -0.0000000087063503,      -0.0000000141637648,      -0.0000000087063503,      -0.0000000005793617,       0.0000000205494197,      -0.0000000141637648,       0.0000000205494197,       0.0008574531721235
       -0.0020003982176031,      -0.0000000401754891,       0.0000000210212271,      -0.0000000401754891,      -0.0000000004094120,       0.0000000335909975,       0.0000000210212271,       0.0000000335909975,       0.0008574463477111
       -0.0020003869304983,      -0.0000000621177191,      -0.0000000280554101,      -0.0000000621177191,      -0.0000000008549535,       0.0000000048526239,      -0.0000000280554101,       0.0000000048526239,       0.0008574264868076
       -0.0020003772890326,      -0.0000000951178361,       0.0000000313257387,      -0.0000000951178361,      -0.0000000010743752,       0.0000000400125309,       0.0000000313257387,       0.0000000400125309,       0.0008573990333131
       -0.0020003444549858,      -0.0000001231012626,      -0.0000000608040250,      -0.0000001231012626,      -0.0000000029860002,      -0.0000000146272776,      -0.0000000608040250,      -0.0000000146272776,       0.0008573518402928
       -0.0020003115009897,      -0.0000001399576954,       0.0000000196571185,      -0.0000001399576954,      -0.0000000046289919,       0.0000000166420834,       0.0000000196571185,       0.0000000166420834,       0.0008572921167848
       -0.0020002558446238,      -0.0000001600069310,      -0.0000000610641065,      -0.0000001600069310,      -0.0000000091777682,      -0.0000000112368041,      -0.0000000610641065,      -0.0000000112368041,       0.0008572246388737
       -0.0020002044978675,      -0.0000001346356760,      -0.0000000558178027,      -0.0000001346356760,      -0.0000000104942832,      -0.0000001022811650,      -0.0000000558178027,      -0.0000001022811650,       0.0008571387831224
       -0.0020001466399187,      -0.0000001070473095,       0.0000000565580831,      -0.0000001070473095,      -0.0000000187912557,       0.0000001398815211,       0.0000000565580831,       0.0000001398815211,       0.0008570902589766
       -0.0020001289134648,      -0.0000001046035470,      -0.0000001262927149,      -0.0000001046035470,      -0.0000000072070606,      -0.0000004874625537,      -0.0000001262927149,      -0.0000004874625537,       0.0008570150405573
       -0.0020000807066639,       0.0000000000000000,       0.0000000000000000,       0.0000000000000000,       0.0000000213948745,      -0.0000011733779869,       0.0000000000000000,      -0.0000011733779869,       0.0008569403176450
       -0.0020001289134648,       0.0000001046035470,       0.0000001262927149,       0.0000001046035470,      -0.0000000072070606,      -0.0000004874625537,       0.0000001262927149,      -0.0000004874625537,       0.0008570150405573
       -0.0020001466399187,       0.0000001070473095,      -0.0000000565580831,       0.0000001070473095,      -0.0000000187912557,       0.0000001398815211,      -0.0000000565580831,       0.0000001398815211,       0.0008570902589766
       -0.0020002044978675,       0.0000001346356760,       0.0000000558178027,       0.0000001346356760,      -0.0000000104942832,      -0.0000001022811650,       0.0000000558178027,      -0.0000001022811650,       0.0008571387831224
       -0.0020002558446238,       0.0000001600069310,       0.0000000610641065,       0.0000001600069310,      -0.0000000091777682,      -0.0000000112368041,       0.0000000610641065,      -0.0000000112368041,       0.0008572246388737
       -0.0020003115009897,       0.0000001399576954,      -0.0000000196571185,       0.0000001399576954,      -0.0000000046289919,       0.0000000166420834,      -0.0000000196571185,       0.0000000166420834,       0.0008572921167848
       -0.0020003444549858,       0.0000001231012626,       0.0000000608040250,       0.0000001231012626,      -0.0000000029860002,      -0.0000000146272776,       0.0000000608040250,      -0.0000000146272776,       0.0008573518402928
       -0.0020003772890326,       0.0000000951178361,      -0.0000000313257387,       0.0000000951178361,      -0.0000000010743752,       0.0000000400125309,      -0.0000000313257387,       0.0000000400125309,       0.0008573990333131
       -0.0020003869304983,       0.0000000621177191,       0.0000000280554101,       0.0000000621177191,      -0.0000000008549535,       0.0000000048526239,       0.0000000280554101,       0.0000000048526239,       0.0008574264868076
       -0.0020003982176031,       0.0000000401754891,      -0.0000000210212271,       0.0000000401754891,      -0.0000000004094120,       0.0000000335909975,      -0.0000000210212271,       0.0000000335909975,       0.0008574463477111
       -0.0020003987921214,       0.0000000087063503,       0.0000000141637648,       0.0000000087063503,      -0.0000000005793617,       0.0000000205494197,       0.0000000141637648,       0.0000000205494197,       0.0008574531721235
       -0.0020004023940701,      -0.0000000175771734,       0.0000000042930986,      -0.0000000175771734,      -0.0000000147538835,       0.0000000281353737,       0.0000000042930986,       0.0000000281353737,       0.0008574734466251
       -0.0020003987186186,      -0.0000000290919586,      -0.0000000031817199,      -0.0000000290919586,      -0.0000000128317058,       0.0000000089468475,      -0.0000000031817199,       0.0000000089468475,       0.0008574634699740
       -0.0020003987878048,      -0.0000000667495957,       0.0000000106307694,      -0.0000000667495957,      -0.0000000086388389,       0.0000000431076662,       0.0000000106307694,       0.0000000431076662,       0.0008574443961439
       -0.0020003787557421,      -0.0000000866495436,      -0.0000000199223924,      -0.0000000866495436,      -0.0000000037084982,      -0.0000000095462219,      -0.0000000199223924,      -0.0000000095462219,       0.0008574071803950
       -0.0020003621123484,      -0.0000001196419471,      -0.0000000106478310,      -0.0000001196419471,       0.0000000045093505,       0.0000000334406063,      -0.0000000106478310,       0.0000000334406063,       0.0008573518928650
       -0.0020003107311109,      -0.0000001437487161,      -0.0000000227151931,      -0.0000001437487161,       0.0000000096237662,      -0.0000000118829793,      -0.0000000227151931,      -0.0000000118829793,       0.0008572805982623
       -0.0020002679828895,      -0.0000001445292461,      -0.0000000951177674,      -0.0000001445292461,       0.0000000209347044,      -0.0000000514913057,      -0.0000000951177674,      -0.0000000514913057,       0.0008571811838692
       -0.0020001884476115,      -0.0000001443246726,       0.0000000599337555,      -0.0000001443246726,       0.0000000242016064,       0.0000000658493784,       0.0000000599337555,       0.0000000658493784,       0.0008570968614943
       -0.0020001579786538,      -0.0000001261605965,      -0.0000001969737944,      -0.0000001261605965,       0.0000000301532475,      -0.0000002851682653,      -0.0000001969737944,      -0.0000002851682653,       0.0008570000285981
       -0.0020000677552451,       0.0000000047482464,       0.0000000490306555,       0.0000000047482464,       0.0000000363165882,       0.0000003445714182,       0.0000000490306555,       0.0000003445714182,       0.0008569428028482
       -0.0020001195407618,       0.0000000000000000,       0.0000000000000000,       0.0000000000000000,       0.0000000286206859,       0.0000012497370691,       0.0000000000000000,       0.0000012497370691,       0.0008569868479400
       -0.0020000677552451,      -0.0000000047482464,      -0.0000000490306555,      -0.0000000047482464,       0.0000000363165882,       0.0000003445714182,      -0.0000000490306555,       0.0000003445714182,       0.0008569428028482
       -0.0020001579786538,       0.0000001261605965,       0.0000001969737944,       0.0000001261605965,       0.0000000301532475,      -0.0000002851682653,       0.0000001969737944,      -0.0000002851682653,       0.0008570000285981
       -0.0020001884476115,       0.0000001443246726,      -0.0000000599337556,       0.0000001443246726,       0.0000000242016064,       0.0000000658493784,      -0.0000000599337556,       0.0000000658493784,       0.0008570968614943
       -0.0020002679828895,       0.0000001445292461,       0.0000000951177674,       0.0000001445292461,       0.0000000209347044,      -0.0000000514913057,       0.0000000951177674,      -0.0000000514913057,       0.0008571811838692
       -0.0020003107311109,       0.0000001437487161,       0.0000000227151931,       0.0000001437487161,       0.0000000096237662,      -0.0000000118829793,       0.0000000227151931,      -0.0000000118829793,       0.0008572805982623
       -0.0020003621123484,       0.0000001196419471,       0.0000000106478310,       0.0000001196419471,       0.0000000045093505,       0.0000000334406063,       0.0000000106478310,       0.0000000334406063,       0.0008573518928650
       -0.0020003787557421,       0.0000000866495436,       0.0000000199223924,       0.0000000866495436,      -0.0000000037084982,      -0.0000000095462219,       0.0000000199223924,      -0.0000000095462219,       0.0008574071803950
       -0.0020003987878048,       0.0000000667495957,      -0.0000000106307694,       0.0000000667495957,      -0.0000000086388389,       0.0000000431076662,      -0.0000000106307694,       0.0000000431076662,       0.0008574443961439
       -0.0020003987186186,       0.0000000290919586,       0.0000000031817199,       0.0000000290919586,      -0.0000000128317058,       0.0000000089468476,       0.0000000031817199,       0.0000000089468476,       0.0008574634699740
       -0.0020004023940701,       0.0000000175771734,      -0.0000000042930986,       0.0000000175771734,      -0.0000000147538835,       0.0000000281353737,      -0.0000000042930986,       0.0000000281353737,       0.0008574734466251
       -0.0020004036291423,      -0.0000000020792367,       0.0000000440837533,      -0.0000000020792367,      -0.0000000282459792,       0.0000000160999755,       0.0000000440837533,       0.0000000160999755,       0.0008574919034144
       -0.0020004045054022,      -0.0000000371148621,      -0.0000000449838512,      -0.0000000371148621,      -0.0000000243874422,       0.0000000322034895,      -0.0000000449838512,       0.0000000322034895,       0.0008574801409827
       -0.0020004006072321,      -0.0000000458551945,       0.0000000649144130,      -0.0000000458551945,      -0.0000000166526380,       0.0000000013103710,       0.0000000649144130,       0.0000000013103710,       0.0008574607918208
       -0.0020003929310133,      -0.0000000833586966,      -0.0000000977744150,      -0.0000000833586966,      -0.0000000040018470,       0.0000000313536630,      -0.0000000977744150,       0.0000000313536630,       0.0008574124222803
       -0.0020003626303853,      -0.0000001000120761,       0.0000001080535706,      -0.0000001000120761,       0.0000000088326881,       0.0000000018753274,       0.0000001080535706,       0.0000000018753274,       0.0008573581887745
       -0.0020003311700442,      -0.0000001245075708,      -0.0000002292611385,      -0.0000001245075708,       0.0000000309351352,      -0.0000000253332252,      -0.0000002292611385,      -0.0000000253332252,       0.0008572537826560
       -0.0020002500281145,      -0.0000001305497937,       0.0000001979334509,      -0.0000001305497937,       0.0000000451035484,       0.0000000453489503,       0.0000001979334509,       0.0000000453489503,       0.0008571582838793
       -0.0020002217895029,      -0.0000001367712784,      -0.0000003636633143,      -0.0000001367712784,       0.0000000649568754,      -0.0000001669529942,      -0.0000003636633143,      -0.0000001669529942,       0.0008570339647915
       -0.0020000865356313,      -0.0000000599231173,       0.0000002217697429,      -0.0000000599231173,       0.0000000899979070,       0.0000001455020989,       0.0000002217697429,       0.0000001455020989,       0.0008569106306502
       -0.0020001386983160,      -0.0000001406077306,      -0.0000000657981856,      -0.0000001406077306,       0.0000000767962023,      -0.0000003614705293,      -0.0000000657981856,      -0.0000003614705293,       0.0008568769026566
       -0.0020000018193981,       0.0000000000000000,       0.0000000000000000,       0.0000000000000000,       0.0000000520365613,      -0.0000015058007345,       0.0000000000000000,      -0.0000015058007345,       0.0008567753216348
       -0.0020001386983160,       0.0000001406077306,       0.0000000657981856,       0.0000001406077306,       0.0000000767962023,      -0.0000003614705293,       0.0000000657981856,      -0.0000003614705293,       0.0008568769026566
       -0.0020000865356313,       0.0000000599231173,      -0.0000002217697429,       0.0000000599231173,       0.0000000899979070,       0.0000001455020989,      -0.0000002217697429,       0.0000001455020989,       0.0008569106306502
       -0.0020002217895029,       0.0000001367712784,       0.0000003636633143,       0.0000001367712784,       0.0000000649568754,      -0.0000001669529942,       0.0000003636633143,      -0.0000001669529942,       0.0008570339647915
       -0.0020002500281145,       0.0000001305497937,      -0.0000001979334509,       0.0000001305497937,       0.0000000451035484,       0.0000000453489503,      -0.0000001979334509,       0.0000000453489503,       0.0008571582838793
       -0.0020003311700442,       0.0000001245075708,       0.0000002292611385,       0.0000001245075708,       0.0000000309351352,      -0.0000000253332252,       0.0000002292611385,      -0.0000000253332252,       0.0008572537826560
       -0.0020003626303853,       0.0000001000120761,      -0.0000001080535706,       0.0000001000120761,       0.0000000088326881,       0.0000000018753274,      -0.0000001080535706,       0.0000000018753274,       0.0008573581887745
       -0.0020003929310133,       0.0000000833586966,       0.0000000977744150,       0.0000000833586966,      -0.0000000040018470,       0.0000000313536630,       0.0000000977744150,       0.0000000313536630,       0.0008574124222803
       -0.0020004006072321,       0.0000000458551945,      -0.0000000649144130,       0.0000000458551945,      -0.0000000166526380,       0.0000000013103710,      -0.0000000649144130,       0.0000000013103710,       0.0008574607918208
       -0.0020004045054022,       0.0000000371148621,       0.0000000449838512,       0.0000000371148621,      -0.0000000243874422,       0.0000000322034895,       0.0000000449838512,       0.0000000322034895,       0.0008574801409827
       -0.0020004036291423,       0.0000000020792367,      -0.0000000440837533,       0.0000000020792367,      -0.0000000282459792,       0.0000000160999756,      -0.0000000440837533,       0.0000000160999756,       0.0008574919034144
       -0.0020004024355774,      -0.0000000065123138,      -0.0000001672152132,      -0.0000000065123138,      -0.0000000395994666,       0.0000000110425742,      -0.0000001672152132,       0.0000000110425742,       0.0008575031394737
       -0.0020004146851377,      -0.0000000217321458,       0.0000002125782989,      -0.0000000217321458,      -0.0000000337071176,       0.0000000282790691,       0.0000002125782989,       0.0000000282790691,       0.0008575053415496
