      144.4386633238418369,      -0.0001070107265963,      -0.0000184614201939,      -0.0001070107265963,      52.3301000104099572,       0.0001419252382091,      -0.0000184614201939,       0.0001419252382091,       0.0163011496353148
      144.4391795767710107,      -0.0003356214234581,      -0.0000581833739909,      -0.0003356214234581,      52.3292265567768169,       0.0001628611335988,      -0.0000581833739909,       0.0001628611335988,       0.0155771582211408
      144.4402555341106904,      -0.0005417841921440,      -0.0001290846650337,      -0.0005417841921440,      52.3275657126270488,       0.0000873937081162,      -0.0001290846650337,       0.0000873937081162,       0.0141899871697359
      144.4418316158803748,      -0.0007401813967826,      -0.0001782464273415,      -0.0007401813967826,      52.3252201392429228,       0.0001629863608802,      -0.0001782464273415,       0.0001629863608802,       0.0122219868155395
      144.4439538625936166,      -0.0008861569836292,      -0.0002819325366685,      -0.0008861569836292,      52.3224371777928852,      -0.0000225450139404,      -0.0002819325366685,      -0.0000225450139404,       0.0098715459051463
      144.4463813567482191,      -0.0009670574274483,      -0.0003450243376754,      -0.0009670574274483,      52.3193953526689199,       0.0000826493154399,      -0.0003450243376754,       0.0000826493154399,       0.0072540126915124
      144.4490617642823054,      -0.0009699126340733,      -0.0002896810847447,      -0.0009699126340733,      52.3164387712552141,      -0.0000326895197736,      -0.0002896810847447,      -0.0000326895197736,       0.0047579046856519
      144.4515025653153941,      -0.0008183106108756,      -0.0005004969714263,      -0.0008183106108756,      52.3137585908287264,      -0.0004562601272829,      -0.0005004969714263,      -0.0004562601272829,       0.0023486324906195
      144.4536974775990927,      -0.0006615384519990,      -0.0001293206867173,      -0.0006615384519990,      52.3117389923515148,       0.0009275695846062,      -0.0001293206867173,       0.0009275695846062,       0.0006006601211297
      144.4549838448596404,      -0.0006694109668741,       0.0004465952284693,      -0.0006694109668741,      52.3099213257879398,      -0.0025838412223163,       0.0004465952284693,      -0.0025838412223163,      -0.0002182969354458
      144.4554510367927094,       0.0000000000014680,      -0.0000000000174910,       0.0000000000014680,      52.3090395529824121,      -0.0070014727507279,      -0.0000000000174910,      -0.0070014727507279,      -0.0003533899403963
      144.4549838448226637,       0.0006694109778491,      -0.0004465952122895,       0.0006694109778491,      52.3099213257200617,      -0.0025838412458147,      -0.0004465952122895,      -0.0025838412458147,      -0.0002182970083056
      144.4536974777218461,       0.0006615384566326,       0.0001293207001661,       0.0006615384566326,      52.3117389924634750,       0.0009275695843129,       0.0001293207001661,       0.0009275695843129,       0.0006006601917654
      144.4515025652856650,       0.0008183105971519,       0.0005004969413244,       0.0008183105971519,      52.3137585907576650,      -0.0004562601336791,       0.0005004969413244,      -0.0004562601336791,       0.0023486323631891
      144.4490617643369603,       0.0009699126265282,       0.0002896810920385,       0.0009699126265282,      52.3164387712580137,      -0.0000326895504060,       0.0002896810920385,      -0.0000326895504060,       0.0047579047553101
      144.4463813566061390,       0.0009670574357392,       0.0003450243254348,       0.0009670574357392,      52.3193953524755884,       0.0000826492785794,       0.0003450243254348,       0.0000826492785794,       0.0072540124934604
      144.4439538628386970,       0.0008861569857840,       0.0002819325329300,       0.0008861569857840,      52.3224371780060693,      -0.0000225450424606,       0.0002819325329300,      -0.0000225450424606,       0.0098715461333594
      144.4418316157363051,       0.0007401813924504,       0.0001782464369286,       0.0007401813924504,      52.3252201391924814,       0.0001629863597963,       0.0001782464369286,       0.0001629863597963,       0.0122219867805333
      144.4402555341737582,       0.0005417841842749,       0.0001290846714834,       0.0005417841842749,      52.3275657127830769,       0.0000873937051022,       0.0001290846714834,       0.0000873937051022,       0.0141899873819123
      144.4391795767284350,       0.0003356214313633,       0.0000581833856409,       0.0003356214313633,      52.3292265568276420,       0.0001628611430893,       0.0000581833856409,       0.0001628611430893,       0.0155771583642823
      144.4386633239016930,       0.0001070107249018,       0.0000184614191706,       0.0001070107249018,      52.3301000105215195,       0.0001419252558327,       0.0000184614191706,       0.0001419252558327,       0.0163011498442753
      144.4385920294407128,      -0.0003341086951352,      -0.0000211186073694,      -0.0003341086951352,      52.3299461232214398,       0.0004436634013040,      -0.0000211186073694,       0.0004436634013040,       0.0166873111694690
      144.4390943323909084,      -0.0009575510965020,      -0.0000610303853208,      -0.0009575510965020,      52.3291098223215130,       0.0003877828193070,      -0.0000610303853208,       0.0003877828193070,       0.0159154726227990
      144.4400353077134866,      -0.0016007029517219,      -0.0001031127429729,      -0.0016007029517219,      52.3274524959100162,       0.0004187376189511,      -0.0001031127429729,       0.0004187376189511,       0.0143879310717474
      144.4416250542685702,      -0.0021499335705564,      -0.0002431240376301,      -0.0021499335705564,      52.3252080068421392,       0.0002267734751043,      -0.0002431240376301,       0.0002267734751043,       0.0122767165523729
      144.4435771514709188,      -0.0026037605444884,      -0.0003025925923333,      -0.0026037605444884,      52.3224133288193585,       0.0002299874365218,      -0.0003025925923333,       0.0002299874365218,       0.0095927207362009
      144.4461506353926836,      -0.0028406589998627,      -0.0003437169283636,      -0.0028406589998627,      52.3195076578342508,      -0.0000103212334393,      -0.0003437169283636,      -0.0000103212334393,       0.0068251698443033
      144.4486621477230130,      -0.0028099335957010,      -0.0006993913998487,      -0.0028099335957010,      52.3165259513146665,      -0.0003313240534510,      -0.0006993913998487,      -0.0003313240534510,       0.0037231952766245
      144.4514762883150070,      -0.0024928660327771,       0.0000451447834049,      -0.0024928660327771,      52.3139962725436973,       0.0000702336778535,       0.0000451447834049,       0.0000702336778535,       0.0013953773973986
      144.4533262201990453,      -0.0018588963504154,      -0.0007120695984846,      -0.0018588963504154,      52.3117017502449642,      -0.0014352438710170,      -0.0007120695984846,      -0.0014352438710170,      -0.0009143429471950
      144.4550365248193486,      -0.0007023558690211,      -0.0019446583547196,      -0.0007023558690211,      52.3117297665163647,      -0.0002128290911245,      -0.0019446583547196,      -0.0002128290911245,      -0.0033829244943060
      144.4555716148538238,      -0.0000000000077380,      -0.0000000000259107,      -0.0000000000077380,      52.3124879857852605,       0.0024146533247259,      -0.0000000000259107,       0.0024146533247259,      -0.0047110637634106
      144.4550365250545667,       0.0007023558789938,       0.0019446583641408,       0.0007023558789938,      52.3117297666680585,      -0.0002128290848195,       0.0019446583641408,      -0.0002128290848195,      -0.0033829242709096
      144.4533262201173613,       0.0018588963632949,       0.0007120696113024,       0.0018588963632949,      52.3117017501635786,      -0.0014352438968628,       0.0007120696113024,      -0.0014352438968628,      -0.0009143430129857
      144.4514762883362948,       0.0024928660174633,      -0.0000451448143820,       0.0024928660174633,      52.3139962725234327,       0.0000702336486043,      -0.0000451448143820,       0.0000702336486043,       0.0013953773206853
      144.4486621478489496,       0.0028099335926561,       0.0006993914176956,       0.0028099335926561,      52.3165259514297958,      -0.0003313240492940,       0.0006993914176956,      -0.0003313240492940,       0.0037231953915457
      144.4461506352406843,       0.0028406590011840,       0.0003437169101405,       0.0028406590011840,      52.3195076575794005,      -0.0000103212181206,       0.0003437169101405,      -0.0000103212181206,       0.0068251696414629
      144.4435771515557576,       0.0026037605553455,       0.0003025925922872,       0.0026037605553455,      52.3224133288729831,       0.0002299874450680,       0.0003025925922872,       0.0002299874450680,       0.0095927208771040
      144.4416250541317481,       0.0021499335716055,       0.0002431240650271,       0.0021499335716055,      52.3252080067988601,       0.0002267734754161,       0.0002431240650271,       0.0002267734754161,       0.0122767164525536
      144.4400353079135471,       0.0016007029499601,       0.0001031127326625,       0.0016007029499601,      52.3274524961404595,       0.0004187376175660,       0.0001031127326625,       0.0004187376175660,       0.0143879313145524
      144.4390943323794545,       0.0009575511007723,       0.0000610304110118,       0.0009575511007723,      52.3291098223826481,       0.0003877828019018,       0.0000610304110118,       0.0003877828019018,       0.0159154727248567
      144.4385920293445622,       0.0003341086826353,       0.0000211185999605,       0.0003341086826353,      52.3299461231670620,       0.0004436633865209,       0.0000211185999605,       0.0004436633865209,       0.0166873111922493
      144.4384915663628135,      -0.0004864858654459,       0.0000171242259432,      -0.0004864858654459,      52.3296593051068513,       0.0006764044751768,       0.0000171242259432,       0.0006764044751768,       0.0174328632654481
      144.4388463304620984,      -0.0015422674285012,      -0.0000634884659155,      -0.0015422674285012,      52.3288310627173914,       0.0006978464335603,      -0.0000634884659155,       0.0006978464335603,       0.0165279493302217
      144.4397604885550663,      -0.0024908373112188,      -0.0001249706542487,      -0.0024908373112188,      52.3273223611966216,       0.0005305451835942,      -0.0001249706542487,       0.0005305451835942,       0.0148188299359770
      144.4410275369023111,      -0.0034255898559359,      -0.0002600586196070,      -0.0034255898559359,      52.3250820197947704,       0.0005054738143261,      -0.0002600586196070,       0.0005054738143261,       0.0122396803798558
      144.4431163320469125,      -0.0041092071464518,      -0.0003602870869089,      -0.0041092071464518,      52.3225554584617711,       0.0002297159481478,      -0.0003602870869089,       0.0002297159481478,       0.0092451111054948
      144.4453673167935506,      -0.0045181459622503,      -0.0007693839560417,      -0.0045181459622503,      52.3196274539301243,      -0.0001705059322196,      -0.0007693839560417,      -0.0001705059322196,       0.0055295805217081
      144.4483908113100767,      -0.0044598036387756,      -0.0001561263151940,      -0.0044598036387756,      52.3169739973100576,      -0.0000261025328891,      -0.0001561263151940,      -0.0000261025328891,       0.0023348055699137
      144.4507228775618159,      -0.0039749803709618,      -0.0014538332834774,      -0.0039749803709618,      52.3143461183606462,      -0.0013701767278933,      -0.0014538332834774,      -0.0013701767278933,      -0.0014044021516128
      144.4536047420545515,      -0.0028602295411086,      -0.0000687978559551,      -0.0028602295411086,      52.3128413817572024,      -0.0007235575726857,      -0.0000687978559551,      -0.0007235575726857,      -0.0038375908355901
      144.4548629071643120,      -0.0017383738612312,       0.0025066205020510,      -0.0017383738612312,      52.3097108927621690,       0.0017511048467767,       0.0025066205020510,       0.0017511048467767,      -0.0036022912806908
      144.4554611073322121,      -0.0000000000005985,      -0.0000000000081177,      -0.0000000000005985,      52.3074716149076266,       0.0023717190393514,      -0.0000000000081177,       0.0023717190393514,      -0.0026374448762580
      144.4548629075222550,       0.0017383738670264,      -0.0025066205100445,       0.0017383738670264,      52.3097108930361259,       0.0017511048560653,      -0.0025066205100445,       0.0017511048560653,      -0.0036022909969580
      144.4536047415941198,       0.0028602295342154,       0.0000687978382719,       0.0028602295342154,      52.3128413814018671,      -0.0007235575827521,       0.0000687978382719,      -0.0007235575827521,      -0.0038375911645717
      144.4507228775763679,       0.0039749803732587,       0.0014538332928195,       0.0039749803732587,      52.3143461182923701,      -0.0013701767327396,       0.0014538332928195,      -0.0013701767327396,      -0.0014044021991141
      144.4483908111404560,       0.0044598036374014,       0.0001561263292566,       0.0044598036374014,      52.3169739970893417,      -0.0000261025273539,       0.0001561263292566,      -0.0000261025273539,       0.0023348054010878
      144.4453673166821090,       0.0045181459758063,       0.0007693839564765,       0.0045181459758063,      52.3196274537570289,      -0.0001705059151467,       0.0007693839564765,      -0.0001705059151467,       0.0055295803490147
      144.4431163322296072,       0.0041092071402942,       0.0003602870723444,       0.0041092071402942,      52.3225554587368649,       0.0002297159697990,       0.0003602870723444,       0.0002297159697990,       0.0092451113336937
      144.4410275366333565,       0.0034255898420288,       0.0002600586241895,       0.0034255898420288,      52.3250820195990300,       0.0005054738176108,       0.0002600586241895,       0.0005054738176108,       0.0122396801073430
      144.4397604885815554,       0.0024908373317119,       0.0001249706622897,       0.0024908373317119,      52.3273223612851339,       0.0005305451661001,       0.0001249706622897,       0.0005305451661001,       0.0148188299985660
      144.4388463304407821,       0.0015422674132971,       0.0000634884611338,       0.0015422674132971,      52.3288310627479376,       0.0006978464096354,       0.0000634884611338,       0.0006978464096354,       0.0165279493966640
      144.4384915663893878,       0.0004864858679346,      -0.0000171242088126,       0.0004864858679346,      52.3296593052056664,       0.0006764044633973,      -0.0000171242088126,       0.0006764044633973,       0.0174328633177803
      144.4383250787276722,      -0.0006814075052649,      -0.0000820148249027,      -0.0006814075052649,      52.3292169805550600,       0.0009075516923794,      -0.0000820148249027,       0.0009075516923794,       0.0184467977400123
      144.4386294520394642,      -0.0019139756393319,       0.0000494838983004,      -0.0019139756393319,      52.3285060036127447,       0.0008138011947416,       0.0000494838983004,       0.0008138011947416,       0.0174263559362648
      144.4391833205135924,      -0.0032479910766627,      -0.0002280617749545,      -0.0032479910766627,      52.3270201857458161,       0.0007993393126810,      -0.0002280617749545,       0.0007993393126810,       0.0152772567649817
      144.4404749077249051,      -0.0043672839602332,      -0.0001820828070125,      -0.0043672839602332,      52.3251209001427284,       0.0005562032348219,      -0.0001820828070125,       0.0005562032348219,       0.0123580917036184
      144.4421015369535155,      -0.0053369373094122,      -0.0008388895613248,      -0.0053369373094122,      52.3226105498821710,       0.0001493997398289,      -0.0008388895613248,       0.0001493997398289,       0.0082831661505400
      144.4448043914262598,      -0.0058107615378358,      -0.0002883930257552,      -0.0058107615378358,      52.3202133892192336,       0.0001747792854548,      -0.0002883930257552,       0.0001747792854548,       0.0042584161510001
      144.4472831576225076,      -0.0058364767269001,      -0.0018256402346722,      -0.0058364767269001,      52.3175230399038114,      -0.0012926123671031,      -0.0018256402346722,      -0.0012926123671031,      -0.0007652355001857
      144.4508242086615724,      -0.0049815337213460,       0.0001558813520875,      -0.0049815337213459,      52.3156154702315206,      -0.0004393521113225,       0.0001558813520875,      -0.0004393521113225,      -0.0044026655179867
      144.4526557349826135,      -0.0040045492541343,      -0.0010566630761023,      -0.0040045492541343,      52.3133062370349151,      -0.0008621875221219,      -0.0010566630761023,      -0.0008621875221219,      -0.0077322080459461
      144.4546031552018235,      -0.0021288485439560,      -0.0039568228969025,      -0.0021288485439560,      52.3141268088864138,      -0.0091644270139978,      -0.0039568228969025,      -0.0091644270139978,      -0.0127089393665779
      144.4550190734674686,       0.0000000000098421,       0.0000000000044428,       0.0000000000098421,      52.3158368318720335,      -0.0146434561789659,       0.0000000000044428,      -0.0146434561789659,      -0.0157900213235781
      144.4546031552575300,       0.0021288485340523,       0.0039568228935012,       0.0021288485340523,      52.3141268088384024,      -0.0091644270162306,       0.0039568228935012,      -0.0091644270162306,      -0.0127089393989915
      144.4526557349712448,       0.0040045492514011,       0.0010566630429633,       0.0040045492514011,      52.3133062370960502,      -0.0008621874980303,       0.0010566630429633,      -0.0008621874980303,      -0.0077322079438884
      144.4508242088686814,       0.0049815337183595,      -0.0001558813473829,       0.0049815337183595,      52.3156154704689129,      -0.0004393521031594,      -0.0001558813473829,      -0.0004393521031594,      -0.0044026653016454
      144.4472831577182603,       0.0058364767368251,       0.0018256402501951,       0.0058364767368251,      52.3175230399578055,      -0.0012926123726900,       0.0018256402501951,      -0.0012926123726900,      -0.0007652354462669
      144.4448043913081108,       0.0058107615271418,       0.0002883930166959,       0.0058107615271418,      52.3202133890084511,       0.0001747792635873,       0.0002883930166959,       0.0001747792635873,       0.0042584159972760
      144.4421015369806014,       0.0053369372952642,       0.0008388895681637,       0.0053369372952642,      52.3226105498885516,       0.0001493997186204,       0.0008388895681637,       0.0001493997186204,       0.0082831662185974
      144.4404749077691008,       0.0043672839788979,       0.0001820828004614,       0.0043672839788979,      52.3251209001764721,       0.0005562032406275,       0.0001820828004614,       0.0005562032406275,       0.0123580917527206
      144.4391833201935356,       0.0032479910710377,       0.0002280617731500,       0.0032479910710377,      52.3270201854992365,       0.0007993393255282,       0.0002280617731500,       0.0007993393255282,       0.0152772564417659
      144.4386294518755562,       0.0019139756406523,      -0.0000494838859364,       0.0019139756406523,      52.3285060035218095,       0.0008138012225485,      -0.0000494838859364,       0.0008138012225485,       0.0174263558094577
      144.4383250786189308,       0.0006814075117806,       0.0000820148353768,       0.0006814075117806,      52.3292169804466525,       0.0009075517130696,       0.0000820148353768,       0.0009075517130696,       0.0184467976266920
      144.4381839360391950,      -0.0006999982512538,       0.0001945703118251,      -0.0006999982512538,      52.3286925677144694,       0.0010180911973071,       0.0001945703118251,       0.0010180911973071,       0.0196800556670559
      144.4382694564267808,      -0.0022321153724060,      -0.0002298661366990,      -0.0022321153724060,      52.3280045378737242,       0.0009857609388625,      -0.0002298661366990,       0.0009857609388625,       0.0183753167414714
      144.4386982736808989,      -0.0036276847620273,       0.0001601166772169,      -0.0036276847620273,      52.3268301920831220,       0.0008852883852279,       0.0001601166772169,       0.0008852883852279,       0.0159982872335955
      144.4395210416090833,      -0.0050267730641889,      -0.0008864875007105,      -0.0050267730641889,      52.3249887467815498,       0.0004893109874580,      -0.0008864875007105,       0.0004893109874580,       0.0120493136793746
      144.4413376793688712,      -0.0060458448261830,      -0.0000541697938751,      -0.0060458448261830,      52.3231135396833338,       0.0005507953162402,      -0.0000541697938751,       0.0005507953162402,       0.0076223157590424
      144.4434959995582517,      -0.0067235077288049,      -0.0021885896060596,      -0.0067235077288049,      52.3207501385164306,      -0.0009236219037373,      -0.0021885896060596,      -0.0009236219037373,       0.0016259189350489
      144.4470193977855956,      -0.0064931649833664,       0.0000314405499324,      -0.0064931649833664,      52.3190128760556306,      -0.0000696319057078,       0.0000314405499324,      -0.0000696319057078,      -0.0034953463548630
      144.4494940438449930,      -0.0061220906072360,      -0.0025777711923078,      -0.0061220906072360,      52.3168155363302461,      -0.0020105048674106,      -0.0025777711923078,      -0.0020105048674106,      -0.0091625402108569
      144.4531400653909827,      -0.0040798755226026,      -0.0011973774120600,      -0.0040798755226026,      52.3160539030896246,      -0.0043412694948260,      -0.0011973774120600,      -0.0043412694948260,      -0.0140837066114915
      144.4553250506160396,      -0.0018312292626604,       0.0030912300249199,      -0.0018312292626604,      52.3140828492310632,       0.0089955647134541,       0.0030912300249198,       0.0089955647134541,      -0.0134415378782083
      144.4564592134591692,       0.0000000000024380,      -0.0000000000045890,       0.0000000000024380,      52.3119561543946361,       0.0196258214584369,      -0.0000000000045890,       0.0196258214584369,      -0.0114466767557596
      144.4553250508096198,       0.0018312292686101,      -0.0030912300168643,       0.0018312292686101,      52.3140828494446311,       0.0089955647093688,      -0.0030912300168643,       0.0089955647093688,      -0.0134415376753538
      144.4531400654820743,       0.0040798755224654,       0.0011973773831303,       0.0040798755224654,      52.3160539032527865,      -0.0043412694984173,       0.0011973773831303,      -0.0043412694984173,      -0.0140837064846987
      144.4494940439023196,       0.0061220906184218,       0.0025777711902533,       0.0061220906184218,      52.3168155364390302,      -0.0020105048535484,       0.0025777711902533,      -0.0020105048535484,      -0.0091625401229235
      144.4470193978172574,       0.0064931649609645,      -0.0000314405325591,       0.0064931649609645,      52.3190128759837734,      -0.0000696318894612,      -0.0000314405325591,      -0.0000696318894612,      -0.0034953463905067
      144.4434959995004988,       0.0067235077008631,       0.0021885895801009,       0.0067235077008631,      52.3207501384279112,      -0.0009236218840586,       0.0021885895801009,      -0.0009236218840586,       0.0016259189032728
      144.4413376796066757,       0.0060458448362789,       0.0000541698014606,       0.0060458448362789,      52.3231135399409766,       0.0005507953237437,       0.0000541698014606,       0.0005507953237437,       0.0076223160007140
      144.4395210417038697,       0.0050267730770489,       0.0008864874997196,       0.0050267730770489,      52.3249887469276302,       0.0004893109701505,       0.0008864874997196,       0.0004893109701505,       0.0120493137942816
      144.4386982734827143,       0.0036276847657658,      -0.0001601166582470,       0.0036276847657658,      52.3268301919786722,       0.0008852883894424,      -0.0001601166582470,       0.0008852883894424,       0.0159982871036008
      144.4382694561915628,       0.0022321153778682,       0.0002298661600253,       0.0022321153778682,      52.3280045377014176,       0.0009857609525445,       0.0002298661600253,       0.0009857609525445,       0.0183753165386310
      144.4381839358622983,       0.0006999982502893,      -0.0001945703245503,       0.0006999982502893,      52.3286925675588535,       0.0010180911976721,      -0.0001945703245503,       0.0010180911976721,       0.0196800554911749
      144.4380484998475822,      -0.0007471326378890,      -0.0003061941153513,      -0.0007471326378890,      52.3280616176821880,       0.0010366121838290,      -0.0003061941153513,       0.0010366121838290,       0.0209324296241680
      144.4379293550746581,      -0.0022678629487109,       0.0004685611817423,      -0.0022678629487109,      52.3275503675051610,       0.0011294645558421,       0.0004685611817423,       0.0011294645558421,       0.0195680759384240
      144.4381102455805035,      -0.0037693192866059,      -0.0008556438230138,      -0.0037693192866059,      52.3264540104095630,       0.0006543466143337,      -0.0008556438230138,       0.0006543466143337,       0.0163546266689883
      144.4386821917474037,      -0.0051661285971230,       0.0005065566402437,      -0.0051661285971230,      52.3251853376346574,       0.0010238537155985,       0.0005065566402437,       0.0010238537155985,       0.0122207282119102
      144.4401776231873669,      -0.0063302847387922,      -0.0024829414040690,      -0.0063302847387922,      52.3234275578596950,      -0.0005061061322733,      -0.0024829414040690,      -0.0005061061322733,       0.0058929049583292
      144.4428162874484656,      -0.0068070398103473,       0.0003155030105003,      -0.0068070398103473,      52.3221129690935740,       0.0004452744382551,       0.0003155030105003,       0.0004452744382551,      -0.0002914024871891
      144.4455958865071068,      -0.0071560661711636,      -0.0035899075452507,      -0.0071560661711636,      52.3202802802582454,      -0.0019435830531349,      -0.0035899075452507,      -0.0019435830531349,      -0.0077048059853307
      144.4497881647583597,      -0.0056199389835636,      -0.0007277386647879,      -0.0056199389835636,      52.3195609482492898,      -0.0022288738360526,      -0.0007277386647879,      -0.0022288738360526,      -0.0145099447557240
      144.4525565474589541,      -0.0048108132112033,      -0.0007158118756752,      -0.0048108132112033,      52.3186064681373466,       0.0015011307937640,      -0.0007158118756752,       0.0015011307937640,      -0.0184171476752506
      144.4537101304967734,      -0.0034571938597271,      -0.0038260663961441,      -0.0034571938597271,      52.3175711250041857,      -0.0174228495982177,      -0.0038260663961441,      -0.0174228495982177,      -0.0256909226791762
      144.4539839099278424,      -0.0000000000099614,      -0.0000000000042072,      -0.0000000000099614,      52.3184387790427436,      -0.0334684436952486,      -0.0000000000042072,      -0.0334684436952486,      -0.0301281561030518
      144.4537101306273996,       0.0034571938772011,       0.0038260663840282,       0.0034571938772011,      52.3175711249895414,      -0.0174228496094813,       0.0038260663840282,      -0.0174228496094813,      -0.0256909226166014
      144.4525565474069424,       0.0048108132331924,       0.0007158118716548,       0.0048108132331924,      52.3186064681476637,       0.0015011307815090,       0.0007158118716548,       0.0015011307815090,      -0.0184171476341669
      144.4497881646085204,       0.0056199389680541,       0.0007277386836888,       0.0056199389680541,      52.3195609481413015,      -0.0022288738301278,       0.0007277386836888,      -0.0022288738301278,      -0.0145099449046454
      144.4455958865075331,       0.0071560661531492,       0.0035899075453761,       0.0071560661531492,      52.3202802802689462,      -0.0019435830481759,       0.0035899075453761,      -0.0019435830481759,      -0.0077048060723148
      144.4428162875009889,       0.0068070398157306,      -0.0003155030248754,       0.0068070398157306,      52.3221129690733306,       0.0004452744371210,      -0.0003155030248754,       0.0004452744371210,      -0.0002914025947151
      144.4401776229323389,       0.0063302847336383,       0.0024829413740652,       0.0063302847336383,      52.3234275576262320,      -0.0005061061388719,       0.0024829413740652,      -0.0005061061388719,       0.0058929046842156
      144.4386821916073984,       0.0051661285840710,      -0.0005065566246104,       0.0051661285840710,      52.3251853375365883,       0.0010238537193599,      -0.0005065566246104,       0.0010238537193599,       0.0122207281191459
      144.4381102455461416,       0.0037693192965725,       0.0008556438532996,       0.0037693192965725,      52.3264540104167040,       0.0006543466168256,       0.0008556438532996,       0.0006543466168256,       0.0163546266452447
      144.4379293550293824,       0.0022678629579470,      -0.0004685611650593,       0.0022678629579470,      52.3275503675119111,       0.0011294645526301,      -0.0004685611650593,       0.0011294645526301,       0.0195680760016506
      144.4380485000782528,       0.0007471326356320,       0.0003061940984523,       0.0007471326356320,      52.3280616179224083,       0.0010366121878703,       0.0003061940984523,       0.0010366121878703,       0.0209324299409522
      144.4378662368999358,      -0.0008127630388261,       0.0004935076956463,      -0.0008127630388261,      52.3274371291075511,       0.0011365837663966,       0.0004935076956463,       0.0011365837663966,       0.0222564253044614
      144.4378111192908420,      -0.0020230290350099,      -0.0006465239835468,      -0.0020230290350099,      52.3270006298643295,       0.0006007273250129,      -0.0006465239835468,       0.0006007273250129,       0.0203786339285263
      144.4372866489827345,      -0.0036304662762406,       0.0009448154211601,      -0.0036304662762406,      52.3262536602638519,       0.0014603357963337,       0.0009448154211601,       0.0014603357963337,       0.0172316968564637
      144.4380922857682492,      -0.0048311559380927,      -0.0023394560574624,      -0.0048311559380927,      52.3251886764615790,      -0.0003491873794996,      -0.0023394560574624,      -0.0003491873794996,       0.0114610292112897
      144.4390728331233049,      -0.0058890549092702,       0.0008532624159208,      -0.0058890549092702,      52.3242868164990398,       0.0011502605314226,       0.0008532624159208,       0.0011502605314226,       0.0050643455066458
      144.4417641048236476,      -0.0067650235494807,      -0.0040753392289250,      -0.0067650235494807,      52.3231027824023585,      -0.0014668799443998,      -0.0040753392289250,      -0.0014668799443998,      -0.0032183010870860
      144.4451939955568207,      -0.0060571029046545,      -0.0006867774433313,      -0.0060571029046545,      52.3226633628092515,      -0.0010882981910359,      -0.0006867774433313,      -0.0010882981910359,      -0.0119703397878627
      144.4491374516959468,      -0.0062396193251251,      -0.0024253799803569,      -0.0062396193251251,      52.3222334724772367,      -0.0004007992422532,      -0.0024253799803569,      -0.0004007992422532,      -0.0184406450410990
      144.4517689130235567,      -0.0041713009514592,      -0.0033357017600435,      -0.0041713009514592,      52.3209085197799411,      -0.0081650069808307,      -0.0033357017600435,      -0.0081650069808307,      -0.0270674969559926
      144.4570560130309502,      -0.0006783255668839,       0.0004418874056348,      -0.0006783255668839,      52.3239394955800989,       0.0123128691586613,       0.0004418874056348,       0.0123128691586613,      -0.0274617366452160
      144.4579153332294652,       0.0000000000030016,      -0.0000000000006821,       0.0000000000030016,      52.3241625965987893,       0.0319052813990577,      -0.0000000000006821,       0.0319052813990577,      -0.0260300891341857
      144.4570560131245429,       0.0006783255618728,      -0.0004418874259698,       0.0006783255618728,      52.3239394955594648,       0.0123128691643574,      -0.0004418874259698,       0.0123128691643574,      -0.0274617367171124
      144.4517689132322857,       0.0041713009580769,       0.0033357017617011,       0.0041713009580769,      52.3209085199828223,      -0.0081650069816140,       0.0033357017617011,      -0.0081650069816140,      -0.0270674966815534
      144.4491374517672568,       0.0062396193268768,       0.0024253799977418,       0.0062396193268768,      52.3222334725379739,      -0.0004007992623135,       0.0024253799977418,      -0.0004007992623135,      -0.0184406449444815
      144.4451939955948205,       0.0060571029202516,       0.0006867774486917,       0.0060571029202516,      52.3226633628366429,      -0.0010882981958798,       0.0006867774486917,      -0.0010882981958798,      -0.0119703398273455
      144.4417641048178780,       0.0067650235432269,       0.0040753392170391,       0.0067650235432269,      52.3231027823344590,      -0.0014668799347509,       0.0040753392170391,      -0.0014668799347509,      -0.0032183011907587
      144.4390728329396154,       0.0058890548734579,      -0.0008532624356224,       0.0058890548734579,      52.3242868163469694,       0.0011502605481673,      -0.0008532624356224,       0.0011502605481673,       0.0050643453086221
      144.4380922858874499,       0.0048311559384004,       0.0023394560729751,       0.0048311559384004,      52.3251886765596552,      -0.0003491873648756,       0.0023394560729751,      -0.0003491873648756,       0.0114610293245958
      144.4372866490873264,       0.0036304662895113,      -0.0009448154107429,       0.0036304662895113,      52.3262536604198658,       0.0014603357976973,      -0.0009448154107429,       0.0014603357976973,       0.0172316970275564
      144.4378111192966401,       0.0020230290389594,       0.0006465240066652,       0.0020230290389594,      52.3270006299631589,       0.0006007273274265,       0.0006465240066652,       0.0006007273274265,       0.0203786340013863
      144.4378662368681887,       0.0008127630429483,      -0.0004935077164542,       0.0008127630429483,      52.3274371291690557,       0.0011365837666811,      -0.0004935077164542,       0.0011365837666811,       0.0222564253503478
      144.4379221362127055,      -0.0003169156286033,      -0.0000842984833991,      -0.0003169156286033,      52.3268568932087561,       0.0006192891285351,      -0.0000842984833991,       0.0006192891285351,       0.0232787317336922
      144.4371545292933092,      -0.0020554049131766,       0.0004674743946988,      -0.0020554049131766,      52.3264975279572653,       0.0015526352954495,       0.0004674743946988,       0.0015526352954495,       0.0215100008515990
      144.4373966797699893,      -0.0027800843216269,      -0.0010125383774443,      -0.0027800843216269,      52.3260485562553299,      -0.0004315393026901,      -0.0010125383774443,      -0.0004315393026901,       0.0172927038904215
      144.4366829122969023,      -0.0042277508665945,       0.0003218473245111,      -0.0042277508665945,      52.3253652486039798,       0.0017611729979394,       0.0003218473245111,       0.0017611729979394,       0.0114623173144818
      144.4388782206602286,      -0.0051114059054328,      -0.0024919941684715,      -0.0051114059054328,      52.3249337367784477,      -0.0010963844199325,      -0.0024919941684715,      -0.0010963844199325,       0.0037605025455162
      144.4403390337723465,      -0.0052527490719642,      -0.0020712580801397,      -0.0052527490719642,      52.3244875111928422,      -0.0001545311831257,      -0.0020712580801397,      -0.0001545311831257,      -0.0063929946677659
      144.4454919837982629,      -0.0058942017185939,      -0.0014776750658750,      -0.0058942017185939,      52.3250641468040598,      -0.0003005111556130,      -0.0014776750658750,      -0.0003005111556130,      -0.0140381114422920
      144.4471039567595199,      -0.0045780699640988,      -0.0053056959590965,      -0.0045780699640988,      52.3238596479497389,      -0.0046190010781168,      -0.0053056959590965,      -0.0046190010781168,      -0.0256466168994226
      144.4551228832044671,      -0.0032308520179418,       0.0010424644091859,      -0.0032308520179418,      52.3276116042731587,       0.0033163047476687,       0.0010424644091859,       0.0033163047476687,      -0.0300043700500807
      144.4512448323870046,      -0.0039738784204074,      -0.0007853500632589,      -0.0039738784204074,      52.3214889991129937,      -0.0160879992776370,      -0.0007853500632589,      -0.0160879992776370,      -0.0377260800812296
      144.4546946666060876,       0.0000000000029487,      -0.0000000000039954,       0.0000000000029487,      52.3200585895798440,      -0.0382741908576050,      -0.0000000000039954,      -0.0382741908576050,      -0.0413036017322848
      144.4512448323672231,       0.0039738783975159,       0.0007853500561768,       0.0039738783975159,      52.3214889990415415,      -0.0160879992675613,       0.0007853500561768,      -0.0160879992675613,      -0.0377260801422176
      144.4551228832966103,       0.0032308520061735,      -0.0010424644233900,       0.0032308520061735,      52.3276116043545656,       0.0033163047542426,      -0.0010424644233900,       0.0033163047542426,      -0.0300043699945469
      144.4471039564660657,       0.0045780699942518,       0.0053056959675541,       0.0045780699942518,      52.3238596477194662,      -0.0046190010764987,       0.0053056959675541,      -0.0046190010764987,      -0.0256466170881527
      144.4454919840624996,       0.0058942017362437,       0.0014776750877751,       0.0058942017362437,      52.3250641468810969,      -0.0003005111601069,       0.0014776750877751,      -0.0003005111601069,      -0.0140381113755238
      144.4403390336838697,       0.0052527490664980,       0.0020712580690457,       0.0052527490664980,      52.3244875111150236,      -0.0001545311853398,       0.0020712580690457,      -0.0001545311853398,      -0.0063929947557134
      144.4388782205576831,       0.0051114058901443,       0.0024919941810706,       0.0051114058901443,      52.3249337366970693,      -0.0010963844062378,       0.0024919941810706,      -0.0010963844062378,       0.0037605025002674
      144.4366829127382346,       0.0042277508744693,      -0.0003218473374194,       0.0042277508744693,      52.3253652491367447,       0.0017611730084428,      -0.0003218473374194,       0.0017611730084428,       0.0114623177638389
      144.4373966795743911,       0.0027800843134624,       0.0010125383885102,       0.0027800843134624,      52.3260485562052864,      -0.0004315393120670,       0.0010125383885102,      -0.0004315393120670,       0.0172927038300851
      144.4371545294187058,       0.0020554048946980,      -0.0004674743848094,       0.0020554048946980,      52.3264975281132791,       0.0015526352795680,      -0.0004674743848094,       0.0015526352795680,       0.0215100010021498
      144.4379221362803492,       0.0003169156523022,       0.0000842984694611,       0.0003169156523022,      52.3268568933175189,       0.0006192891213516,       0.0000842984694611,       0.0006192891213516,       0.0232787318113688
      144.4377693255298709,      -0.0007076063643519,      -0.0018377575503483,      -0.0007076063643519,      52.3263251726159382,       0.0008409038874787,      -0.0018377575503483,       0.0008409038874787,       0.0240805312537386
      144.4372456516491923,      -0.0010499244012744,       0.0025539069594265,      -0.0010499244012744,      52.3262550584665362,       0.0000599007444302,       0.0025539069594265,       0.0000599007444302,       0.0224392962027098
