        0.0000045007316403,      -0.0000000053107393,      -0.0030003592522617,      -0.0000000053107393,      -0.0000000044674350,      -0.0000000052949496,      -0.0030003592522617,      -0.0000000052949496,      -0.0000068278497185
        0.0000045051741879,      -0.0000000063201287,      -0.0030003391011826,      -0.0000000063201287,      -0.0000000154910940,      -0.0000000165288626,      -0.0030003391011826,      -0.0000000165288626,      -0.0000068233759444
        0.0000045098221686,      -0.0000000038750677,      -0.0030002996614647,      -0.0000000038750677,      -0.0000000248227493,      -0.0000000257562189,      -0.0030002996614647,      -0.0000000257562189,      -0.0000068209844207
        0.0000045143516360,      -0.0000000075416982,      -0.0030002433038798,      -0.0000000075416982,      -0.0000000336331922,      -0.0000000343424650,      -0.0030002433038798,      -0.0000000343424650,      -0.0000068166673662
        0.0000045188594245,      -0.0000000010145771,      -0.0030001732712121,      -0.0000000010145771,      -0.0000000398497254,      -0.0000000399109389,      -0.0030001732712121,      -0.0000000399109389,      -0.0000068179958968
        0.0000045222265433,      -0.0000000048438508,      -0.0030000950016695,      -0.0000000048438508,      -0.0000000415118495,      -0.0000000406989201,      -0.0030000950016695,      -0.0000000406989201,      -0.0000068165603695
        0.0000045218792901,      -0.0000000103411924,      -0.0030000156704009,      -0.0000000103411924,      -0.0000000455983527,      -0.0000000440900867,      -0.0030000156704009,      -0.0000000440900867,      -0.0000068147677802
        0.0000045238044001,       0.0000000402671052,      -0.0029999418670553,       0.0000000402671052,      -0.0000000314954077,      -0.0000000286683272,      -0.0029999418670553,      -0.0000000286683272,      -0.0000068285463900
        0.0000045155005327,      -0.0000000721039280,      -0.0029998824669075,      -0.0000000721039280,      -0.0000000340182875,      -0.0000000286834418,      -0.0029998824669075,      -0.0000000286834418,      -0.0000068127731157
        0.0000045054759639,      -0.0000003596570977,      -0.0029998472831154,      -0.0000003596570977,      -0.0000000559754703,      -0.0000000544265664,      -0.0029998472831154,      -0.0000000544265664,      -0.0000067875691852
        0.0000045021241746,      -0.0000005086797153,      -0.0029998356169558,      -0.0000005086797153,      -0.0000000057889185,      -0.0000000093137110,      -0.0029998356169558,      -0.0000000093137110,      -0.0000068276573053
        0.0000044984882955,      -0.0000003590433046,      -0.0029998476757858,      -0.0000003590433046,       0.0000000451754180,       0.0000000458398774,      -0.0029998476757858,       0.0000000458398774,      -0.0000068681068756
        0.0000044876374427,      -0.0000000716061129,      -0.0029998827370674,      -0.0000000716061129,       0.0000000246248855,       0.0000000302950244,      -0.0029998827370674,       0.0000000302950244,      -0.0000068433800089
        0.0000044781793167,       0.0000000408813303,      -0.0029999422039501,       0.0000000408813303,       0.0000000234677808,       0.0000000287906891,      -0.0029999422039501,       0.0000000287906891,      -0.0000068277638998
        0.0000044787862237,      -0.0000000095713893,      -0.0030000161956434,      -0.0000000095713893,       0.0000000392874148,       0.0000000437043623,      -0.0030000161956434,       0.0000000437043623,      -0.0000068417990955
        0.0000044772373919,      -0.0000000041880901,      -0.0030000955274899,      -0.0000000041880901,       0.0000000370801334,       0.0000000409802806,      -0.0030000955274899,       0.0000000409802806,      -0.0000068404999777
        0.0000044796331584,      -0.0000000004262799,      -0.0030001738050723,      -0.0000000004262799,       0.0000000371632849,       0.0000000397675955,      -0.0030001738050723,       0.0000000397675955,      -0.0000068396478325
        0.0000044835155386,      -0.0000000071066492,      -0.0030002438216808,      -0.0000000071066492,       0.0000000324779227,       0.0000000344120861,      -0.0030002438216808,       0.0000000344120861,      -0.0000068416527619
        0.0000044877040168,      -0.0000000035817441,      -0.0030003000463073,      -0.0000000035817441,       0.0000000248508161,       0.0000000257292855,      -0.0030003000463073,       0.0000000257292855,      -0.0000068379950602
        0.0000044922287004,      -0.0000000061539205,      -0.0030003393794579,      -0.0000000061539205,       0.0000000163174310,       0.0000000165185443,      -0.0030003393794579,       0.0000000165185443,      -0.0000068361210350
        0.0000044966408194,      -0.0000000052598866,      -0.0030003593294874,      -0.0000000052598866,       0.0000000056931633,       0.0000000052753688,      -0.0030003593294874,       0.0000000052753688,      -0.0000068319398001
        0.0000045010748063,      -0.0000000165617593,      -0.0030003817036568,      -0.0000000165617593,      -0.0000000052088928,      -0.0000000165123713,      -0.0030003817036568,      -0.0000000165123713,      -0.0000068274745791
        0.0000045042652053,      -0.0000000154672873,      -0.0030003611536877,      -0.0000000154672873,      -0.0000000139156460,      -0.0000000475364959,      -0.0030003611536877,      -0.0000000475364959,      -0.0000068254872581
        0.0000045093960126,      -0.0000000175763854,      -0.0030003211365599,      -0.0000000175763854,      -0.0000000249553581,      -0.0000000769469188,      -0.0030003211365599,      -0.0000000769469188,      -0.0000068191759854
        0.0000045142560755,      -0.0000000125071644,      -0.0030002625871504,      -0.0000000125071644,      -0.0000000322247287,      -0.0000001004089477,      -0.0030002625871504,      -0.0000001004089477,      -0.0000068233790008
        0.0000045198173859,      -0.0000000156656861,      -0.0030001893525425,      -0.0000000156656861,      -0.0000000380741053,      -0.0000001169293076,      -0.0030001893525425,      -0.0000001169293076,      -0.0000068162337316
        0.0000045217914800,      -0.0000000087840660,      -0.0030001065941206,      -0.0000000087840660,      -0.0000000461300785,      -0.0000001255194933,      -0.0030001065941206,      -0.0000001255194933,      -0.0000068203142592
        0.0000045296086787,       0.0000000050467481,      -0.0030000198707613,       0.0000000050467481,      -0.0000000319584671,      -0.0000001161645997,      -0.0030000198707613,      -0.0000001161645997,      -0.0000068323955172
        0.0000045169991858,      -0.0000000414201341,      -0.0029999413421697,      -0.0000000414201341,      -0.0000000556238750,      -0.0000001093623388,      -0.0029999413421697,      -0.0000001093623388,      -0.0000067977548480
        0.0000045239666309,       0.0000000736664557,      -0.0029998775728737,       0.0000000736664557,      -0.0000000182828860,      -0.0000000740903883,      -0.0029998775728737,      -0.0000000740903883,      -0.0000068517113914
        0.0000045267704518,       0.0000003807463838,      -0.0029998250800771,       0.0000003807463838,       0.0000000904252669,      -0.0000000010816764,      -0.0029998250800771,      -0.0000000010816764,      -0.0000069383981308
        0.0000045023765257,       0.0000005425530098,      -0.0029998049517778,       0.0000005425530098,      -0.0000000039836198,       0.0000000077394075,      -0.0029998049517778,       0.0000000077394075,      -0.0000068295827277
        0.0000044776057874,       0.0000003812738047,      -0.0029998244700654,       0.0000003812738047,      -0.0000000993625256,       0.0000000079894987,      -0.0029998244700654,       0.0000000079894987,      -0.0000067197119346
        0.0000044794845133,       0.0000000752251330,      -0.0029998778299960,       0.0000000752251330,       0.0000000089602854,       0.0000000724851072,      -0.0029998778299960,       0.0000000724851072,      -0.0000068051444697
        0.0000044850491230,      -0.0000000393924912,      -0.0029999418278054,      -0.0000000393924912,       0.0000000479391404,       0.0000001091972761,      -0.0029999418278054,       0.0000001091972761,      -0.0000068591111577
        0.0000044709880418,       0.0000000071258566,      -0.0030000201710184,       0.0000000071258566,       0.0000000260702117,       0.0000001164224417,      -0.0030000201710184,       0.0000001164224417,      -0.0000068246698844
        0.0000044774276449,      -0.0000000067470986,      -0.0030001071345072,      -0.0000000067470986,       0.0000000419703224,       0.0000001253010454,      -0.0030001071345072,       0.0000001253010454,      -0.0000068369027364
        0.0000044784297416,      -0.0000000139934703,      -0.0030001898993955,      -0.0000000139934703,       0.0000000356718318,       0.0000001170885084,      -0.0030001898993955,       0.0000001170885084,      -0.0000068414783737
        0.0000044833622100,      -0.0000000112297431,      -0.0030002630418366,      -0.0000000112297431,       0.0000000312464136,       0.0000001003585626,      -0.0030002630418366,       0.0000001003585626,      -0.0000068349201810
        0.0000044879856860,      -0.0000000167304664,      -0.0030003216002891,      -0.0000000167304664,       0.0000000250897448,       0.0000000769673663,      -0.0030003216002891,       0.0000000769673663,      -0.0000068397391181
        0.0000044930622379,      -0.0000000149956887,      -0.0030003613817156,      -0.0000000149956887,       0.0000000147819549,       0.0000000474901075,      -0.0030003613817156,       0.0000000474901075,      -0.0000068339625185
        0.0000044962835203,      -0.0000000164120194,      -0.0030003818390456,      -0.0000000164120194,       0.0000000064359789,       0.0000000164605225,      -0.0030003818390456,       0.0000000164605225,      -0.0000068322646511
        0.0000044983438727,      -0.0000000257008130,      -0.0030004247084841,      -0.0000000257008130,      -0.0000000028221503,      -0.0000000256272474,      -0.0030004247084841,      -0.0000000256272474,      -0.0000068301463128
        0.0000045051979807,      -0.0000000270342936,      -0.0030004038464064,      -0.0000000270342936,      -0.0000000144372049,      -0.0000000766504275,      -0.0030004038464064,      -0.0000000766504275,      -0.0000068229844885
        0.0000045064001581,      -0.0000000242856896,      -0.0030003621136179,      -0.0000000242856896,      -0.0000000211591496,      -0.0000001223774755,      -0.0030003621136179,      -0.0000001223774755,      -0.0000068284367881
        0.0000045157617480,      -0.0000000263281541,      -0.0030003002790343,      -0.0000000263281541,      -0.0000000303911475,      -0.0000001613400692,      -0.0030003002790343,      -0.0000001613400692,      -0.0000068191157311
        0.0000045174638359,      -0.0000000193828242,      -0.0030002211370922,      -0.0000000193828242,      -0.0000000382935200,      -0.0000001886680535,      -0.0030002211370922,      -0.0000001886680535,      -0.0000068299786974
        0.0000045318159396,      -0.0000000142949040,      -0.0030001276320818,      -0.0000000142949040,      -0.0000000331040015,      -0.0000001982769416,      -0.0030001276320818,      -0.0000001982769416,      -0.0000068320723629
        0.0000045200033796,      -0.0000000215993216,      -0.0030000321915359,      -0.0000000215993216,      -0.0000000559978457,      -0.0000001961275363,      -0.0030000321915359,      -0.0000001961275363,      -0.0000068116032905
        0.0000045421823025,       0.0000000407123743,      -0.0029999385549896,       0.0000000407123743,      -0.0000000093928900,      -0.0000001616891447,      -0.0029999385549896,      -0.0000001616891447,      -0.0000068766389925
        0.0000045191171104,      -0.0000000525863855,      -0.0029998577759791,      -0.0000000525863855,      -0.0000000399498831,      -0.0000001220957380,      -0.0029998577759791,      -0.0000001220957380,      -0.0000067996881651
        0.0000044906160434,      -0.0000003800533477,      -0.0029998234257981,      -0.0000003800533477,      -0.0000001833969313,      -0.0000000992494872,      -0.0029998234257981,      -0.0000000992494872,      -0.0000066543629986
        0.0000045028025223,      -0.0000005600726932,      -0.0029998159044724,      -0.0000005600726932,      -0.0000000065347410,      -0.0000000054958305,      -0.0029998159044724,      -0.0000000054958305,      -0.0000068280815030
        0.0000045146324213,      -0.0000003784631680,      -0.0029998245310275,      -0.0000003784631680,       0.0000001726323657,       0.0000000941724415,      -0.0029998245310275,       0.0000000941724415,      -0.0000070032943126
        0.0000044848343262,      -0.0000000501602756,      -0.0029998577258485,      -0.0000000501602756,       0.0000000320940352,       0.0000001227442700,      -0.0029998577258485,       0.0000001227442700,      -0.0000068593631944
        0.0000044600718422,       0.0000000438536561,      -0.0029999385357328,       0.0000000438536561,       0.0000000025682331,       0.0000001614055050,      -0.0029999385357328,       0.0000001614055050,      -0.0000067817265623
        0.0000044803612121,      -0.0000000181435589,      -0.0030000326665767,      -0.0000000181435589,       0.0000000507453602,       0.0000001958888627,      -0.0030000326665767,       0.0000001958888627,      -0.0000068461413841
        0.0000044670214497,      -0.0000000111350653,      -0.0030001279770335,      -0.0000000111350653,       0.0000000296735929,       0.0000001984149688,      -0.0030001279770335,       0.0000001984149688,      -0.0000068256463259
        0.0000044802327371,      -0.0000000166939444,      -0.0030002216009832,      -0.0000000166939444,       0.0000000363327768,       0.0000001886264290,      -0.0030002216009832,       0.0000001886264290,      -0.0000068277988462
        0.0000044814432795,      -0.0000000243574075,      -0.0030003008649965,      -0.0000000243574075,       0.0000000297560244,       0.0000001614508446,      -0.0030003008649965,       0.0000001614508446,      -0.0000068391069060
        0.0000044906760428,      -0.0000000229740069,      -0.0030003624521947,      -0.0000000229740069,       0.0000000214504541,       0.0000001223457884,      -0.0030003624521947,       0.0000001223457884,      -0.0000068303625792
        0.0000044920233988,      -0.0000000263222673,      -0.0030004042423022,      -0.0000000263222673,       0.0000000153388433,       0.0000000766281052,      -0.0030004042423022,       0.0000000766281052,      -0.0000068363265507
        0.0000044989995696,      -0.0000000254741959,      -0.0030004247172151,      -0.0000000254741959,       0.0000000040131189,       0.0000000255463414,      -0.0030004247172151,       0.0000000255463414,      -0.0000068294898973
        0.0000045042585892,      -0.0000000340966900,      -0.0030004845426964,      -0.0000000340966900,      -0.0000000047421314,      -0.0000000339965625,      -0.0030004845426964,      -0.0000000339965625,      -0.0000068241509413
        0.0000044966804397,      -0.0000000335988201,      -0.0030004635843341,      -0.0000000335988201,      -0.0000000093261191,      -0.0000000994467235,      -0.0030004635843341,      -0.0000000994467235,      -0.0000068334484725
        0.0000045115924491,      -0.0000000349781295,      -0.0030004195941418,      -0.0000000349781295,      -0.0000000190301415,      -0.0000001604366310,      -0.0030004195941418,      -0.0000001604366310,      -0.0000068224862504
        0.0000045058849816,      -0.0000000319090254,      -0.0030003544452610,      -0.0000000319090254,      -0.0000000255685691,      -0.0000002115316693,      -0.0030003544452610,      -0.0000002115316693,      -0.0000068373856417
        0.0000045312683821,      -0.0000000276742317,      -0.0030002645004419,      -0.0000000276742317,      -0.0000000269811766,      -0.0000002466998674,      -0.0030002645004419,      -0.0000002466998674,      -0.0000068359093500
        0.0000045158211298,      -0.0000000265675903,      -0.0030001622796763,      -0.0000000265675903,      -0.0000000440487490,      -0.0000002643505900,      -0.0030001622796763,      -0.0000002643505900,      -0.0000068313482417
        0.0000045546712760,       0.0000000036728411,      -0.0030000458946423,       0.0000000036728411,      -0.0000000143006197,      -0.0000002516804558,      -0.0030000458946423,      -0.0000002516804558,      -0.0000068801560521
        0.0000045164454944,      -0.0000000404274549,      -0.0029999368187974,      -0.0000000404274549,      -0.0000000597678189,      -0.0000002216478270,      -0.0029999368187974,      -0.0000002216478270,      -0.0000067920357337
        0.0000045324661753,       0.0000000477676513,      -0.0029998567212846,       0.0000000477676513,      -0.0000000215992244,      -0.0000001663414451,      -0.0029998567212846,      -0.0000001663414451,      -0.0000068744656861
        0.0000045498711859,       0.0000004277158817,      -0.0029997766929358,       0.0000004277158817,       0.0000001820504055,      -0.0000000635866800,      -0.0029997766929358,      -0.0000000635866800,      -0.0000070667939465
        0.0000045034996096,       0.0000006463473855,      -0.0029997397468216,       0.0000006463473855,      -0.0000000017036299,       0.0000000013483983,      -0.0029997397468216,       0.0000000013483983,      -0.0000068335089979
        0.0000044563664292,       0.0000004293605319,      -0.0029997753584844,       0.0000004293605319,      -0.0000001875253030,       0.0000000640674059,      -0.0029997753584844,       0.0000000640674059,      -0.0000065977445453
        0.0000044722381276,       0.0000000510219403,      -0.0029998568367585,       0.0000000510219403,       0.0000000146274279,       0.0000001650801260,      -0.0029998568367585,       0.0000001650801260,      -0.0000067869230844
        0.0000044860099165,      -0.0000000362705680,      -0.0029999368436350,      -0.0000000362705680,       0.0000000544399882,       0.0000002212724470,      -0.0029999368436350,       0.0000002212724470,      -0.0000068683378638
        0.0000044454725333,       0.0000000080871584,      -0.0030000457836132,       0.0000000080871584,       0.0000000104006314,       0.0000002514337466,      -0.0030000457836132,       0.0000002514337466,      -0.0000067791159618
        0.0000044823590180,      -0.0000000223806975,      -0.0030001626396901,      -0.0000000223806975,       0.0000000414435966,       0.0000002643248600,      -0.0030001626396901,       0.0000002643248600,      -0.0000068268523057
        0.0000044657734026,      -0.0000000242837418,      -0.0030002649468618,      -0.0000000242837418,       0.0000000257568072,       0.0000002468245237,      -0.0030002649468618,       0.0000002468245237,      -0.0000068220459233
        0.0000044906725813,      -0.0000000293744105,      -0.0030003548692206,      -0.0000000293744105,       0.0000000252793793,       0.0000002115861818,      -0.0030003548692206,       0.0000002115861818,      -0.0000068206766415
        0.0000044851367198,      -0.0000000333731637,      -0.0030004202043519,      -0.0000000333731637,       0.0000000194815645,       0.0000001605224214,      -0.0030004202043519,       0.0000001605224214,      -0.0000068360664927
        0.0000045003984609,      -0.0000000327213136,      -0.0030004637729344,      -0.0000000327213136,       0.0000000101822885,       0.0000000993893639,      -0.0030004637729344,       0.0000000993893639,      -0.0000068256570498
        0.0000044931145371,      -0.0000000338313808,      -0.0030004848169324,      -0.0000000338313808,       0.0000000057990792,       0.0000000339295916,      -0.0030004848169324,       0.0000000339295916,      -0.0000068352930081
        0.0000044882092113,      -0.0000000392673261,      -0.0030005567710288,      -0.0000000392673261,      -0.0000000006408196,      -0.0000000391595392,      -0.0030005567710288,      -0.0000000391595392,      -0.0000068401072580
        0.0000045105608916,      -0.0000000392597065,      -0.0030005339879914,      -0.0000000392597065,      -0.0000000077499203,      -0.0000001150763202,      -0.0030005339879914,      -0.0000001150763202,      -0.0000068214257850
        0.0000044892524186,      -0.0000000413653988,      -0.0030004914595305,      -0.0000000413653988,      -0.0000000118380052,      -0.0000001863074222,      -0.0030004914595305,      -0.0000001863074222,      -0.0000068427415209
        0.0000045289686432,      -0.0000000357082664,      -0.0030004163797397,      -0.0000000357082664,      -0.0000000143503782,      -0.0000002450138697,      -0.0030004163797397,      -0.0000002450138697,      -0.0000068399582248
        0.0000044989213731,      -0.0000000394812097,      -0.0030003239319719,      -0.0000000394812097,      -0.0000000267183233,      -0.0000002889217633,      -0.0030003239319719,      -0.0000002889217633,      -0.0000068441247299
        0.0000045634812205,      -0.0000000165992034,      -0.0030001981250732,      -0.0000000165992034,      -0.0000000110287936,      -0.0000003055904331,      -0.0030001981250732,      -0.0000003055904331,      -0.0000068875537061
        0.0000045086510849,      -0.0000000325067337,      -0.0030000707334831,      -0.0000000325067337,      -0.0000000429754892,      -0.0000002967102344,      -0.0030000707334831,      -0.0000002967102344,      -0.0000068195870245
        0.0000045689708505,       0.0000000242146857,      -0.0029999461428407,       0.0000000242146857,      -0.0000000029179741,      -0.0000002606019835,      -0.0029999461428407,      -0.0000002606019835,      -0.0000069280100274
        0.0000045411435683,      -0.0000000031050424,      -0.0029998184198086,      -0.0000000031050424,      -0.0000000033571406,      -0.0000001814569140,      -0.0029998184198086,      -0.0000001814569140,      -0.0000068547076324
        0.0000044904184674,      -0.0000004106453448,      -0.0029997630682589,      -0.0000004106453448,      -0.0000002002664640,      -0.0000001041434234,      -0.0029997630682589,      -0.0000001041434234,      -0.0000066073181939
        0.0000045040843668,      -0.0000006625812369,      -0.0029997589145651,      -0.0000006625812369,      -0.0000000044570428,       0.0000000009324600,      -0.0029997589145651,       0.0000000009324600,      -0.0000068317330079
        0.0000045172335316,      -0.0000004086377060,      -0.0029997639020471,      -0.0000004086377060,       0.0000001938133384,       0.0000001045447316,      -0.0029997639020471,       0.0000001045447316,      -0.0000070578321164
        0.0000044643361587,       0.0000000006507834,      -0.0029998176125730,       0.0000000006507834,      -0.0000000003678225,       0.0000001804098863,      -0.0029998176125730,       0.0000001804098863,      -0.0000068110077685
        0.0000044336712069,       0.0000000290391669,      -0.0029999458583400,       0.0000000290391669,      -0.0000000004044223,       0.0000002597578239,      -0.0029999458583400,       0.0000002597578239,      -0.0000067352101411
        0.0000044911825746,      -0.0000000273960488,      -0.0030000705022350,      -0.0000000273960488,       0.0000000406934256,       0.0000002964633770,      -0.0030000705022350,       0.0000002964633770,      -0.0000068413219778
        0.0000044340249904,      -0.0000000118794132,      -0.0030001981338456,      -0.0000000118794132,       0.0000000097667731,       0.0000003054438462,      -0.0030001981338456,       0.0000003054438462,      -0.0000067716216530
        0.0000044972437768,      -0.0000000355589309,      -0.0030003242610292,      -0.0000000355589309,       0.0000000261584747,       0.0000002890825465,      -0.0030003242610292,       0.0000002890825465,      -0.0000068138801964
        0.0000044669261240,      -0.0000000329346129,      -0.0030004169967058,      -0.0000000329346129,       0.0000000144896346,       0.0000002451835971,      -0.0030004169967058,       0.0000002451835971,      -0.0000068178979630
        0.0000045070408220,      -0.0000000395755991,      -0.0030004918472457,      -0.0000000395755991,       0.0000000122955797,       0.0000001863774165,      -0.0030004918472457,       0.0000001863774165,      -0.0000068154477211
        0.0000044864296541,      -0.0000000383457859,      -0.0030005345769264,      -0.0000000383457859,       0.0000000084506593,       0.0000001151061750,      -0.0030005345769264,       0.0000001151061750,      -0.0000068373470929
        0.0000045092509913,      -0.0000000389797542,      -0.0030005567047812,      -0.0000000389797542,       0.0000000014026397,       0.0000000390853776,      -0.0030005567047812,       0.0000000390853776,      -0.0000068190635163
        0.0000045155263045,      -0.0000000399129574,      -0.0030006328034521,      -0.0000000399129574,      -0.0000000000384499,      -0.0000000398019078,      -0.0030006328034521,      -0.0000000398019078,      -0.0000068126983088
        0.0000044747825785,      -0.0000000457043402,      -0.0030006145293311,      -0.0000000457043402,      -0.0000000026048255,      -0.0000001225057793,      -0.0030006145293311,      -0.0000001225057793,      -0.0000068494973267
        0.0000045266531961,      -0.0000000360969599,      -0.0030005619198462,      -0.0000000360969599,      -0.0000000004880480,      -0.0000001944133733,      -0.0030005619198462,      -0.0000001944133733,      -0.0000068368267458
        0.0000044730396033,      -0.0000000510539223,      -0.0030004948694406,      -0.0000000510539223,      -0.0000000095771701,      -0.0000002605804434,      -0.0030004948694406,      -0.0000002605804434,      -0.0000068489878459
        0.0000045674233615,      -0.0000000244965593,      -0.0030003763823397,      -0.0000000244965593,       0.0000000019476565,      -0.0000003032722662,      -0.0030003763823397,      -0.0000003032722662,      -0.0000068963762550
        0.0000044856777877,      -0.0000000426607947,      -0.0030002516882962,      -0.0000000426607947,      -0.0000000181058720,      -0.0000003236073738,      -0.0030002516882962,      -0.0000003236073738,      -0.0000068391631514
        0.0000045960156689,      -0.0000000065690301,      -0.0030000976191566,      -0.0000000065690301,       0.0000000001515381,      -0.0000003194570546,      -0.0030000976191566,      -0.0000003194570546,      -0.0000069525291824
        0.0000045238174791,      -0.0000000109723784,      -0.0029999390235902,      -0.0000000109723784,      -0.0000000029148689,      -0.0000002614826410,      -0.0029999390235902,      -0.0000002614826410,      -0.0000068490107881
        0.0000045294899490,      -0.0000000189118361,      -0.0029998385319833,      -0.0000000189118361,      -0.0000000391952220,      -0.0000002091038751,      -0.0029998385319833,      -0.0000002091038751,      -0.0000068592765050
        0.0000045516395961,       0.0000004386491310,      -0.0029997494160931,       0.0000004386491310,       0.0000001326082545,      -0.0000001284728768,      -0.0029997494160931,      -0.0000001284728768,      -0.0000070742350558
        0.0000045048726645,       0.0000007375701441,      -0.0029996929711566,       0.0000007375701441,       0.0000000009631389,      -0.0000000055296046,      -0.0029996929711566,      -0.0000000055296046,      -0.0000068384198424
        0.0000044570622962,       0.0000004409503585,      -0.0029997482237793,       0.0000004409503585,      -0.0000001322706233,       0.0000001223892767,      -0.0029997482237793,       0.0000001223892767,      -0.0000065998203707
        0.0000044768273290,      -0.0000000151189126,      -0.0029998380488202,      -0.0000000151189126,       0.0000000381780584,       0.0000002078718098,      -0.0029998380488202,       0.0000002078718098,      -0.0000068106163456
        0.0000044791729716,      -0.0000000059843848,      -0.0029999377360782,      -0.0000000059843848,       0.0000000024833768,       0.0000002606315947,      -0.0029999377360782,       0.0000002606315947,      -0.0000068176287344
        0.0000044033088445,      -0.0000000011864730,      -0.0030000973437187,      -0.0000000011864730,      -0.0000000003841350,       0.0000003189061715,      -0.0030000973437187,       0.0000003189061715,      -0.0000067104760448
        0.0000045111891472,      -0.0000000377710253,      -0.0030002513520850,      -0.0000000377710253,       0.0000000181909086,       0.0000003235813784,      -0.0030002513520850,       0.0000003235813784,      -0.0000068209766102
        0.0000044278547150,      -0.0000000205188578,      -0.0030003766140212,      -0.0000000205188578,      -0.0000000016171401,       0.0000003033533568,      -0.0030003766140212,       0.0000003033533568,      -0.0000067618686618
        0.0000045221408335,      -0.0000000481855387,      -0.0030004954186208,      -0.0000000481855387,       0.0000000099044724,       0.0000002608276259,      -0.0030004954186208,       0.0000002608276259,      -0.0000068084864375
        0.0000044692497798,      -0.0000000343668319,      -0.0030005625533572,      -0.0000000343668319,       0.0000000009120715,       0.0000001945659994,      -0.0030005625533572,       0.0000001945659994,      -0.0000068209332934
        0.0000045221533856,      -0.0000000447998835,      -0.0030006149522815,      -0.0000000447998835,       0.0000000029245792,       0.0000001225400031,      -0.0030006149522815,       0.0000001225400031,      -0.0000068088254682
        0.0000044821048998,      -0.0000000396583434,      -0.0030006330546545,      -0.0000000396583434,       0.0000000003532685,       0.0000000397669759,      -0.0030006330546545,       0.0000000397669759,      -0.0000068461191870
        0.0000044724877853,      -0.0000000426597407,      -0.0030007107629922,      -0.0000000426597407,      -0.0000000036457278,      -0.0000000425384764,      -0.0030007107629922,      -0.0000000425384764,      -0.0000068556421786
        0.0000045221486425,      -0.0000000304759762,      -0.0030006838239988,      -0.0000000304759762,       0.0000000103600174,      -0.0000001127417564,      -0.0030006838239988,      -0.0000001127417564,      -0.0000068246045643
        0.0000044550373313,      -0.0000000571225036,      -0.0030006476673144,      -0.0000000571225036,       0.0000000003325799,      -0.0000001908151307,      -0.0030006476673144,      -0.0000001908151307,      -0.0000068505538239
        0.0000045588785682,      -0.0000000201266913,      -0.0030005519072076,      -0.0000000201266913,       0.0000000178578422,      -0.0000002462146043,      -0.0030005519072076,      -0.0000002462146043,      -0.0000068949397640
        0.0000044584512637,      -0.0000000566427641,      -0.0030004514396176,      -0.0000000566427641,       0.0000000041565954,      -0.0000002923430617,      -0.0030004514396176,      -0.0000002923430617,      -0.0000068445734669
        0.0000046029794720,      -0.0000000168730846,      -0.0030002916558413,      -0.0000000168730846,       0.0000000119187121,      -0.0000003169026736,      -0.0030002916558413,      -0.0000003169026736,      -0.0000069699119885
        0.0000045061145153,      -0.0000000132509387,      -0.0030001227220350,      -0.0000000132509387,       0.0000000280594427,      -0.0000002902374794,      -0.0030001227220350,      -0.0000002902374794,      -0.0000068740766636
        0.0000045686470054,      -0.0000000322608372,      -0.0029999719855016,      -0.0000000322608372,      -0.0000000281162432,      -0.0000002769443507,      -0.0029999719855016,      -0.0000002769443507,      -0.0000069255770053
        0.0000045810835002,       0.0000000643482088,      -0.0029998084916571,       0.0000000643482088,       0.0000000530803661,      -0.0000001902976861,      -0.0029998084916571,      -0.0000001902976861,      -0.0000069624897702
        0.0000045241554135,      -0.0000003769716355,      -0.0029996899641076,      -0.0000003769716355,      -0.0000000328927807,      -0.0000000559173877,      -0.0029996899641076,      -0.0000000559173877,      -0.0000067474752893
        0.0000045055221969,      -0.0000006994380674,      -0.0029996875732878,      -0.0000006994380674,       0.0000000009964036,       0.0000000052648646,      -0.0029996875732878,       0.0000000052648646,      -0.0000068384304781
        0.0000044856032103,      -0.0000003751614831,      -0.0029996894458311,      -0.0000003751614831,       0.0000000354722985,       0.0000000598300419,      -0.0029996894458311,       0.0000000598300419,      -0.0000069292369582
        0.0000044259412525,       0.0000000681758582,      -0.0029998073402067,       0.0000000681758582,      -0.0000000501077869,       0.0000001885575870,      -0.0029998073402067,       0.0000001885575870,      -0.0000067121188265
        0.0000044343150357,      -0.0000000275773060,      -0.0029999713032943,      -0.0000000275773060,       0.0000000306721456,       0.0000002755950272,      -0.0029999713032943,       0.0000002755950272,      -0.0000067447316598
        0.0000044932482319,      -0.0000000083019194,      -0.0030001209377540,      -0.0000000083019194,      -0.0000000259150343,       0.0000002896420403,      -0.0030001209377540,       0.0000002896420403,      -0.0000067914057422
        0.0000043928486636,      -0.0000000121376913,      -0.0030002917304626,      -0.0000000121376913,      -0.0000000104083402,       0.0000003169245140,      -0.0030002917304626,       0.0000003169245140,      -0.0000066911259513
        0.0000045362703240,      -0.0000000529931924,      -0.0030004513678883,      -0.0000000529931924,      -0.0000000031191317,       0.0000002924192924,      -0.0030004513678883,       0.0000002924192924,      -0.0000068139162185
        0.0000044355375322,      -0.0000000174779732,      -0.0030005523187050,      -0.0000000174779732,      -0.0000000172855610,       0.0000002464529026,      -0.0030005523187050,       0.0000002464529026,      -0.0000067622375493
        0.0000045405700746,      -0.0000000555331836,      -0.0030006486391875,      -0.0000000555331836,      -0.0000000002253813,       0.0000001910390784,      -0.0030006486391875,       0.0000001910390784,      -0.0000068065921529
        0.0000044747822350,      -0.0000000297099727,      -0.0030006840668358,      -0.0000000297099727,      -0.0000000104755731,       0.0000001127937902,      -0.0030006840668358,       0.0000001127937902,      -0.0000068332814703
        0.0000045253808090,      -0.0000000424149444,      -0.0030007113136095,      -0.0000000424149444,       0.0000000033461955,       0.0000000425338503,      -0.0030007113136095,       0.0000000425338503,      -0.0000068027400546
        0.0000045005304299,      -0.0000000276523711,      -0.0030007759794968,      -0.0000000276523711,       0.0000000173724478,      -0.0000000275951977,      -0.0030007759794968,      -0.0000000275951977,      -0.0000068275329388
        0.0000044779593454,      -0.0000000520604413,      -0.0030007597496742,      -0.0000000520604413,      -0.0000000032926226,      -0.0000001053233515,      -0.0030007597496742,      -0.0000001053233515,      -0.0000068386891804
        0.0000045114037258,      -0.0000000099350412,      -0.0030007022492842,      -0.0000000099350412,       0.0000000312754935,      -0.0000001562533008,      -0.0030007022492842,      -0.0000001562533008,      -0.0000068851180439
        0.0000044763536065,      -0.0000000626628576,      -0.0030006287330135,      -0.0000000626628576,       0.0000000153931942,      -0.0000002155199832,      -0.0030006287330135,      -0.0000002155199832,      -0.0000068434036112
        0.0000045422687871,      -0.0000000131471570,      -0.0030004993126677,      -0.0000000131471570,       0.0000000276808721,      -0.0000002545814060,      -0.0030004993126677,      -0.0000002545814060,      -0.0000069577618266
        0.0000045388872050,      -0.0000000234674342,      -0.0030003333979293,      -0.0000000234674342,       0.0000000544033609,      -0.0000002578563972,      -0.0030003333979293,      -0.0000002578563972,      -0.0000069092191211
        0.0000045261094914,      -0.0000000472450946,      -0.0030001667911423,      -0.0000000472450946,      -0.0000000178911479,      -0.0000002747854922,      -0.0030001667911423,      -0.0000002747854922,      -0.0000069276186447
        0.0000046267317420,       0.0000000453676404,      -0.0029999679855178,       0.0000000453676404,       0.0000000984107958,      -0.0000002138063798,      -0.0029999679855178,      -0.0000002138063798,      -0.0000070206550943
        0.0000044695592639,      -0.0000000664911383,      -0.0029998147705397,      -0.0000000664911383,      -0.0000000139131190,      -0.0000001550012206,      -0.0029998147705397,      -0.0000001550012206,      -0.0000068246258266
        0.0000045294630111,       0.0000003160089853,      -0.0029997805498164,       0.0000003160089853,      -0.0000000777523143,      -0.0000001546564198,      -0.0029997805498164,      -0.0000001546564198,      -0.0000068987648663
        0.0000045055747405,       0.0000006816292478,      -0.0029997033835241,       0.0000006816292478,       0.0000000035423910,      -0.0000000072767713,      -0.0029997033835241,      -0.0000000072767713,      -0.0000068424107469
        0.0000044817410793,       0.0000003177769268,      -0.0029997802255498,       0.0000003177769268,       0.0000000849851292,       0.0000001464782673,      -0.0029997802255498,       0.0000001464782673,      -0.0000067851381299
        0.0000045376643288,      -0.0000000634746022,      -0.0029998122998515,      -0.0000000634746022,       0.0000000208236873,       0.0000001535577983,      -0.0029998122998515,       0.0000001535577983,      -0.0000068547495443
        0.0000043766782011,       0.0000000493955776,      -0.0029999666082856,       0.0000000493955776,      -0.0000000928432122,       0.0000002133300867,      -0.0029999666082856,       0.0000002133300867,      -0.0000066527203120
        0.0000044725113766,      -0.0000000429594823,      -0.0030001657851350,      -0.0000000429594823,       0.0000000221872123,       0.0000002742063219,      -0.0030001657851350,       0.0000002742063219,      -0.0000067400371908
        0.0000044569652852,      -0.0000000197311052,      -0.0030003321612891,      -0.0000000197311052,      -0.0000000514184680,       0.0000002573572837,      -0.0030003321612891,       0.0000002573572837,      -0.0000067532022819
        0.0000044512692832,      -0.0000000098260936,      -0.0030004994357016,      -0.0000000098260936,      -0.0000000260959073,       0.0000002551231117,      -0.0030004994357016,       0.0000002551231117,      -0.0000067006200599
        0.0000045178665589,      -0.0000000606367450,      -0.0030006297131186,      -0.0000000606367450,      -0.0000000147301593,       0.0000002155373817,      -0.0030006297131186,       0.0000002155373817,      -0.0000068135514218
        0.0000044838080320,      -0.0000000085836676,      -0.0030007020629832,      -0.0000000085836676,      -0.0000000314885061,       0.0000001564842994,      -0.0030007020629832,       0.0000001564842994,      -0.0000067715571959
        0.0000045190579362,      -0.0000000514263913,      -0.0030007616755926,      -0.0000000514263913,       0.0000000026038532,       0.0000001054550122,      -0.0030007616755926,       0.0000001054550122,      -0.0000068185989877
        0.0000044976001717,      -0.0000000275235284,      -0.0030007748378407,      -0.0000000275235284,      -0.0000000183153911,       0.0000000275790531,      -0.0030007748378407,       0.0000000275790531,      -0.0000068304714837
        0.0000046031932145,      -0.0000000282211077,      -0.0030008256033550,      -0.0000000282211077,      -0.0000000177486231,      -0.0000000281262342,      -0.0030008256033550,      -0.0000000281262342,      -0.0000067248186315
        0.0000043606660699,      -0.0000000169121390,      -0.0030008221017821,      -0.0000000169121390,       0.0000000368362836,      -0.0000000703401721,      -0.0030008221017821,      -0.0000000703401721,      -0.0000069451176630
