       -0.0000044956663309,       0.0000000075960729,      -0.0059958918325058,       0.0000000075960729,       0.0000000078343706,       0.0000000076082142,      -0.0059958918325058,       0.0000000076082142,       0.0000070599865434
       -0.0000045016777437,       0.0000000112552560,      -0.0059959226941164,       0.0000000112552560,       0.0000000143018051,       0.0000000257573645,      -0.0059959226941164,       0.0000000257573645,       0.0000070544914086
       -0.0000045003905173,       0.0000000052439389,      -0.0059959816239934,       0.0000000052439389,       0.0000000209493752,       0.0000000411955401,      -0.0059959816239934,       0.0000000411955401,       0.0000070553284848
       -0.0000045081294021,       0.0000000082586719,      -0.0059960710636234,       0.0000000082586719,       0.0000000252725292,       0.0000000527560438,      -0.0059960710636234,       0.0000000527560438,       0.0000070527940758
       -0.0000045043298531,       0.0000000178127697,      -0.0059961818251990,       0.0000000178127697,       0.0000000312317951,       0.0000000685019146,      -0.0059961818251990,       0.0000000685019146,       0.0000070509558699
       -0.0000045144409616,      -0.0000000323641346,      -0.0059963138165356,      -0.0000000323641346,       0.0000000295699985,       0.0000000632498166,      -0.0059963138165356,       0.0000000632498166,       0.0000070569442861
       -0.0000045044609578,       0.0000000922438322,      -0.0059964489536818,       0.0000000922438322,       0.0000000340793339,       0.0000000771181359,      -0.0059964489536818,       0.0000000771181359,       0.0000070457134868
       -0.0000045130020997,      -0.0000001373398860,      -0.0059965787572851,      -0.0000001373398860,       0.0000000246459055,       0.0000000561557745,      -0.0059965787572851,       0.0000000561557745,       0.0000070631558564
       -0.0000045044246924,      -0.0000000305013737,      -0.0059966902543791,      -0.0000000305013737,       0.0000000159139744,       0.0000000243728573,      -0.0059966902543791,       0.0000000243728573,       0.0000070551934135
       -0.0000044908155194,       0.0000015368281217,      -0.0059967541699002,       0.0000015368281217,       0.0000000498336136,       0.0000001325967733,      -0.0059967541699002,       0.0000001325967733,       0.0000070165816861
       -0.0000044927761463,       0.0000026133341444,      -0.0059967706487752,       0.0000026133341444,       0.0000000021816245,       0.0000000637259765,      -0.0059967706487752,       0.0000000637259765,       0.0000070574958092
       -0.0000044949897420,       0.0000015346635262,      -0.0059967523738374,       0.0000015346635262,      -0.0000000459080293,      -0.0000000855707022,      -0.0059967523738374,      -0.0000000855707022,       0.0000070989924637
       -0.0000044821635902,      -0.0000000298486100,      -0.0059966898875045,      -0.0000000298486100,      -0.0000000119948484,      -0.0000000433177508,      -0.0059966898875045,      -0.0000000433177508,       0.0000070612754483
       -0.0000044747578998,      -0.0000001368483063,      -0.0059965788080783,      -0.0000001368483063,      -0.0000000197302902,      -0.0000000509875911,      -0.0059965788080783,      -0.0000000509875911,       0.0000070538002366
       -0.0000044844996686,       0.0000000920309957,      -0.0059964484133833,       0.0000000920309957,      -0.0000000282418121,      -0.0000000765624109,      -0.0059964484133833,      -0.0000000765624109,       0.0000070716737655
       -0.0000044757075712,      -0.0000000319198161,      -0.0059963135322908,      -0.0000000319198161,      -0.0000000228149986,      -0.0000000651781019,      -0.0059963135322908,      -0.0000000651781019,       0.0000070610559983
       -0.0000044867089917,       0.0000000174142212,      -0.0059961818306126,       0.0000000174142212,      -0.0000000237017918,      -0.0000000663405311,      -0.0059961818306126,      -0.0000000663405311,       0.0000070674060760
       -0.0000044835581227,       0.0000000083628488,      -0.0059960706423193,       0.0000000083628488,      -0.0000000171678100,      -0.0000000541828070,      -0.0059960706423193,      -0.0000000541828070,       0.0000070658949685
       -0.0000044916532143,       0.0000000048225744,      -0.0059959819355126,       0.0000000048225744,      -0.0000000124604216,      -0.0000000400681800,      -0.0059959819355126,      -0.0000000400681800,       0.0000070635431445
       -0.0000044905512240,       0.0000000113051918,      -0.0059959222860313,       0.0000000113051918,      -0.0000000055933705,      -0.0000000262118246,      -0.0059959222860313,      -0.0000000262118246,       0.0000070644788957
       -0.0000044966243266,       0.0000000073497596,      -0.0059958922254606,       0.0000000073497596,       0.0000000009716861,      -0.0000000073374202,      -0.0059958922254606,      -0.0000000073374202,       0.0000070590280011
       -0.0000045023820120,       0.0000000259834502,      -0.0059958525054880,       0.0000000259834502,       0.0000000071940395,       0.0000000260448741,      -0.0059958525054880,       0.0000000260448741,       0.0000070532935211
       -0.0000044936263713,       0.0000000234867249,      -0.0059958808281801,       0.0000000234867249,       0.0000000143020517,       0.0000000745781419,      -0.0059958808281801,       0.0000000745781419,       0.0000070613354158
       -0.0000045091256427,       0.0000000270423802,      -0.0059959453419941,       0.0000000270423802,       0.0000000189247696,       0.0000001209057465,      -0.0059959453419941,       0.0000001209057465,       0.0000070518127361
       -0.0000044964213107,       0.0000000257130407,      -0.0059960317860023,       0.0000000257130407,       0.0000000274615487,       0.0000001638740064,      -0.0059960317860023,       0.0000001638740064,       0.0000070545715307
       -0.0000045199083862,       0.0000000079970971,      -0.0059961552073735,       0.0000000079970971,       0.0000000255113979,       0.0000001887608486,      -0.0059961552073735,       0.0000001887608486,       0.0000070595406424
       -0.0000044958074616,       0.0000000570279468,      -0.0059962868820146,       0.0000000570279468,       0.0000000379324631,       0.0000002150490403,      -0.0059962868820146,       0.0000002150490403,       0.0000070414074668
       -0.0000045281441707,      -0.0000000781580678,      -0.0059964389435929,      -0.0000000781580678,       0.0000000221113725,       0.0000001978077284,      -0.0059964389435929,       0.0000001978077284,       0.0000070787246616
       -0.0000044961275905,       0.0000001364073497,      -0.0059965807431758,       0.0000001364073497,       0.0000000343813455,       0.0000001844509483,      -0.0059965807431758,       0.0000001844509483,       0.0000070308410012
       -0.0000045051430529,       0.0000000447338341,      -0.0059966864273063,       0.0000000447338341,       0.0000000353467889,       0.0000001568126698,      -0.0059966864273063,       0.0000001568126698,       0.0000070562079528
       -0.0000045234773504,      -0.0000015646167835,      -0.0059967845781812,      -0.0000015646167835,      -0.0000001012750123,      -0.0000000335693923,      -0.0059967845781812,      -0.0000000335693923,       0.0000071774380764
       -0.0000044927822622,      -0.0000026720216370,      -0.0059968373793851,      -0.0000026720216370,      -0.0000000000552148,      -0.0000000592077610,      -0.0059968373793851,      -0.0000000592077610,       0.0000070595612643
       -0.0000044624925057,      -0.0000015618160445,      -0.0059967893945865,      -0.0000015618160445,       0.0000001032999554,      -0.0000000092754729,      -0.0059967893945865,      -0.0000000092754729,       0.0000069404127195
       -0.0000044816627315,       0.0000000449958188,      -0.0059966863316471,       0.0000000449958188,      -0.0000000310115694,      -0.0000001387242118,      -0.0059966863316471,      -0.0000001387242118,       0.0000070603673349
       -0.0000044917253846,       0.0000001369029178,      -0.0059965793218350,       0.0000001369029178,      -0.0000000297027825,      -0.0000001895072790,      -0.0059965793218350,      -0.0000001895072790,       0.0000070863179268
       -0.0000044610608153,      -0.0000000772670838,      -0.0059964392511018,      -0.0000000772670838,      -0.0000000164528376,      -0.0000001975421533,      -0.0059964392511018,      -0.0000001975421533,       0.0000070393790709
       -0.0000044944044630,       0.0000000567605210,      -0.0059962867174570,       0.0000000567605210,      -0.0000000314445302,      -0.0000002129947219,      -0.0059962867174570,      -0.0000002129947219,       0.0000070769362971
       -0.0000044712056647,       0.0000000080459627,      -0.0059961544464444,       0.0000000080459627,      -0.0000000183469668,      -0.0000001901461084,      -0.0059961544464444,      -0.0000001901461084,       0.0000070594074175
       -0.0000044951652202,       0.0000000248966199,      -0.0059960327145932,       0.0000000248966199,      -0.0000000197951695,      -0.0000001620679629,      -0.0059960327145932,      -0.0000001620679629,       0.0000070645622094
       -0.0000044827494997,       0.0000000266440387,      -0.0059959441808644,       0.0000000266440387,      -0.0000000109496617,      -0.0000001215060130,      -0.0059959441808644,      -0.0000001215060130,       0.0000070674914301
       -0.0000044983227772,       0.0000000228116502,      -0.0059958821001344,       0.0000000228116502,      -0.0000000061542443,      -0.0000000737278174,      -0.0059958821001344,      -0.0000000737278174,       0.0000070580314443
       -0.0000044895914213,       0.0000000259871380,      -0.0059958512365023,       0.0000000259871380,       0.0000000010241718,      -0.0000000259246846,      -0.0059958512365023,      -0.0000000259246846,       0.0000070660846620
       -0.0000044869808197,       0.0000000408753712,      -0.0059957708468495,       0.0000000408753712,       0.0000000071889796,       0.0000000409609016,      -0.0059957708468495,       0.0000000409609016,       0.0000070687427235
       -0.0000045091851858,       0.0000000415761497,      -0.0059958062700282,       0.0000000415761497,       0.0000000114981237,       0.0000001212435319,      -0.0059958062700282,       0.0000001212435319,       0.0000070495607737
       -0.0000044883910919,       0.0000000425760539,      -0.0059958630807170,       0.0000000425760539,       0.0000000202845875,       0.0000001985594153,      -0.0059958630807170,       0.0000001985594153,       0.0000070621326890
       -0.0000045215016276,       0.0000000336011216,      -0.0059959678988514,       0.0000000336011216,       0.0000000200484499,       0.0000002623576641,      -0.0059959678988514,       0.0000002623576641,       0.0000070581908081
       -0.0000044874725675,       0.0000000540256042,      -0.0059960850449608,       0.0000000540256042,       0.0000000341238991,       0.0000003196961098,      -0.0059960850449608,       0.0000003196961098,       0.0000070478194856
       -0.0000045386635665,      -0.0000000160040401,      -0.0059962493199125,      -0.0000000160040401,       0.0000000203454373,       0.0000003375684244,      -0.0059962493199125,       0.0000003375684244,       0.0000070842717343
       -0.0000044856162886,       0.0000001060628910,      -0.0059964092322083,       0.0000001060628910,       0.0000000432406822,       0.0000003462836506,      -0.0059964092322083,       0.0000003462836506,       0.0000070232023087
       -0.0000045338033962,      -0.0000001108253768,      -0.0059965701084772,      -0.0000001108253768,       0.0000000176693763,       0.0000002990852720,      -0.0059965701084772,       0.0000002990852720,       0.0000071020764764
       -0.0000045132372991,      -0.0000000868722865,      -0.0059967315129354,      -0.0000000868722865,      -0.0000000059177921,       0.0000002017494948,      -0.0059967315129354,       0.0000002017494948,       0.0000070701382273
       -0.0000044658327706,       0.0000015749406935,      -0.0059968006682105,       0.0000015749406935,       0.0000001936094525,       0.0000002182753983,      -0.0059968006682105,       0.0000002182753983,       0.0000068646983820
       -0.0000044930078791,       0.0000027351869982,      -0.0059967916413215,       0.0000027351869982,       0.0000000042282758,       0.0000000503421198,      -0.0059967916413215,       0.0000000503421198,       0.0000070559752587
       -0.0000045203008767,       0.0000015731761401,      -0.0059967921157739,       0.0000015731761401,      -0.0000001881336275,      -0.0000001833377151,      -0.0059967921157739,      -0.0000001833377151,       0.0000072498632987
       -0.0000044738390565,      -0.0000000852877117,      -0.0059967310694682,      -0.0000000852877117,       0.0000000090538384,      -0.0000002174283335,      -0.0059967310694682,      -0.0000002174283335,       0.0000070477602604
       -0.0000044545203344,      -0.0000001095668410,      -0.0059965715272404,      -0.0000001095668410,      -0.0000000130944380,      -0.0000002931171345,      -0.0059965715272404,      -0.0000002931171345,       0.0000070163914831
       -0.0000045038203543,       0.0000001063390835,      -0.0059964078106767,       0.0000001063390835,      -0.0000000380710022,      -0.0000003463766952,      -0.0059964078106767,      -0.0000003463766952,       0.0000070954507206
       -0.0000044518748599,      -0.0000000156200226,      -0.0059962492162145,      -0.0000000156200226,      -0.0000000144857121,      -0.0000003377507462,      -0.0059962492162145,      -0.0000003377507462,       0.0000070354902993
       -0.0000045036476017,       0.0000000530693731,      -0.0059960859409658,       0.0000000530693731,      -0.0000000277270852,      -0.0000003176481392,      -0.0059960859409658,      -0.0000003176481392,       0.0000070720056844
       -0.0000044699630689,       0.0000000327860186,      -0.0059959664679690,       0.0000000327860186,      -0.0000000133191368,      -0.0000002627627109,      -0.0059959664679690,      -0.0000002627627109,       0.0000070619980899
       -0.0000045030899035,       0.0000000412190491,      -0.0059958651109286,       0.0000000412190491,      -0.0000000133594303,      -0.0000001971200228,      -0.0059958651109286,      -0.0000001971200228,       0.0000070580354806
       -0.0000044822236505,       0.0000000408851991,      -0.0059958043064939,       0.0000000408851991,      -0.0000000044938109,      -0.0000001211707870,      -0.0059958043064939,      -0.0000001211707870,       0.0000070705888372
       -0.0000045043467838,       0.0000000403907658,      -0.0059957730352334,       0.0000000403907658,      -0.0000000001563871,      -0.0000000403037293,      -0.0059957730352334,      -0.0000000403037293,       0.0000070513743474
       -0.0000045099584063,       0.0000000536559536,      -0.0059956610582744,       0.0000000536559536,       0.0000000034646112,       0.0000000537701302,      -0.0059956610582744,       0.0000000537701302,       0.0000070458252088
       -0.0000044807360298,       0.0000000588186027,      -0.0059956855384265,       0.0000000588186027,       0.0000000123626757,       0.0000001635499937,      -0.0059956855384265,       0.0000001635499937,       0.0000070714372346
       -0.0000045201673689,       0.0000000491458142,      -0.0059957617259054,       0.0000000491458142,       0.0000000120962215,       0.0000002627683286,      -0.0059957617259054,       0.0000002627683286,       0.0000070545252009
       -0.0000044779205734,       0.0000000679897691,      -0.0059958502111536,       0.0000000679897691,       0.0000000252582960,       0.0000003587225523,      -0.0059958502111536,       0.0000003587225523,       0.0000070584606849
       -0.0000045426031942,       0.0000000232434502,      -0.0059960077085077,       0.0000000232434502,       0.0000000161819622,       0.0000004234039160,      -0.0059960077085077,       0.0000004234039160,       0.0000070840723308
       -0.0000044756868703,       0.0000000889401224,      -0.0059961675954223,       0.0000000889401224,       0.0000000387167746,       0.0000004716107301,      -0.0059961675954223,       0.0000004716107301,       0.0000070326064913
       -0.0000045565083049,      -0.0000000555103846,      -0.0059963732961577,      -0.0000000555103846,       0.0000000128689998,       0.0000004608470405,      -0.0059963732961577,       0.0000004608470405,       0.0000071238183647
       -0.0000044942128099,       0.0000001002439722,      -0.0059965800166138,       0.0000001002439722,       0.0000000315290781,       0.0000004088452388,      -0.0059965800166138,       0.0000004088452388,       0.0000070256735316
       -0.0000044986245698,       0.0000001338166277,      -0.0059967177104922,       0.0000001338166277,       0.0000000601409527,       0.0000003345398833,      -0.0059967177104922,       0.0000003345398833,       0.0000070450222743
       -0.0000045462593565,      -0.0000016207348167,      -0.0059968508298160,      -0.0000016207348167,      -0.0000002244518972,       0.0000000884810677,      -0.0059968508298160,       0.0000000884810677,       0.0000073258587249
       -0.0000044930508995,      -0.0000028693225811,      -0.0059969506094560,      -0.0000028693225811,      -0.0000000021995564,      -0.0000000374170040,      -0.0059969506094560,      -0.0000000374170040,       0.0000070623657268
       -0.0000044405440726,      -0.0000016175269409,      -0.0059968622063759,      -0.0000016175269409,       0.0000002244336123,      -0.0000001116979130,      -0.0059968622063759,      -0.0000001116979130,       0.0000067956536479
       -0.0000044888359975,       0.0000001344917698,      -0.0059967169562983,       0.0000001344917698,      -0.0000000560696000,      -0.0000003211214011,      -0.0059967169562983,      -0.0000003211214011,       0.0000070732289099
       -0.0000044946440950,       0.0000001013650682,      -0.0059965773839075,       0.0000001013650682,      -0.0000000279463414,      -0.0000004134930239,      -0.0059965773839075,      -0.0000004134930239,       0.0000070938536231
       -0.0000044334950966,      -0.0000000545702544,      -0.0059963748091540,      -0.0000000545702544,      -0.0000000085117891,      -0.0000004578967251,      -0.0059963748091540,      -0.0000004578967251,       0.0000069972446929
       -0.0000045151600871,       0.0000000882852526,      -0.0059961673397483,       0.0000000882852526,      -0.0000000339223874,      -0.0000004705053168,      -0.0059961673397483,      -0.0000004705053168,       0.0000070883864489
       -0.0000044486248643,       0.0000000223356727,      -0.0059960069381020,       0.0000000223356727,      -0.0000000110952902,      -0.0000004226577368,      -0.0059960069381020,      -0.0000004226577368,       0.0000070377576970
       -0.0000045132909047,       0.0000000660246119,      -0.0059958525459468,       0.0000000660246119,      -0.0000000200019223,      -0.0000003569968650,      -0.0059958525459468,      -0.0000003569968650,       0.0000070631153735
       -0.0000044707333824,       0.0000000475290848,      -0.0059957595187103,       0.0000000475290848,      -0.0000000068118173,      -0.0000002623594682,      -0.0059957595187103,      -0.0000002623594682,       0.0000070670444308
       -0.0000045098538648,       0.0000000573660904,      -0.0059956887067129,       0.0000000573660904,      -0.0000000070912378,      -0.0000001623988715,      -0.0059956887067129,      -0.0000001623988715,       0.0000070498892656
       -0.0000044804002071,       0.0000000532885688,      -0.0059956581089550,       0.0000000532885688,       0.0000000017791028,      -0.0000000531724919,      -0.0059956581089550,      -0.0000000531724919,       0.0000070753866248
       -0.0000044759056542,       0.0000000677627513,      -0.0059955134005034,       0.0000000677627513,       0.0000000068529361,       0.0000000679093940,      -0.0059955134005034,       0.0000000679093940,       0.0000070799658823
       -0.0000045165126917,       0.0000000576246111,      -0.0059955540542858,       0.0000000576246111,       0.0000000025470175,       0.0000001899245670,      -0.0059955540542858,       0.0000001899245670,       0.0000070486532164
       -0.0000044698999305,       0.0000000834164128,      -0.0059956055480091,       0.0000000834164128,       0.0000000154234905,       0.0000003193572737,      -0.0059956055480091,       0.0000003193572737,       0.0000070698883063
       -0.0000045383489025,       0.0000000425761176,      -0.0059957344772313,       0.0000000425761176,       0.0000000075400721,       0.0000004238634462,      -0.0059957344772313,       0.0000004238634462,       0.0000070799545030
       -0.0000044659001760,       0.0000000971663774,      -0.0059958698647391,       0.0000000971663774,       0.0000000262639191,       0.0000005191568616,      -0.0059958698647391,       0.0000005191568616,       0.0000070481305960
       -0.0000045657557471,      -0.0000000008022506,      -0.0059960900364771,      -0.0000000008022506,       0.0000000092342873,       0.0000005652778729,      -0.0059960900364771,       0.0000005652778729,       0.0000071312101364
       -0.0000044809434998,       0.0000000999297610,      -0.0059963205093810,       0.0000000999297610,       0.0000000308233771,       0.0000005658176783,      -0.0059963205093810,       0.0000005658176783,       0.0000070287432949
       -0.0000045385727502,      -0.0000000298359498,      -0.0059965423534283,      -0.0000000298359498,       0.0000000217338606,       0.0000005156314846,      -0.0059965423534283,       0.0000005156314846,       0.0000071273641285
       -0.0000045519301025,      -0.0000002156731279,      -0.0059967991278000,      -0.0000002156731279,      -0.0000000425470387,       0.0000003574121747,      -0.0059967991278000,       0.0000003574121747,       0.0000071379965327
       -0.0000044665876338,       0.0000015664918832,      -0.0059969567701134,       0.0000015664918832,       0.0000002667133072,       0.0000002467468422,      -0.0059969567701134,       0.0000002467468422,       0.0000067725972596
       -0.0000044935271480,       0.0000029121241973,      -0.0059969358445348,       0.0000029121241973,       0.0000000050777246,       0.0000000226117963,      -0.0059969358445348,       0.0000000226117963,       0.0000070556422843
       -0.0000045202616480,       0.0000015653534856,      -0.0059969422304039,       0.0000015653534856,      -0.0000002614554644,      -0.0000002349973299,      -0.0059969422304039,      -0.0000002349973299,       0.0000073434469172
       -0.0000044367094795,      -0.0000002134540046,      -0.0059968000180727,      -0.0000002134540046,       0.0000000438949836,      -0.0000003644973418,      -0.0059968000180727,      -0.0000003644973418,       0.0000069839094998
       -0.0000044507116549,      -0.0000000287066288,      -0.0059965446837346,      -0.0000000287066288,      -0.0000000188183561,      -0.0000005089701405,      -0.0059965446837346,      -0.0000005089701405,       0.0000069948885434
       -0.0000045099024294,       0.0000001000760996,      -0.0059963179432335,       0.0000001000760996,      -0.0000000279262273,      -0.0000005669643409,      -0.0059963179432335,      -0.0000005669643409,       0.0000070939676456
       -0.0000044254280329,      -0.0000000013445759,      -0.0059960915122130,      -0.0000000013445759,      -0.0000000060977407,      -0.0000005619807234,      -0.0059960915122130,      -0.0000005619807234,       0.0000069930256874
       -0.0000045255191177,       0.0000000950662180,      -0.0059958709555073,       0.0000000950662180,      -0.0000000230428653,      -0.0000005180108964,      -0.0059958709555073,      -0.0000005180108964,       0.0000070755978168
       -0.0000044524236767,       0.0000000402306865,      -0.0059957335420616,       0.0000000402306865,      -0.0000000043786896,      -0.0000004222118860,      -0.0059957335420616,      -0.0000004222118860,       0.0000070439971213
       -0.0000045203142169,       0.0000000808643293,      -0.0059956088523160,       0.0000000808643293,      -0.0000000123468033,      -0.0000003180045529,      -0.0059956088523160,      -0.0000003180045529,       0.0000070533653189
       -0.0000044729356279,       0.0000000558906816,      -0.0059955514308305,       0.0000000558906816,       0.0000000004103559,      -0.0000001889982228,      -0.0059955514308305,      -0.0000001889982228,       0.0000070742831815
       -0.0000045132094009,       0.0000000670868571,      -0.0059955169377275,       0.0000000670868571,      -0.0000000039565825,      -0.0000000669375505,      -0.0059955169377275,      -0.0000000669375505,       0.0000070426551534
       -0.0000045105496514,       0.0000000646700783,      -0.0059953602728212,       0.0000000646700783,      -0.0000000066297655,       0.0000000647861711,      -0.0059953602728212,       0.0000000647861711,       0.0000070453967047
       -0.0000044704290820,       0.0000000889716561,      -0.0059953796466396,       0.0000000889716561,       0.0000000092424975,       0.0000002145305119,      -0.0059953796466396,       0.0000002145305119,       0.0000070775271174
       -0.0000045231335069,       0.0000000475108828,      -0.0059954631917035,       0.0000000475108828,      -0.0000000042571849,       0.0000003387226670,      -0.0059954631917035,       0.0000003387226670,       0.0000070731028238
       -0.0000044632114201,       0.0000001111858925,      -0.0059955570353312,       0.0000001111858925,       0.0000000129534614,       0.0000004714782801,      -0.0059955570353312,       0.0000004714782801,       0.0000070620319774
       -0.0000045533031826,       0.0000000259836457,      -0.0059957499617327,       0.0000000259836457,       0.0000000000387836,       0.0000005656701297,      -0.0059957499617327,       0.0000005656701297,       0.0000071290753745
       -0.0000044785604609,       0.0000001032554405,      -0.0059959715727076,       0.0000001032554405,       0.0000000135214206,       0.0000006256020050,      -0.0059959715727076,       0.0000006256020050,       0.0000070510301790
       -0.0000045520777543,       0.0000000050326653,      -0.0059962409809438,       0.0000000050326653,       0.0000000122291353,       0.0000006407991205,      -0.0059962409809438,       0.0000006407991205,       0.0000071578535946
       -0.0000045486370219,      -0.0000000064421467,      -0.0059965727108019,      -0.0000000064421467,      -0.0000000113761167,       0.0000005487054338,      -0.0059965727108019,       0.0000005487054338,       0.0000071034758723
       -0.0000044559267229,       0.0000002776650961,      -0.0059967872149447,       0.0000002776650961,       0.0000000775534977,       0.0000004435893734,      -0.0059967872149447,       0.0000004435893734,       0.0000070025261497
       -0.0000045436409113,      -0.0000015107861553,      -0.0059969062176809,      -0.0000015107861553,      -0.0000002269476831,       0.0000002458603261,      -0.0059969062176809,       0.0000002458603261,       0.0000073805688443
       -0.0000044935269559,      -0.0000029962788191,      -0.0059970559233337,      -0.0000029962788191,      -0.0000000036368990,      -0.0000000055262272,      -0.0059970559233337,      -0.0000000055262272,       0.0000070655982724
       -0.0000044449029765,      -0.0000015084658831,      -0.0059969215104588,      -0.0000015084658831,       0.0000002249083774,      -0.0000002430581529,      -0.0059969215104588,      -0.0000002430581529,       0.0000067460813725
       -0.0000045322981952,       0.0000002780606058,      -0.0059967840608505,       0.0000002780606058,      -0.0000000755733798,      -0.0000004393682555,      -0.0059967840608505,      -0.0000004393682555,       0.0000071197341891
       -0.0000044424833223,      -0.0000000050465343,      -0.0059965699804606,      -0.0000000050465343,       0.0000000120292217,      -0.0000005503593464,      -0.0059965699804606,      -0.0000005503593464,       0.0000070218289414
       -0.0000044389037138,       0.0000000050052200,      -0.0059962448238316,       0.0000000050052200,      -0.0000000111649732,      -0.0000006349132022,      -0.0059962448238316,      -0.0000006349132022,       0.0000069689513328
       -0.0000045136247906,       0.0000001018034705,      -0.0059959697241749,       0.0000001018034705,      -0.0000000126362525,      -0.0000006259480622,      -0.0059959697241749,      -0.0000006259480622,       0.0000070756123346
       -0.0000044378321373,       0.0000000235265196,      -0.0059957523539203,       0.0000000235265196,       0.0000000006882218,      -0.0000005616076395,      -0.0059957523539203,      -0.0000005616076395,       0.0000069983153709
       -0.0000045274175957,       0.0000001079896940,      -0.0059955586267370,       0.0000001079896940,      -0.0000000123976783,      -0.0000004706670705,      -0.0059955586267370,      -0.0000004706670705,       0.0000070641176338
       -0.0000044659405916,       0.0000000444370631,      -0.0059954630381560,       0.0000000444370631,       0.0000000045881056,      -0.0000003366288720,      -0.0059954630381560,      -0.0000003366288720,       0.0000070525963033
       -0.0000045178596514,       0.0000000868972317,      -0.0059953825139966,       0.0000000868972317,      -0.0000000090464267,      -0.0000002135345101,      -0.0059953825139966,      -0.0000002135345101,       0.0000070471478938
       -0.0000044770255023,       0.0000000637700718,      -0.0059953581388411,       0.0000000637700718,       0.0000000067279773,      -0.0000000636519348,      -0.0059953581388411,      -0.0000000636519348,       0.0000070789285459
       -0.0000044899279879,       0.0000000771155455,      -0.0059951928273525,       0.0000000771155455,       0.0000000101919635,       0.0000000772969909,      -0.0059951928273525,       0.0000000772969909,       0.0000070661220790
       -0.0000044923081109,       0.0000000482126601,      -0.0059952225698916,       0.0000000482126601,      -0.0000000160422752,       0.0000001986970257,      -0.0059952225698916,       0.0000001986970257,       0.0000070757212473
       -0.0000044835391481,       0.0000001111069278,      -0.0059952819540988,       0.0000001111069278,       0.0000000054543032,       0.0000003465286097,      -0.0059952819540988,       0.0000003465286097,       0.0000070634028211
       -0.0000045063384210,       0.0000000323634938,      -0.0059954046829211,       0.0000000323634938,      -0.0000000139392176,       0.0000004614796573,      -0.0059954046829211,       0.0000004614796573,       0.0000071216484729
       -0.0000045052978803,       0.0000001115544775,      -0.0059955963494760,       0.0000001115544775,      -0.0000000046990273,       0.0000005662319183,      -0.0059955963494760,       0.0000005662319183,       0.0000070736657860
       -0.0000045092922118,       0.0000000385240712,      -0.0059958385746153,       0.0000000385240712,       0.0000000024139408,       0.0000006409212632,      -0.0059958385746153,       0.0000006409212632,       0.0000071557449124
       -0.0000045845706171,       0.0000000220887740,      -0.0059962088894622,       0.0000000220887740,      -0.0000000299663149,       0.0000006210468916,      -0.0059962088894622,       0.0000006210468916,       0.0000071393159202
       -0.0000044369404034,       0.0000001170005749,      -0.0059964927742500,       0.0000001170005749,       0.0000000393514193,       0.0000005915012106,      -0.0059964927742500,       0.0000005915012106,       0.0000070717741096
       -0.0000046683672480,      -0.0000003275583967,      -0.0059968487559392,      -0.0000003275583967,      -0.0000000689714235,       0.0000004440794911,      -0.0059968487559392,       0.0000004440794911,       0.0000072769925716
       -0.0000044955827730,       0.0000012439001833,      -0.0059972175421115,       0.0000012439001833,       0.0000001366080676,       0.0000001522171891,      -0.0059972175421115,       0.0000001522171891,       0.0000068600763722
       -0.0000044944700802,       0.0000028867204115,      -0.0059972110544090,       0.0000028867204115,       0.0000000030915796,      -0.0000000071258137,      -0.0059972110544090,      -0.0000000071258137,       0.0000070580051964
       -0.0000044920116012,       0.0000012443548093,      -0.0059972025359483,       0.0000012443548093,      -0.0000001351558581,      -0.0000001612961123,      -0.0059972025359483,      -0.0000001612961123,       0.0000072613525625
       -0.0000043230810240,      -0.0000003254472291,      -0.0059968522121812,      -0.0000003254472291,       0.0000000672465041,      -0.0000004380595935,      -0.0059968522121812,      -0.0000004380595935,       0.0000068519022303
       -0.0000045530642682,       0.0000001169700564,      -0.0059964951525206,       0.0000001169700564,      -0.0000000401200303,      -0.0000005883469991,      -0.0059964951525206,      -0.0000005883469991,       0.0000070564079066
       -0.0000044088543960,       0.0000000221558189,      -0.0059962040824542,       0.0000000221558189,       0.0000000283363539,      -0.0000006211746519,      -0.0059962040824542,      -0.0000006211746519,       0.0000069909974764
       -0.0000044822969268,       0.0000000365379928,      -0.0059958461913770,       0.0000000365379928,      -0.0000000041993535,      -0.0000006348112292,      -0.0059958461913770,      -0.0000006348112292,       0.0000069754416578
       -0.0000044867468619,       0.0000001087319637,      -0.0059955926276395,       0.0000001087319637,       0.0000000025346933,      -0.0000005665867257,      -0.0059955926276395,      -0.0000005665867257,       0.0000070564308861
       -0.0000044831814179,       0.0000000286413055,      -0.0059954113657216,       0.0000000286413055,       0.0000000114571337,      -0.0000004573093045,      -0.0059954113657216,      -0.0000004573093045,       0.0000070080384777
       -0.0000045049553453,       0.0000001080082830,      -0.0059952800885464,       0.0000001080082830,      -0.0000000081234258,      -0.0000003461719408,      -0.0059952800885464,      -0.0000003461719408,       0.0000070643286065
       -0.0000044943222347,       0.0000000455900765,      -0.0059952266210611,       0.0000000455900765,       0.0000000131853328,      -0.0000001966834795,      -0.0059952266210611,      -0.0000001966834795,       0.0000070511914523
       -0.0000044961266739,       0.0000000765764336,      -0.0059951907522698,       0.0000000765764336,      -0.0000000131034415,      -0.0000000763918734,      -0.0059951907522698,      -0.0000000763918734,       0.0000070599145857
       -0.0000044309467651,       0.0000000542048842,      -0.0059950301221768,       0.0000000542048842,      -0.0000000235454737,       0.0000000542765781,      -0.0059950301221768,       0.0000000542765781,       0.0000071251816482
       -0.0000045504069354,       0.0000000819423548,      -0.0059950820268665,       0.0000000819423548,       0.0000000065354041,       0.0000001870605605,      -0.0059950820268665,       0.0000001870605605,       0.0000070186214899
       -0.0000044069617733,       0.0000000420697296,      -0.0059951006597443,       0.0000000420697296,      -0.0000000273524221,       0.0000002978384476,      -0.0059951006597443,       0.0000002978384476,       0.0000071375603519
       -0.0000045989260854,       0.0000000886353430,      -0.0059952831644732,       0.0000000886353430,      -0.0000000139773400,       0.0000004109583054,      -0.0059952831644732,       0.0000004109583054,       0.0000070726090361
       -0.0000043658983451,       0.0000000648083955,      -0.0059953981137920,       0.0000000648083955,      -0.0000000129345519,       0.0000005149334055,      -0.0059953981137920,       0.0000005149334055,       0.0000071303249038
       -0.0000047193664271,       0.0000000165250189,      -0.0059957992182677,       0.0000000165250189,      -0.0000000521998108,       0.0000005498811370,      -0.0059957992182677,       0.0000005498811370,       0.0000072046718850
       -0.0000042885521191,       0.0000001289960431,      -0.0059960437885758,       0.0000001289960431,       0.0000000262139023,       0.0000005911989580,      -0.0059960437885758,       0.0000005911989580,       0.0000070404770965
       -0.0000048397331534,      -0.0000001300793279,      -0.0059965491382372,      -0.0000001300793279,      -0.0000000765527572,       0.0000005188428772,      -0.0059965491382372,       0.0000005188428772,       0.0000073631747372
       -0.0000042728403193,       0.0000002542766784,      -0.0059969092513525,       0.0000002542766784,       0.0000000085739708,       0.0000003414161717,      -0.0059969092513525,       0.0000003414161717,       0.0000069297462227
       -0.0000045478319369,      -0.0000008755244800,      -0.0059969196117702,      -0.0000008755244800,       0.0000000170868344,       0.0000003649144875,      -0.0059969196117702,       0.0000003649144875,       0.0000072332073340
       -0.0000044938032942,      -0.0000027900404197,      -0.0059970897436754,      -0.0000027900404197,      -0.0000000033463390,       0.0000000179334942,      -0.0059970897436754,       0.0000000179334942,       0.0000070676212013
       -0.0000044433366118,      -0.0000008756340294,      -0.0059969299437057,      -0.0000008756340294,      -0.0000000206507912,      -0.0000003476393839,      -0.0059969299437057,      -0.0000003476393839,       0.0000068992347831
       -0.0000047157751369,       0.0000002546257931,      -0.0059969049073664,       0.0000002546257931,      -0.0000000111623488,      -0.0000003491113477,      -0.0059969049073664,      -0.0000003491113477,       0.0000071985633733
       -0.0000041548830193,      -0.0000001285326479,      -0.0059965468905842,      -0.0000001285326479,       0.0000000727391135,      -0.0000005118461241,      -0.0059965468905842,      -0.0000005118461241,       0.0000067710486340
       -0.0000047026873302,       0.0000001273902979,      -0.0059960530330349,       0.0000001273902979,      -0.0000000301202102,      -0.0000005886662744,      -0.0059960530330349,      -0.0000005886662744,       0.0000070930759634
       -0.0000042749816507,       0.0000000153797187,      -0.0059957891284223,       0.0000000153797187,       0.0000000473585320,      -0.0000005492165389,      -0.0059957891284223,      -0.0000005492165389,       0.0000069303212077
       -0.0000046246282855,       0.0000000613164362,      -0.0059954150942912,       0.0000000613164362,       0.0000000077812050,      -0.0000005097162197,      -0.0059954150942912,      -0.0000005097162197,       0.0000070038254065
       -0.0000043911620983,       0.0000000856406035,      -0.0059952709786412,       0.0000000856406035,       0.0000000084745661,      -0.0000004114297407,      -0.0059952709786412,      -0.0000004114297407,       0.0000070594090433
       -0.0000045798535851,       0.0000000384626463,      -0.0059951179987158,       0.0000000384626463,       0.0000000216218037,      -0.0000002944101752,      -0.0059951179987158,      -0.0000002944101752,       0.0000069931097905
       -0.0000044352504325,       0.0000000801654714,      -0.0059950688809113,       0.0000000801654714,      -0.0000000123226874,      -0.0000001869260838,      -0.0059950688809113,      -0.0000001869260838,       0.0000071099007202
       -0.0000045534312011,       0.0000000529531671,      -0.0059950451758576,       0.0000000529531671,       0.0000000176943929,      -0.0000000528796415,      -0.0059950451758576,      -0.0000000528796415,       0.0000070026890460
       -0.0000047096576235,       0.0000000339935844,      -0.0059949564706583,       0.0000000339935844,       0.0000000082322442,       0.0000000340637748,      -0.0059949564706583,       0.0000000340637748,       0.0000068464764792
       -0.0000042237526584,       0.0000000831080016,      -0.0059948605194204,       0.0000000831080016,      -0.0000000289200853,       0.0000001487781034,      -0.0059948605194204,       0.0000001487781034,       0.0000072675435524
