        0.0000045014442239,      -0.0000000052980180,      -0.0030003762286422,      -0.0000000052980180,      -0.0000000037422402,      -0.0000000052980177,      -0.0030003762286422,      -0.0000000052980177,       0.0000045014442250
        0.0000045058286262,      -0.0000000062810849,      -0.0030003560869141,      -0.0000000062810849,      -0.0000000147132634,      -0.0000000165323234,      -0.0030003560869141,      -0.0000000165323234,       0.0000045059317120
        0.0000045103645113,      -0.0000000038137401,      -0.0030003166526024,      -0.0000000038137401,      -0.0000000239439313,      -0.0000000257502602,      -0.0030003166526024,      -0.0000000257502602,       0.0000045083525100
        0.0000045147332364,      -0.0000000074619177,      -0.0030002603078368,      -0.0000000074619177,      -0.0000000326141530,      -0.0000000343594897,      -0.0030002603078368,      -0.0000000343594897,       0.0000045127099161
        0.0000045190442027,      -0.0000000009196281,      -0.0030001902727141,      -0.0000000009196281,      -0.0000000386601842,      -0.0000000398640170,      -0.0030001902727141,      -0.0000000398640170,       0.0000045114357344
        0.0000045221906858,      -0.0000000047497003,      -0.0030001120131497,      -0.0000000047497003,      -0.0000000401415040,      -0.0000000407682816,      -0.0030001120131497,      -0.0000000407682816,       0.0000045129337768
        0.0000045216226652,      -0.0000000102382404,      -0.0030000326870378,      -0.0000000102382404,      -0.0000000440417788,      -0.0000000439731058,      -0.0030000326870378,      -0.0000000439731058,       0.0000045147852027
        0.0000045233419309,       0.0000000403346819,      -0.0029999588575671,       0.0000000403346819,      -0.0000000297831051,      -0.0000000286915171,      -0.0029999588575671,      -0.0000000286915171,       0.0000045010796655
        0.0000045148768246,      -0.0000000720336202,      -0.0029998995005548,      -0.0000000720336202,      -0.0000000321820054,      -0.0000000291079673,      -0.0029998995005548,      -0.0000000291079673,       0.0000045168931655
        0.0000045047455344,      -0.0000003595345452,      -0.0029998643689865,      -0.0000003595345452,      -0.0000000539493290,      -0.0000000520505889,      -0.0029998643689865,      -0.0000000520505889,       0.0000045420419191
        0.0000045013553617,      -0.0000005086816329,      -0.0029998526176094,      -0.0000005086816329,      -0.0000000036408233,      -0.0000000042169547,      -0.0029998526176094,      -0.0000000042169547,       0.0000045019036838
        0.0000044977593827,      -0.0000003591619641,      -0.0029998645900191,      -0.0000003591619641,       0.0000000471954733,       0.0000000482129098,      -0.0029998645900191,       0.0000000482129098,       0.0000044615075023
        0.0000044870165180,      -0.0000000716684224,      -0.0029998997004748,      -0.0000000716684224,       0.0000000264566371,       0.0000000298684425,      -0.0029998997004748,       0.0000000298684425,       0.0000044862877117
        0.0000044777213670,       0.0000000408134382,      -0.0029999592055040,       0.0000000408134382,       0.0000000251769502,       0.0000000287662139,      -0.0029999592055040,       0.0000000287662139,       0.0000045018605337
        0.0000044785350020,      -0.0000000096756692,      -0.0030000331640189,      -0.0000000096756692,       0.0000000408391054,       0.0000000438190615,      -0.0030000331640189,       0.0000000438190615,       0.0000044877525988
        0.0000044772067919,      -0.0000000042812671,      -0.0030001124929095,      -0.0000000042812671,       0.0000000384453677,       0.0000000409084133,      -0.0030001124929095,       0.0000000409084133,       0.0000044889934934
        0.0000044798232415,      -0.0000000005212019,      -0.0030001907719909,      -0.0000000005212019,       0.0000000383480440,       0.0000000398120370,      -0.0030001907719909,       0.0000000398120370,       0.0000044897826038
        0.0000044839015517,      -0.0000000071858989,      -0.0030002607779030,      -0.0000000071858989,       0.0000000334925655,       0.0000000343926864,      -0.0030002607779030,       0.0000000343926864,       0.0000044877238780
        0.0000044882498054,      -0.0000000036424272,      -0.0030003170083165,      -0.0000000036424272,       0.0000000257262791,       0.0000000257333439,      -0.0030003170083165,       0.0000000257333439,       0.0000044913413626
        0.0000044928852733,      -0.0000000061923131,      -0.0030003563416941,      -0.0000000061923131,       0.0000000170930934,       0.0000000165138428,      -0.0030003563416941,       0.0000000165138428,       0.0000044931862561
        0.0000044973541301,      -0.0000000052718587,      -0.0030003762983446,      -0.0000000052718587,       0.0000000064176180,       0.0000000052718589,      -0.0030003762983446,       0.0000000052718589,       0.0000044973541299
        0.0000045018370051,      -0.0000000165220780,      -0.0030003986799800,      -0.0000000165220780,      -0.0000000045433847,      -0.0000000165220779,      -0.0030003986799800,      -0.0000000165220779,       0.0000045018370055
        0.0000045049679894,      -0.0000000153543253,      -0.0030003781323817,      -0.0000000153543253,      -0.0000000131993005,      -0.0000000475388864,      -0.0030003781323817,      -0.0000000475388864,       0.0000045038458855
        0.0000045099811268,      -0.0000000173957794,      -0.0030003381322981,      -0.0000000173957794,      -0.0000000241432478,      -0.0000000769569065,      -0.0030003381322981,      -0.0000000769569065,       0.0000045101944416
        0.0000045146743156,      -0.0000000122700676,      -0.0030002795701155,      -0.0000000122700676,      -0.0000000312753443,      -0.0000001003810641,      -0.0030002795701155,      -0.0000001003810641,       0.0000045060549543
        0.0000045200230533,      -0.0000000153935581,      -0.0030002063621096,      -0.0000000153935581,      -0.0000000369649402,      -0.0000001169549943,      -0.0030002063621096,      -0.0000001169549943,       0.0000045132754389
        0.0000045217640349,      -0.0000000084895607,      -0.0030001235886907,      -0.0000000084895607,      -0.0000000448353169,      -0.0000001254238656,      -0.0030001235886907,      -0.0000001254238656,       0.0000045092814449
        0.0000045293336177,       0.0000000053164998,      -0.0030000368511880,       0.0000000053164998,      -0.0000000305024051,      -0.0000001162084553,      -0.0030000368511880,      -0.0000001162084553,       0.0000044973136989
        0.0000045165058420,      -0.0000000411666750,      -0.0029999584035093,      -0.0000000411666750,      -0.0000000539909202,      -0.0000001093036341,      -0.0029999584035093,      -0.0000001093036341,       0.0000045320086350
        0.0000045232854184,       0.0000000738347384,      -0.0029998945045466,       0.0000000738347384,      -0.0000000165083306,      -0.0000000736089586,      -0.0029998945045466,      -0.0000000736089586,       0.0000044781513048
        0.0000045259711534,       0.0000003807480087,      -0.0029998418403013,       0.0000003807480087,       0.0000000919648218,      -0.0000000030014943,      -0.0029998418403013,      -0.0000000030014943,       0.0000043917792548
        0.0000045015417114,       0.0000005425529921,      -0.0029998219531851,       0.0000005425529921,      -0.0000000026951577,       0.0000000034065917,      -0.0029998219531851,       0.0000000034065917,       0.0000045007998338
        0.0000044768091105,       0.0000003812647723,      -0.0029998417117024,       0.0000003812647723,      -0.0000000978102785,       0.0000000060711779,      -0.0029998417117024,       0.0000000060711779,       0.0000046104529968
        0.0000044788081688,       0.0000000750470931,      -0.0029998948960014,       0.0000000750470931,       0.0000000107372295,       0.0000000729644016,      -0.0029998948960014,       0.0000000729644016,       0.0000045247104232
        0.0000044845602120,      -0.0000000396458324,      -0.0029999587580038,      -0.0000000396458324,       0.0000000495661079,       0.0000001092507475,      -0.0029999587580038,       0.0000001092507475,       0.0000044706527700
        0.0000044707179805,       0.0000000068571575,      -0.0030000371754311,       0.0000000068571575,       0.0000000275228048,       0.0000001163727981,      -0.0030000371754311,       0.0000001163727981,       0.0000045050377757
        0.0000044774064686,      -0.0000000070420617,      -0.0030001241165729,      -0.0000000070420617,       0.0000000432608894,       0.0000001253898926,      -0.0030001241165729,       0.0000001253898926,       0.0000044926898601
        0.0000044786404383,      -0.0000000142642679,      -0.0030002068575009,      -0.0000000142642679,       0.0000000367763217,       0.0000001170556657,      -0.0030002068575009,       0.0000001170556657,       0.0000044880298309
        0.0000044837853070,      -0.0000000114655909,      -0.0030002800181500,      -0.0000000114655909,       0.0000000321921099,       0.0000001003798341,      -0.0030002800181500,       0.0000001003798341,       0.0000044945120179
        0.0000044885742698,      -0.0000000169093001,      -0.0030003385563939,      -0.0000000169093001,       0.0000000258986635,       0.0000000769519197,      -0.0030003385563939,       0.0000000769519197,       0.0000044896303156
        0.0000044937672335,      -0.0000000151066343,      -0.0030003783494882,      -0.0000000151066343,       0.0000000154963679,       0.0000000474841463,      -0.0030003783494882,       0.0000000474841463,       0.0000044953702137
        0.0000044970464894,      -0.0000000164495756,      -0.0030003988063141,      -0.0000000164495756,       0.0000000071007966,       0.0000000164495762,      -0.0030003988063141,       0.0000000164495762,       0.0000044970464896
        0.0000044992016899,      -0.0000000256385669,      -0.0030004416741140,      -0.0000000256385669,      -0.0000000022720866,      -0.0000000256385668,      -0.0030004416741140,      -0.0000000256385668,       0.0000044992016898
        0.0000045059916994,      -0.0000000268538330,      -0.0030004208320305,      -0.0000000268538330,      -0.0000000138425760,      -0.0000000766653986,      -0.0030004208320305,      -0.0000000766653986,       0.0000045063935030
        0.0000045070707952,      -0.0000000239967445,      -0.0030003790787973,      -0.0000000239967445,      -0.0000000204759077,      -0.0000001223620987,      -0.0030003790787973,      -0.0000001223620987,       0.0000045010099523
        0.0000045162454410,      -0.0000000259521050,      -0.0030003172780563,      -0.0000000259521050,      -0.0000000295887459,      -0.0000001613501586,      -0.0030003172780563,      -0.0000001613501586,       0.0000045104235213
        0.0000045177178958,      -0.0000000189405090,      -0.0030002380992772,      -0.0000000189405090,      -0.0000000373356318,      -0.0000001885977325,      -0.0030002380992772,      -0.0000001885977325,       0.0000044996887963
        0.0000045317932456,      -0.0000000138367426,      -0.0030001446108600,      -0.0000000138367426,      -0.0000000319972321,      -0.0000001982721547,      -0.0030001446108600,      -0.0000001982721547,       0.0000044977548976
        0.0000045197077529,      -0.0000000211439834,      -0.0030000492079452,      -0.0000000211439834,      -0.0000000547070357,      -0.0000001960102034,      -0.0030000492079452,      -0.0000001960102034,       0.0000045183520360
        0.0000045416128293,       0.0000000410845924,      -0.0029999554307443,       0.0000000410845924,      -0.0000000079842860,      -0.0000001615422236,      -0.0029999554307443,      -0.0000001615422236,       0.0000044535289500
        0.0000045183336044,      -0.0000000523052303,      -0.0029998748530131,      -0.0000000523052303,      -0.0000000384668025,      -0.0000001223342219,      -0.0029998748530131,      -0.0000001223342219,       0.0000045305869261
        0.0000044896953332,      -0.0000003798198668,      -0.0029998408092724,      -0.0000003798198668,      -0.0000001813520971,      -0.0000000978051016,      -0.0029998408092724,      -0.0000000978051016,       0.0000046755615669
        0.0000045018295656,      -0.0000005600715240,      -0.0029998329034754,      -0.0000005600715240,      -0.0000000040215659,      -0.0000000022249630,      -0.0029998329034754,      -0.0000000022249630,       0.0000045015530254
        0.0000045137117176,      -0.0000003786878433,      -0.0029998411446871,      -0.0000003786878433,       0.0000001746533177,       0.0000000956110108,      -0.0029998411446871,       0.0000000956110108,       0.0000043266500548
        0.0000044840522054,      -0.0000000504332796,      -0.0029998746448652,      -0.0000000504332796,       0.0000000335686667,       0.0000001225009082,      -0.0029998746448652,       0.0000001225009082,       0.0000044709194326
        0.0000044595081878,       0.0000000434789159,      -0.0029999556519567,       0.0000000434789159,       0.0000000039792555,       0.0000001615471725,      -0.0029999556519567,       0.0000001615471725,       0.0000045484334329
        0.0000044800719406,      -0.0000000185998564,      -0.0030000496345503,      -0.0000000185998564,       0.0000000520321052,       0.0000001959979040,      -0.0030000496345503,       0.0000001959979040,       0.0000044838100620
        0.0000044670041641,      -0.0000000115918095,      -0.0030001449741541,      -0.0000000115918095,       0.0000000307769622,       0.0000001984101667,      -0.0030001449741541,       0.0000001984101667,       0.0000045041788227
        0.0000044804933028,      -0.0000000171355101,      -0.0030002386056143,      -0.0000000171355101,       0.0000000372878139,       0.0000001886865205,      -0.0030002386056143,       0.0000001886865205,       0.0000045018639091
        0.0000044819316312,      -0.0000000247310641,      -0.0030003178234357,      -0.0000000247310641,       0.0000000305549778,       0.0000001614308311,      -0.0030003178234357,       0.0000001614308311,       0.0000044904303462
        0.0000044913506085,      -0.0000000232604059,      -0.0030003794366431,      -0.0000000232604059,       0.0000000221314256,       0.0000001223529933,      -0.0030003794366431,       0.0000001223529933,       0.0000044990820679
        0.0000044928194659,      -0.0000000264995497,      -0.0030004212003211,      -0.0000000264995497,       0.0000000159317535,       0.0000000766076837,      -0.0030004212003211,       0.0000000766076837,       0.0000044930500744
        0.0000044998581004,      -0.0000000255331260,      -0.0030004416921343,      -0.0000000255331260,       0.0000000045626785,       0.0000000255331259,      -0.0030004416921343,       0.0000000255331259,       0.0000044998581006
        0.0000045052481766,      -0.0000000340161394,      -0.0030005015293685,      -0.0000000340161394,      -0.0000000043568411,      -0.0000000340161393,      -0.0030005015293685,      -0.0000000340161393,       0.0000045052481754
        0.0000044976044036,      -0.0000000333630519,      -0.0030004805306271,      -0.0000000333630519,      -0.0000000089036235,      -0.0000000994440902,      -0.0030004805306271,      -0.0000000994440902,       0.0000044960030018
        0.0000045123767083,      -0.0000000346038944,      -0.0030004365838682,      -0.0000000346038944,      -0.0000000185408161,      -0.0000001604496155,      -0.0030004365838682,      -0.0000001604496155,       0.0000045070631727
        0.0000045064702942,      -0.0000000314132843,      -0.0030003713790516,      -0.0000000314132843,      -0.0000000249750182,      -0.0000002114806365,      -0.0030003713790516,      -0.0000002114806365,       0.0000044923202163
        0.0000045315761602,      -0.0000000271052893,      -0.0030002814670800,      -0.0000000271052893,      -0.0000000262779520,      -0.0000002466728151,      -0.0030002814670800,      -0.0000002466728151,       0.0000044940042208
        0.0000045158242854,      -0.0000000259541819,      -0.0030001792354067,      -0.0000000259541819,      -0.0000000431958566,      -0.0000002642463443,      -0.0030001792354067,      -0.0000002642463443,       0.0000044987851016
        0.0000045543247665,       0.0000000042474093,      -0.0030000627635713,       0.0000000042474093,      -0.0000000133452852,      -0.0000002515340541,      -0.0030000627635713,      -0.0000002515340541,       0.0000044502839439
        0.0000045157852532,      -0.0000000399216025,      -0.0029999538978309,      -0.0000000399216025,      -0.0000000586719884,      -0.0000002215885455,      -0.0029999538978309,      -0.0000002215885455,       0.0000045385797118
        0.0000045315499253,       0.0000000481487453,      -0.0029998735883317,       0.0000000481487453,      -0.0000000203349383,      -0.0000001659111831,      -0.0029998735883317,      -0.0000001659111831,       0.0000044563452404
        0.0000045487625820,       0.0000004278465556,      -0.0029997931533326,       0.0000004278465556,       0.0000001827805233,      -0.0000000638219589,      -0.0029997931533326,      -0.0000000638219589,       0.0000042647233461
        0.0000045023264118,       0.0000006463406035,      -0.0029997567480375,       0.0000006463406035,      -0.0000000015183999,       0.0000000001245018,      -0.0029997567480375,       0.0000000001245018,       0.0000044984961171
        0.0000044552631649,       0.0000004292127315,      -0.0029997928988658,       0.0000004292127315,      -0.0000001867651285,       0.0000000638342446,      -0.0029997928988658,       0.0000000638342446,       0.0000047337406039
        0.0000044713281669,       0.0000000506306829,      -0.0029998739646554,       0.0000000506306829,       0.0000000158981518,       0.0000001655070490,      -0.0029998739646554,       0.0000001655070490,       0.0000045438731735
        0.0000044853529740,      -0.0000000367742945,      -0.0029999537546382,      -0.0000000367742945,       0.0000000555284773,       0.0000002213251339,      -0.0029999537546382,       0.0000002213251339,       0.0000044622807138
        0.0000044451326386,       0.0000000075121282,      -0.0030000628989714,       0.0000000075121282,       0.0000000113569635,       0.0000002515724201,      -0.0030000628989714,       0.0000002515724201,       0.0000045513170285
        0.0000044823695435,      -0.0000000229942482,      -0.0030001796594010,      -0.0000000229942482,       0.0000000422946745,       0.0000002644187321,      -0.0030001796594010,       0.0000002644187321,       0.0000045032736727
        0.0000044660870122,      -0.0000000248505396,      -0.0030002819457167,      -0.0000000248505396,       0.0000000264576429,       0.0000002468399312,      -0.0030002819457167,       0.0000002468399312,       0.0000045078639714
        0.0000044912639338,      -0.0000000298681761,      -0.0030003718911433,      -0.0000000298681761,       0.0000000258715174,       0.0000002116257383,      -0.0030003718911433,       0.0000002116257383,       0.0000045090234707
        0.0000044859249657,      -0.0000000337437564,      -0.0030004371612185,      -0.0000000337437564,       0.0000000199689004,       0.0000001604995412,      -0.0030004371612185,       0.0000001604995412,       0.0000044934801080
        0.0000045013249429,      -0.0000000329533332,      -0.0030004807667295,      -0.0000000329533332,       0.0000000106039066,       0.0000000993854088,      -0.0030004807667295,       0.0000000993854088,       0.0000045037925169
        0.0000044941051276,      -0.0000000339076555,      -0.0030005017667328,      -0.0000000339076555,       0.0000000061838323,       0.0000000339076558,      -0.0030005017667328,       0.0000000339076558,       0.0000044941051286
        0.0000044893583373,      -0.0000000391719972,      -0.0030005736917272,      -0.0000000391719972,      -0.0000000004563049,      -0.0000000391719972,      -0.0030005736917272,      -0.0000000391719972,       0.0000044893583365
        0.0000045116341868,      -0.0000000389910375,      -0.0030005509857585,      -0.0000000389910375,      -0.0000000075448660,      -0.0000001150950904,      -0.0030005509857585,      -0.0000001150950904,       0.0000045081133027
        0.0000044901844506,      -0.0000000409280308,      -0.0030005083670265,      -0.0000000409280308,      -0.0000000115851189,      -0.0000001862790816,      -0.0030005083670265,      -0.0000001862790816,       0.0000044869471370
        0.0000045296588964,      -0.0000000351432687,      -0.0030004333369556,      -0.0000000351432687,      -0.0000000140442254,      -0.0000002449900654,      -0.0030004333369556,      -0.0000002449900654,       0.0000044899658775
        0.0000044993173925,      -0.0000000388112036,      -0.0030003408408097,      -0.0000000388112036,      -0.0000000263229024,      -0.0000002888427567,      -0.0030003408408097,      -0.0000002888427567,       0.0000044860846603
        0.0000045634869075,      -0.0000000159049974,      -0.0030002149769855,      -0.0000000159049974,      -0.0000000105723413,      -0.0000003054348688,      -0.0030002149769855,      -0.0000003054348688,       0.0000044430538463
        0.0000045082676519,      -0.0000000318298980,      -0.0030000877286467,      -0.0000000318298980,      -0.0000000424129470,      -0.0000002966227553,      -0.0030000877286467,      -0.0000002966227553,       0.0000045113412518
        0.0000045682038583,       0.0000000248054326,      -0.0029999628884968,       0.0000000248054326,      -0.0000000022828545,      -0.0000002602482140,      -0.0029999628884968,      -0.0000002602482140,       0.0000044033433898
        0.0000045400176532,      -0.0000000027086124,      -0.0029998353814865,      -0.0000000027086124,      -0.0000000027795561,      -0.0000001812470402,      -0.0029998353814865,      -0.0000001812470402,       0.0000044770112502
        0.0000044891114686,      -0.0000004103997727,      -0.0029997805942176,      -0.0000004103997727,      -0.0000001990609922,      -0.0000001042908278,      -0.0029997805942176,      -0.0000001042908278,       0.0000047239688682
        0.0000045027165317,      -0.0000006625703443,      -0.0029997759094091,      -0.0000006625703443,      -0.0000000026276154,       0.0000000008267590,      -0.0029997759094091,       0.0000000008267590,       0.0000044990985882
        0.0000045159233362,      -0.0000004088627099,      -0.0029997803672837,      -0.0000004088627099,       0.0000001949864448,       0.0000001043945652,      -0.0029997803672837,       0.0000001043945652,       0.0000042734890915
        0.0000044632116730,       0.0000000002596823,      -0.0029998346449498,       0.0000000002596823,       0.0000000002060300,       0.0000001806188377,      -0.0029998346449498,       0.0000001806188377,       0.0000045207158557
        0.0000044329132708,       0.0000000284438180,      -0.0029999631021051,       0.0000000284438180,       0.0000000002379225,       0.0000002601079179,      -0.0029999631021051,       0.0000002601079179,       0.0000045961264394
        0.0000044908035267,      -0.0000000280718078,      -0.0030000874899080,      -0.0000000280718078,       0.0000000412526692,       0.0000002965438889,      -0.0030000874899080,       0.0000002965438889,       0.0000044896036145
        0.0000044340388451,      -0.0000000125734146,      -0.0030002152572759,      -0.0000000125734146,       0.0000000102241539,       0.0000003055905861,      -0.0030002152572759,       0.0000003055905861,       0.0000045589776384
        0.0000044976470797,      -0.0000000362279555,      -0.0030003413169346,      -0.0000000362279555,       0.0000000265537746,       0.0000002891504886,      -0.0030003413169346,       0.0000002891504886,       0.0000045163199189
        0.0000044676224328,      -0.0000000334965395,      -0.0030004339932356,      -0.0000000334965395,       0.0000000147947280,       0.0000002451957960,      -0.0030004339932356,       0.0000002451957960,       0.0000045120210331
        0.0000045079776845,      -0.0000000400098388,      -0.0030005088835315,      -0.0000000400098388,       0.0000000125483245,       0.0000001863955803,      -0.0030005088835315,       0.0000001863955803,       0.0000045142349433
        0.0000044875058283,      -0.0000000386098355,      -0.0030005515151545,      -0.0000000386098355,       0.0000000086548733,       0.0000001150803118,      -0.0030005515151545,       0.0000001150803118,       0.0000044921895148
        0.0000045104009165,      -0.0000000390704535,      -0.0030005737160514,      -0.0000000390704535,       0.0000000015872799,       0.0000000390704542,      -0.0030005737160514,       0.0000000390704542,       0.0000045104009170
        0.0000045168424635,      -0.0000000398196609,      -0.0030006498373664,      -0.0000000398196609,      -0.0000000000770539,      -0.0000000398196611,      -0.0030006498373664,      -0.0000000398196611,       0.0000045168424631
        0.0000044760286239,      -0.0000000454152283,      -0.0030006314039261,      -0.0000000454152283,      -0.0000000026362511,      -0.0000001225055201,      -0.0030006314039261,      -0.0000001225055201,       0.0000044801412359
        0.0000045277235505,      -0.0000000356479300,      -0.0030005788916806,      -0.0000000356479300,      -0.0000000005172907,      -0.0000001943969145,      -0.0030005788916806,      -0.0000001943969145,       0.0000044930324343
        0.0000044738725582,      -0.0000000504488492,      -0.0030005117468371,      -0.0000000504488492,      -0.0000000095827989,      -0.0000002605428565,      -0.0030005117468371,      -0.0000002605428565,       0.0000044811649359
        0.0000045678776377,      -0.0000000238080888,      -0.0030003932154422,      -0.0000000238080888,       0.0000000019415687,      -0.0000003031320536,      -0.0030003932154422,      -0.0000003031320536,       0.0000044342386707
        0.0000044857208007,      -0.0000000419228072,      -0.0030002686161845,      -0.0000000419228072,      -0.0000000180780388,      -0.0000003235457958,      -0.0030002686161845,      -0.0000003235457958,       0.0000044918890372
        0.0000045955805095,      -0.0000000058517627,      -0.0030001143108634,      -0.0000000058517627,       0.0000000001919415,      -0.0000003191138509,      -0.0030001143108634,      -0.0000003191138509,       0.0000043791113484
        0.0000045228900226,      -0.0000000104000495,      -0.0029999559855188,      -0.0000000104000495,      -0.0000000029006092,      -0.0000002613161100,      -0.0029999559855188,      -0.0000002613161100,       0.0000044831159866
        0.0000045282452530,      -0.0000000184321399,      -0.0029998554345953,      -0.0000000184321399,      -0.0000000390316899,      -0.0000002089544829,      -0.0029998554345953,      -0.0000002089544829,       0.0000044731464270
        0.0000045500881471,       0.0000004389211591,      -0.0029997658136437,       0.0000004389211591,       0.0000001323205874,      -0.0000001269575542,      -0.0029997658136437,      -0.0000001269575542,       0.0000042590375449
        0.0000045032101773,       0.0000007375526402,      -0.0029997099686379,       0.0000007375526402,       0.0000000001254522,      -0.0000000030890349,      -0.0029997099686379,      -0.0000000030890349,       0.0000044954827466
        0.0000044555182329,       0.0000004406511677,      -0.0029997658179009,       0.0000004406511677,      -0.0000001325300734,       0.0000001239036548,      -0.0029997658179009,       0.0000001239036548,       0.0000047334150594
        0.0000044755874119,      -0.0000000156010095,      -0.0029998551327155,      -0.0000000156010095,       0.0000000383416635,       0.0000002080191769,      -0.0029998551327155,       0.0000002080191769,       0.0000045217988773
        0.0000044782449674,      -0.0000000065546629,      -0.0029999547620481,      -0.0000000065546629,       0.0000000024948293,       0.0000002607979766,      -0.0029999547620481,       0.0000002607979766,       0.0000045145027443
        0.0000044028867270,      -0.0000000019070500,      -0.0030001146352227,      -0.0000000019070500,      -0.0000000003381702,       0.0000003192457587,      -0.0030001146352227,       0.0000003192457587,       0.0000046211462505
        0.0000045112356623,      -0.0000000385069073,      -0.0030002683982991,      -0.0000000385069073,       0.0000000182180236,       0.0000003236359753,      -0.0030002683982991,       0.0000003236359753,       0.0000045100704609
        0.0000044283194106,      -0.0000000212070241,      -0.0030003937459151,      -0.0000000212070241,      -0.0000000016215253,       0.0000003034847913,      -0.0030003937459151,       0.0000003034847913,       0.0000045687355085
        0.0000045229798353,      -0.0000000487881476,      -0.0030005124934114,      -0.0000000487881476,       0.0000000098997885,       0.0000002608548895,      -0.0030005124934114,       0.0000002608548895,       0.0000045216564608
        0.0000044703257507,      -0.0000000348122695,      -0.0030005795227228,      -0.0000000348122695,       0.0000000008828627,       0.0000001945729854,      -0.0030005795227228,       0.0000001945729854,       0.0000045089208900
        0.0000045234027175,      -0.0000000450848218,      -0.0030006320098513,      -0.0000000450848218,       0.0000000028937883,       0.0000001225335429,      -0.0030006320098513,       0.0000001225335429,       0.0000045208071980
        0.0000044834219278,      -0.0000000397467740,      -0.0030006499481680,      -0.0000000397467740,       0.0000000003143097,       0.0000000397467732,      -0.0030006499481680,       0.0000000397467732,       0.0000044834219294
        0.0000044739736915,      -0.0000000425574766,      -0.0030007276098809,      -0.0000000425574766,      -0.0000000039063105,      -0.0000000425574771,      -0.0030007276098809,      -0.0000000425574771,       0.0000044739736916
        0.0000045235428092,      -0.0000000302144134,      -0.0030007008355445,      -0.0000000302144134,       0.0000000100791379,      -0.0000001127240016,      -0.0030007008355445,      -0.0000001127240016,       0.0000045051567592
        0.0000044562781376,      -0.0000000566780940,      -0.0030006645241786,      -0.0000000566780940,       0.0000000000287288,      -0.0000001908329453,      -0.0030006645241786,      -0.0000001908329453,       0.0000044794446934
        0.0000045598051865,      -0.0000000195657484,      -0.0030005687444777,      -0.0000000195657484,       0.0000000174982342,      -0.0000002460884771,      -0.0030005687444777,      -0.0000002460884771,       0.0000044355244619
        0.0000044590092079,      -0.0000000559754809,      -0.0030004683373236,      -0.0000000559754809,       0.0000000037543841,      -0.0000002923436520,      -0.0030004683373236,      -0.0000002923436520,       0.0000044863646307
        0.0000046030324760,      -0.0000000161620264,      -0.0030003083032795,      -0.0000000161620264,       0.0000000114607402,      -0.0000003166044810,      -0.0030003083032795,      -0.0000003166044810,       0.0000043617296541
        0.0000045055977850,      -0.0000000126147055,      -0.0030001396106790,      -0.0000000126147055,       0.0000000275067028,      -0.0000002901364857,      -0.0030001396106790,      -0.0000002901364857,       0.0000044582177759
        0.0000045676717704,      -0.0000000316324626,      -0.0029999887199081,      -0.0000000316324626,      -0.0000000286369206,      -0.0000002766468305,      -0.0029999887199081,      -0.0000002766468305,       0.0000044073082922
        0.0000045795683313,       0.0000000647384335,      -0.0029998252029882,       0.0000000647384335,       0.0000000523959938,      -0.0000001895881711,      -0.0029998252029882,      -0.0000001895881711,       0.0000043710558156
        0.0000045223964099,      -0.0000003768519104,      -0.0029997072373131,      -0.0000003768519104,      -0.0000000333984745,      -0.0000000571265187,      -0.0029997072373131,      -0.0000000571265187,       0.0000045860227301
        0.0000045036874907,      -0.0000006994164292,      -0.0029997045627526,      -0.0000006994164292,       0.0000000008603352,       0.0000000024066176,      -0.0029997045627526,       0.0000000024066176,       0.0000044947314677
        0.0000044838409401,      -0.0000003752519751,      -0.0029997061567911,      -0.0000003752519751,       0.0000000349529138,       0.0000000586276599,      -0.0029997061567911,       0.0000000586276599,       0.0000044042827921
        0.0000044244288656,       0.0000000677806400,      -0.0029998246165447,       0.0000000677806400,      -0.0000000507836372,       0.0000001892711855,      -0.0029998246165447,       0.0000001892711855,       0.0000046214180823
        0.0000044333518937,      -0.0000000282051461,      -0.0029999885518171,      -0.0000000282051461,       0.0000000301519827,       0.0000002758909930,      -0.0029999885518171,       0.0000002758909930,       0.0000045881387611
        0.0000044927276996,      -0.0000000089361171,      -0.0030001380309394,      -0.0000000089361171,      -0.0000000264673589,       0.0000002897434070,      -0.0030001380309394,       0.0000002897434070,       0.0000045408926989
        0.0000043929203335,      -0.0000000128527580,      -0.0030003090593322,      -0.0000000128527580,      -0.0000000108612269,       0.0000003172191240,      -0.0030003090593322,       0.0000003172191240,       0.0000046404930338
        0.0000045368294888,      -0.0000000536562202,      -0.0030004684331809,      -0.0000000536562202,      -0.0000000035209071,       0.0000002924117608,      -0.0030004684331809,       0.0000002924117608,       0.0000045170168556
        0.0000044364760573,      -0.0000000180392188,      -0.0030005694343422,      -0.0000000180392188,      -0.0000000176425038,       0.0000002465714008,      -0.0030005694343422,       0.0000002465714008,       0.0000045682144753
        0.0000045418156414,      -0.0000000559733515,      -0.0030006657206178,      -0.0000000559733515,      -0.0000000005279625,       0.0000001910130694,      -0.0030006657206178,       0.0000001910130694,       0.0000045233960334
        0.0000044761795323,      -0.0000000299681599,      -0.0030007009845801,      -0.0000000299681599,      -0.0000000107557455,       0.0000001128058759,      -0.0030007009845801,       0.0000001128058759,       0.0000044964784668
        0.0000045268693155,      -0.0000000425125991,      -0.0030007283899141,      -0.0000000425125991,       0.0000000030861262,       0.0000000425125989,      -0.0030007283899141,       0.0000000425125989,       0.0000045268693168
        0.0000045021606251,      -0.0000000275862029,      -0.0030007929628222,      -0.0000000275862029,       0.0000000169059310,      -0.0000000275862026,      -0.0030007929628222,      -0.0000000275862026,       0.0000045021606255
        0.0000044795113056,      -0.0000000518145804,      -0.0030007766571894,      -0.0000000518145804,      -0.0000000037909587,      -0.0000001053817899,      -0.0030007766571894,      -0.0000001053817899,       0.0000044911437501
        0.0000045127530945,      -0.0000000095761841,      -0.0030007190778839,      -0.0000000095761841,       0.0000000306975994,      -0.0000001561324650,      -0.0030007190778839,      -0.0000001561324650,       0.0000044450942405
        0.0000044774098885,      -0.0000000621700493,      -0.0030006456536346,      -0.0000000621700493,       0.0000000147199600,      -0.0000002155974186,      -0.0030006456536346,      -0.0000002155974186,       0.0000044872417915
        0.0000045428913584,      -0.0000000125709904,      -0.0030005159481231,      -0.0000000125709904,       0.0000000268947324,      -0.0000002543368015,      -0.0030005159481231,      -0.0000002543368015,       0.0000043735994004
        0.0000045389216899,      -0.0000000229030160,      -0.0030003502220256,      -0.0000000229030160,       0.0000000534442306,      -0.0000002578254644,      -0.0030003502220256,      -0.0000002578254644,       0.0000044229007710
        0.0000045256214594,      -0.0000000466215756,      -0.0030001834831178,      -0.0000000466215756,      -0.0000000189010027,      -0.0000002745317397,      -0.0030001834831178,      -0.0000002745317397,       0.0000044052590245
        0.0000046255509519,       0.0000000458028560,      -0.0029999845919094,       0.0000000458028560,       0.0000000971739291,      -0.0000002134276155,      -0.0029999845919094,      -0.0000002134276155,       0.0000043130864059
        0.0000044679545833,      -0.0000000661344433,      -0.0029998317597446,      -0.0000000661344433,      -0.0000000151950863,      -0.0000001551754967,      -0.0029998317597446,      -0.0000001551754967,       0.0000045096697351
        0.0000045275264271,       0.0000003163499431,      -0.0029997972971902,       0.0000003163499431,      -0.0000000789856922,      -0.0000001527325702,      -0.0029997972971902,      -0.0000001527325702,       0.0000044360265848
        0.0000045034549346,       0.0000006816059509,      -0.0029997203733974,       0.0000006816059509,       0.0000000021809263,      -0.0000000032801235,      -0.0029997203733974,      -0.0000000032801235,       0.0000044928280192
        0.0000044798080238,       0.0000003174098198,      -0.0029997974516820,       0.0000003174098198,       0.0000000837478773,       0.0000001483950021,      -0.0029997974516820,       0.0000001483950021,       0.0000045496471800
        0.0000045360584108,      -0.0000000638218892,      -0.0029998292901326,      -0.0000000638218892,       0.0000000195324257,       0.0000001533858652,      -0.0029998292901326,       0.0000001533858652,       0.0000044795553295
        0.0000043754988998,       0.0000000489539104,      -0.0029999839858811,       0.0000000489539104,      -0.0000000940688093,       0.0000002137147535,      -0.0029999839858811,       0.0000002137147535,       0.0000046810120595
        0.0000044720393145,      -0.0000000435831916,      -0.0030001830730476,      -0.0000000435831916,       0.0000000211766524,       0.0000002744586192,      -0.0030001830730476,       0.0000002744586192,       0.0000045928226023
        0.0000044569958754,      -0.0000000202909750,      -0.0030003493119747,      -0.0000000202909750,      -0.0000000523755367,       0.0000002573879520,      -0.0030003493119747,       0.0000002573879520,       0.0000045789203147
        0.0000044519127081,      -0.0000000104085096,      -0.0030005167670517,      -0.0000000104085096,      -0.0000000268766238,       0.0000002553641758,      -0.0030005167670517,       0.0000002553641758,       0.0000046307156395
        0.0000045189239929,      -0.0000000611219015,      -0.0030006467417914,      -0.0000000611219015,      -0.0000000154030287,       0.0000002154534004,      -0.0030006467417914,       0.0000002154534004,       0.0000045170885317
        0.0000044851664249,      -0.0000000089445844,      -0.0030007191737336,      -0.0000000089445844,      -0.0000000320626141,       0.0000001565999967,      -0.0030007191737336,       0.0000001565999967,       0.0000045586455226
        0.0000045206156835,      -0.0000000516664976,      -0.0030007786934062,      -0.0000000516664976,       0.0000000021058962,       0.0000001053914525,      -0.0030007786934062,       0.0000001053914525,       0.0000045112222264
        0.0000044992279494,      -0.0000000275868005,      -0.0030007917747804,      -0.0000000275868005,      -0.0000000187807126,       0.0000000275868009,      -0.0030007917747804,       0.0000000275868009,       0.0000044992279494
        0.0000046049295271,      -0.0000000281565530,      -0.0030008429838080,      -0.0000000281565530,      -0.0000000183745931,      -0.0000000281565528,      -0.0030008429838080,      -0.0000000281565528,       0.0000046049295263
        0.0000043623535492,      -0.0000000167470079,      -0.0030008385882156,      -0.0000000167470079,       0.0000000361509747,      -0.0000000702736882,      -0.0030008385882156,      -0.0000000702736882,       0.0000043848158408
