       -0.3191550309355539,      -0.0004553760526604,     371.4963573372828023,      -0.0004553760526604,       0.2384934768264166,      -0.0004546111595025,     371.4963573372828023,      -0.0004546111595025,       1.1136048148335125
       -0.3179416222932592,      -0.0007004536689244,     371.4982198514985043,      -0.0007004536689244,       0.2381407354631736,      -0.0016240574500934,     371.4982198514985043,      -0.0016240574500934,       1.1147410790144801
       -0.3189058128185491,      -0.0002988010269586,     371.5019156860108751,      -0.0002988010269586,       0.2364620029448959,      -0.0024825486822634,     371.5019156860108751,      -0.0024825486822634,       1.1137973834634431
       -0.3173693006555514,      -0.0005181673125302,     371.5074118275477417,      -0.0005181673125302,       0.2364117980129581,      -0.0033571206322445,     371.5074118275477417,      -0.0033571206322445,       1.1146220032128806
       -0.3185193824485557,      -0.0010790043273933,     371.5143009353895422,      -0.0010790043273933,       0.2348420608179134,      -0.0041103280440049,     371.5143009353895422,      -0.0041103280440049,       1.1140492930288837
       -0.3166413411998220,       0.0019776464776627,     371.5224609818963586,       0.0019776464776627,       0.2354661437890222,      -0.0040383857106028,     371.5224609818963586,      -0.0040383857106028,       1.1137767209909761
       -0.3180653770304847,      -0.0057021990745245,     371.5308180194251690,      -0.0057021990745245,       0.2344584155846368,      -0.0047437048648743,     371.5308180194251690,      -0.0047437048648743,       1.1147573298544373
       -0.3168227252372973,       0.0084788336931305,     371.5388971644808862,       0.0084788336931305,       0.2355478620029876,      -0.0031590381245608,     371.5388971644808862,      -0.0031590381245608,       1.1125773613260264
       -0.3170148818248197,       0.0018493389080895,     371.5457794076468190,       0.0018493389080895,       0.2372313043647479,      -0.0026842015624188,     371.5457794076468190,      -0.0026842015624188,       1.1142286670152741
       -0.3194426143350075,      -0.0950857436169714,     371.5496508927735135,      -0.0950857436169714,       0.2321900673168865,      -0.0053017935992117,     371.5496508927735135,      -0.0053017935992117,       1.1180636643374968
       -0.3183497594222616,      -0.1619189579312552,     371.5507833173734866,      -0.1619189579312552,       0.2389676100643919,       0.0039490855051871,     371.5507833173734866,       0.0039490855051871,       1.1137398762078334
       -0.3172984622419591,      -0.0952200472777245,     371.5497624396228957,      -0.0952200472777245,       0.2456810232231488,       0.0082155878150186,     371.5497624396228957,       0.0082155878150186,       1.1094784207727963
       -0.3198137856208160,       0.0018899079198792,     371.5458022253560557,       0.0018899079198792,       0.2406493323423775,       0.0015098217131850,     371.5458022253560557,       0.0015098217131850,       1.1134346350642348
       -0.3201224589765209,       0.0085095128359515,     371.5388939090992153,       0.0085095128359515,       0.2424862393193565,       0.0034794297781926,     371.5388939090992153,       0.0034794297781926,       1.1151760763274701
       -0.3190147829149133,      -0.0057152399266458,     371.5308514973290244,      -0.0057152399266458,       0.2437052414180462,       0.0047781472099812,     371.5308514973290244,       0.0047781472099812,       1.1130645440542057
       -0.3205544644186227,       0.0020053110321254,     371.5224785469825974,       0.0020053110321254,       0.2428441815369946,       0.0039188451492151,     371.5224785469825974,       0.0039188451492151,       1.1141538296500062
       -0.3187639904935825,      -0.0011036190982597,     371.5143005089982466,      -0.0011036190982597,       0.2435882161607081,       0.0042443393067237,     371.5143005089982466,       0.0042443393067237,       1.1139497479794167
       -0.3199709666243212,      -0.0005116788282513,     371.5074378849794243,      -0.0005116788282513,       0.2421140426378878,       0.0032686746657204,     371.5074378849794243,       0.0032686746657204,       1.1134417187342613
       -0.3184589559771767,      -0.0003249082397905,     371.5018962998798884,      -0.0003249082397905,       0.2421316212147426,       0.0025524484953019,     371.5018962998798884,       0.0025524484953019,       1.1143090037868064
       -0.3194336684744673,      -0.0006973625081649,     371.4982451083891419,      -0.0006973625081649,       0.2404928193416975,       0.0015958874140926,     371.4982451083891419,       0.0015958874140926,       1.1133901784793554
       -0.3182203933751411,      -0.0004706486922400,     371.4963329618607872,      -0.0004706486922400,       0.2401598081874252,       0.0004714014562029,     371.4963329618607872,       0.0004714014562029,       1.1145395199838850
       -0.3169690560943348,      -0.0016101254580439,     371.4938176830941075,      -0.0016101254580439,       0.2398142847221563,      -0.0016062539852113,     371.4938176830941075,      -0.0016062539852113,       1.1157937351488196
       -0.3202781367750066,      -0.0014133612306638,     371.4957300284328312,      -0.0014133612306638,       0.2366975928076679,      -0.0045680562384905,     371.4957300284328312,      -0.0045680562384905,       1.1125686592493302
       -0.3164675378918477,      -0.0016508301842553,     371.4995764151695994,      -0.0016508301842553,       0.2379840466548458,      -0.0075283596367083,     371.4995764151695994,      -0.0075283596367083,       1.1156216306987323
       -0.3202543207994739,      -0.0015426049797557,     371.5050619352885519,      -0.0015426049797557,       0.2346394336197700,      -0.0100414694719227,     371.5050619352885519,      -0.0100414694719227,       1.1130102077156343
       -0.3154030688019517,      -0.0004986261664049,     371.5126042037376806,      -0.0004986261664049,       0.2367007648708819,      -0.0117812216799102,     371.5126042037376806,      -0.0117812216799102,       1.1142533639680967
       -0.3200219450666881,      -0.0035169954333629,     371.5207995796623095,      -0.0035169954333629,       0.2333330345080906,      -0.0131968356337820,     371.5207995796623095,      -0.0131968356337820,       1.1146808626463367
       -0.3148882699592368,       0.0047871167693277,     371.5302504057961528,       0.0047871167693277,       0.2361918860279894,      -0.0122394334472114,     371.5302504057961528,      -0.0122394334472114,       1.1110280789788645
       -0.3184068975901992,      -0.0084825701334429,     371.5389288020777485,      -0.0084825701334429,       0.2348304980693390,      -0.0117417706964384,     371.5389288020777485,      -0.0117417706964384,       1.1171251677392864
       -0.3187579351196096,      -0.0027881347837362,     371.5455592554935720,      -0.0027881347837362,       0.2330695931692535,      -0.0085949375773474,     371.5455592554935720,      -0.0085949375773474,       1.1123108043830776
       -0.3132664151287061,       0.0967679095027999,     371.5519451759398635,       0.0967679095027999,       0.2528286070662292,      -0.0005746294579805,     371.5519451759398635,      -0.0005746294579805,       1.1005620814663681
       -0.3183671585129190,       0.1655551603604280,     371.5549178601973495,       0.1655551603604280,       0.2386735867308990,      -0.0036689282615362,     371.5549178601973495,      -0.0036689282615362,       1.1139793201719566
       -0.3234754496607073,       0.0969419660011246,     371.5516459715387896,       0.0969419660011246,       0.2248262467138169,      -0.0020798510414316,     371.5516459715387896,      -0.0020798510414316,       1.1272817230366132
       -0.3180691164133070,      -0.0027714393580087,     371.5455649402390463,      -0.0027714393580087,       0.2448909913671821,       0.0097161545319481,     371.5455649402390463,       0.0097161545319481,       1.1153938186918093
       -0.3185616038478336,      -0.0084513808390484,     371.5390171464653122,      -0.0084513808390484,       0.2431624463893146,       0.0114282069819991,     371.5390171464653122,       0.0114282069819991,       1.1106414152646393
       -0.3221948786833261,       0.0048428322970937,     371.5302312149957515,       0.0048428322970937,       0.2419768570246686,       0.0122559443775994,     371.5302312149957515,       0.0122559443775994,       1.1169098773731509
       -0.3171804075895018,      -0.0035331988587854,     371.5208097081609822,      -0.0035331988587854,       0.2449454487144850,       0.0133242137074570,     371.5208097081609822,       0.0133242137074570,       1.1132936100630553
       -0.3218760303558540,      -0.0004953776066320,     371.5126513465412472,      -0.0004953776066320,       0.2416977400874306,       0.0116953725984206,     371.5126513465412472,       0.0116953725984206,       1.1138320321622948
       -0.3170632735899473,      -0.0015931072713576,     371.5050042331653799,      -0.0015931072713576,       0.2438420639752365,       0.0101534817492286,     371.5050042331653799,       0.0101534817492286,       1.1151188836681336
       -0.3208680274372840,      -0.0016755107878048,     371.4996483556006410,      -0.0016755107878048,       0.2405539865286840,       0.0074911651028304,     371.4996483556006410,       0.0074911651028304,       1.1125467424859030
       -0.3170514585241332,      -0.0014552273294210,     371.4956511056798831,      -0.0014552273294210,       0.2418771957844889,       0.0046207928298689,     371.4956511056798831,       0.0046207928298689,       1.1156227895791027
       -0.3203581371494459,      -0.0016099056130855,     371.4938963419370452,      -0.0016099056130855,       0.2387747361753680,       0.0016137137710771,     371.4938963419370452,       0.0016137137710771,       1.1124045855728768
       -0.3216454269700774,      -0.0025025374301411,     371.4889725274409784,      -0.0025025374301411,       0.2368197142057812,      -0.0024971420855556,     371.4889725274409784,      -0.0024971420855556,       1.1111229496578985
       -0.3154653243050514,      -0.0025331590399612,     371.4909099459940194,      -0.0025331590399612,       0.2397208884618510,      -0.0075075741807352,     371.4909099459940194,      -0.0075075741807352,       1.1169426206535018
       -0.3219810178666173,      -0.0025538548334121,     371.4946774708576527,      -0.0025538548334121,       0.2346922169659908,      -0.0122132428443981,     371.4946774708576527,      -0.0122132428443981,       1.1114570023482839
       -0.3144253854815539,      -0.0020314255775728,     371.5009572772801221,      -0.0020314255775728,       0.2381477184774980,      -0.0162804233300127,     371.5009572772801221,      -0.0162804233300127,       1.1153985410268756
       -0.3221390589942145,      -0.0032882677249804,     371.5083597949328578,      -0.0032882677249804,       0.2328224124711732,      -0.0196809949248770,     371.5083597949328578,      -0.0196809949248770,       1.1130987636134160
       -0.3130749083255149,       0.0009675105516963,     371.5184760472128005,       0.0009675105516963,       0.2371113758783714,      -0.0209265613627667,     371.5184760472128005,      -0.0209265613627667,       1.1112219702623565
       -0.3209588089793635,      -0.0065890146684534,     371.5283022232833900,      -0.0065890146684534,       0.2327411103247271,      -0.0214611134752980,     371.5283022232833900,      -0.0214611134752980,       1.1172044049139580
       -0.3152939506086326,       0.0067881795151324,     371.5384462211754908,       0.0067881795151324,       0.2353910537043655,      -0.0181609944879377,     371.5384462211754908,      -0.0181609944879377,       1.1069625005956270
       -0.3145094542351565,       0.0052839743301862,     371.5483308270138991,       0.0052839743301862,       0.2413133994572027,      -0.0134718955022469,     371.5483308270138991,      -0.0134718955022469,       1.1140273301134824
       -0.3241278087966057,      -0.0974721118578324,     371.5521127047709342,      -0.0974721118578324,       0.2130170619839785,      -0.0113599504626268,     371.5521127047709342,      -0.0113599504626268,       1.1352096177105402
       -0.3183507806847807,      -0.1694688061301786,     371.5520839879368395,      -0.1694688061301786,       0.2392488748668774,       0.0031188957895472,     371.5520839879368395,       0.0031188957895472,       1.1135780430108588
       -0.3126341000605755,      -0.0975812753987339,     371.5526439619919756,      -0.0975812753987339,       0.2650658605937138,       0.0135234910552820,     371.5526439619919756,       0.0135234910552820,       1.0922251052307832
       -0.3223648541752691,       0.0053828786996801,     371.5483587133643368,       0.0053828786996801,       0.2364848890165197,       0.0124998305520915,     371.5483587133643368,       0.0124998305520915,       1.1138270941496520
       -0.3216643885034925,       0.0068670348813350,     371.5383578706259300,       0.0068670348813350,       0.2426573436389937,       0.0185311164293039,     371.5383578706259300,       0.0185311164293039,       1.1210344801960768
       -0.3161688333070374,      -0.0065711452413702,     371.5283905100689594,      -0.0065711452413702,       0.2453512229817264,       0.0214552435185662,     371.5283905100689594,       0.0214552435185662,       1.1107857387904225
       -0.3241247258771153,       0.0009918810808165,     371.5184824117382618,       0.0009918810808165,       0.2411323835038894,       0.0209153576687550,     371.5184824117382618,       0.0209153576687550,       1.1169716652547754
       -0.3151309173561989,      -0.0033472045190934,     371.5083040709999409,      -0.0033472045190934,       0.2454906006046097,       0.0198080465291188,     371.5083040709999409,       0.0198080465291188,       1.1151054382299450
       -0.3228545306788664,      -0.0020818347040298,     371.5010459702202184,      -0.0020818347040298,       0.2402399286923413,       0.0162553682426035,     371.5010459702202184,       0.0162553682426035,       1.1128841374925158
       -0.3152858982278537,      -0.0026379839737741,     371.4945514257792070,      -0.0026379839737741,       0.2437349770359518,       0.0123025529319459,     371.4945514257792070,       0.0123025529319459,       1.1168383951982992
       -0.3217801331836153,      -0.0025760401369470,     371.4910316679224707,      -0.0025760401369470,       0.2387287652646384,       0.0075121089017121,     371.4910316679224707,       0.0075121089017121,       1.1113630725067163
       -0.3155826703321152,      -0.0025326085774608,     371.4888367841985541,      -0.0025326085774608,       0.2416407430123907,       0.0025379113295201,     371.4888367841985541,       0.0025379113295201,       1.1171860050469358
       -0.3140405323322061,      -0.0033016650799247,     371.4818516532901072,      -0.0033016650799247,       0.2416965104219539,      -0.0032944695541934,     371.4818516532901072,      -0.0032944695541934,       1.1187359902743998
       -0.3236218758988849,      -0.0035542491383357,     371.4837477546010405,      -0.0035542491383357,       0.2346658283124812,      -0.0100619636976443,     371.4837477546010405,      -0.0100619636976443,       1.1096449477145769
       -0.3135182320226293,      -0.0029447803822537,     371.4881349309266625,      -0.0029447803822537,       0.2399564434227108,      -0.0162554155823979,     371.4881349309266625,      -0.0162554155823979,       1.1170267450218054
       -0.3243382385652521,      -0.0040908178036552,     371.4938990355512942,      -0.0040908178036552,       0.2327755022294858,      -0.0221189634913962,     371.4938990355512942,      -0.0221189634913962,       1.1109934047970405
       -0.3118441641831383,      -0.0013840617608245,     371.5034647748425982,      -0.0013840617608245,       0.2383598552839056,      -0.0261872436730183,     371.5034647748425982,      -0.0261872436730183,       1.1123317075469907
       -0.3236888584550355,      -0.0054703880346772,     371.5134030615330403,      -0.0054703880346772,       0.2319309050383198,      -0.0291518818777375,     371.5134030615330403,      -0.0291518818777375,       1.1150050521369510
       -0.3120882142624647,       0.0033805958866941,     371.5262577739210883,       0.0033805958866941,       0.2365600192151766,      -0.0283705041524312,     371.5262577739210883,      -0.0283705041524312,       1.1051910931688269
       -0.3181761294376753,      -0.0062809992018810,     371.5388085057474541,      -0.0062809992018810,       0.2356405274523659,      -0.0256197889765531,     371.5388085057474541,      -0.0256197889765531,       1.1186510341776590
       -0.3214467311088586,      -0.0083334263362523,     371.5474567321412565,      -0.0083334263362523,       0.2281643506324655,      -0.0198961727009582,     371.5474567321412565,      -0.0198961727009582,       1.1121037666053017
       -0.3107021762589274,       0.1002195607134051,     371.5564569874724157,       0.1002195607134051,       0.2676832392822650,      -0.0069198119788411,     371.5564569874724157,      -0.0069198119788411,       1.0824672931281651
       -0.3183638567944787,       0.1777796750953818,     371.5619334480518319,       0.1777796750953818,       0.2384439667331767,      -0.0023175138063155,     371.5619334480518319,      -0.0023175138063155,       1.1143623952898731
       -0.3260694573077974,       0.1004190867555313,     371.5557503472709868,       0.1004190867555313,       0.2097911655681174,       0.0054830208240055,     371.5557503472709868,       0.0054830208240055,       1.1459016689249513
       -0.3153905132663766,      -0.0082906597858621,     371.5475031917451361,      -0.0082906597858621,       0.2498340512553197,       0.0207277692997170,     371.5475031917451361,       0.0207277692997170,       1.1158776482697013
       -0.3188916035891466,      -0.0062104322917105,     371.5389723531285426,      -0.0062104322917105,       0.2422416581878564,       0.0253312459716475,     371.5389723531285426,       0.0253312459716475,       1.1094334257079095
       -0.3250136993893925,       0.0034398621566629,     371.5261636742516771,       0.0034398621566629,       0.2415274683689849,       0.0285536934136886,     371.5261636742516771,       0.0285536934136886,       1.1231937784727761
       -0.3135620115083659,      -0.0055102747264808,     371.5134188928147410,      -0.0055102747264808,       0.2461675924350982,       0.0292204328506070,     371.5134188928147410,       0.0292204328506070,       1.1133283648520464
       -0.3253843949173887,      -0.0014399592544493,     371.5035125079850218,      -0.0014399592544493,       0.2398453084442507,       0.0262336616575832,     371.5035125079850218,       0.0262336616575832,       1.1161762288347608
       -0.3128941842923816,      -0.0042125445478495,     371.4937539719372239,      -0.0042125445478495,       0.2454450850292142,       0.0222261028394890,     371.4937539719372239,       0.0222261028394890,       1.1174776551393297
       -0.3236445029386741,      -0.0030450714804125,     371.4882717949931816,      -0.0030450714804125,       0.2382989429306159,       0.0162808351519225,     371.4882717949931816,       0.0162808351519225,       1.1114748583051766
       -0.3134968732018849,      -0.0036444065061364,     371.4835510718867795,      -0.0036444065061364,       0.2435933016296737,       0.0101334138854662,     371.4835510718867795,       0.0101334138854662,       1.1188319100503410
       -0.3230411269513693,      -0.0033244803844318,     371.4820346165510045,      -0.0033244803844318,       0.2365675568228315,       0.0033315591682422,     371.4820346165510045,       0.0033315591682422,       1.1097349966918828
       -0.3247299121877535,      -0.0041565619584480,     371.4731052446531407,      -0.0041565619584480,       0.2343612716526378,      -0.0041473064866251,     371.4731052446531407,      -0.0041473064866251,       1.1080562476125448
       -0.3126511718319310,      -0.0034627990197181,     371.4752419845036115,      -0.0034627990197181,       0.2419906374989744,      -0.0117100329321056,     371.4752419845036115,      -0.0117100329321056,       1.1190637411868676
       -0.3260553813352787,      -0.0050101216113954,     371.4788002131952567,      -0.0050101216113954,       0.2328767453299261,      -0.0197030430541737,     371.4788002131952567,      -0.0197030430541737,       1.1089386205765575
       -0.3114633963689294,      -0.0024926161564142,     371.4865254838269948,      -0.0024926161564142,       0.2400434371161406,      -0.0261595805343043,     371.4865254838269948,      -0.0261595805343043,       1.1139569608905457
       -0.3261124338219653,      -0.0058903237223041,     371.4950396285369152,      -0.0058903237223041,       0.2321392830703105,      -0.0320951985586282,     371.4950396285369152,      -0.0320951985586282,       1.1122813299971037
       -0.3105065517216692,       0.0000829268465065,     371.5087050239307018,       0.0000829268465065,       0.2374416794230829,      -0.0348193485104308,     371.5087050239307018,      -0.0348193485104308,       1.1052514715450168
       -0.3214725770774183,      -0.0062011534463811,     371.5227339607856152,      -0.0062011534463811,       0.2342379978700740,      -0.0351285704732332,     371.5227339607856152,      -0.0351285704732332,       1.1172606034107269
       -0.3169981720546373,       0.0017779750900673,     371.5367831156196416,       0.0017779750900673,       0.2325054130802924,      -0.0315348211798837,     371.5367831156196416,      -0.0315348211798837,       1.1021211972982214
       -0.3091535951594558,       0.0132247313434444,     371.5526028205963485,       0.0132247313434444,       0.2463854790575757,      -0.0225839342480460,     371.5526028205963485,      -0.0225839342480460,       1.1068689543339083
       -0.3222360067032527,      -0.0969876360753173,     371.5614131216838132,      -0.0969876360753173,       0.2058180001423386,      -0.0145618473859776,     371.5614131216838132,      -0.0145618473859776,       1.1486916319518337
       -0.3184150450813276,      -0.1804316081251101,     371.5610186325837958,      -0.1804316081251101,       0.2393541303015428,       0.0013988242440152,     371.5610186325837958,       0.0013988242440152,       1.1135349654644537
       -0.3145631537110983,      -0.0970575825166160,     371.5623163254397809,      -0.0970575825166160,       0.2722890525533483,       0.0152864128464986,     371.5623163254397809,       0.0152864128464986,       1.0789750730625096
       -0.3278530370961404,       0.0133634758128928,     371.5525480126869411,       0.0133634758128928,       0.2312522215204358,       0.0221446615624559,     371.5525480126869411,       0.0221446615624559,       1.1215414580464058
       -0.3199704494032178,       0.0018492381222072,     371.5366381171312469,       0.0018492381222072,       0.2454457748946882,       0.0319481937627914,     371.5366381171312469,       0.0319481937627914,       1.1264524611648910
       -0.3157944329094082,      -0.0061909552860015,     371.5228935484012140,      -0.0061909552860015,       0.2436077344903707,       0.0350571642553635,     371.5228935484012140,       0.0350571642553635,       1.1112678071221058
       -0.3266698560151852,       0.0000500905427724,     371.5086132999285269,       0.0000500905427724,       0.2405673290366926,       0.0350241613950349,     371.5086132999285269,       0.0350241613950349,       1.1236006839016124
       -0.3111540138370937,      -0.0060201655543118,     371.4949717259945032,      -0.0060201655543118,       0.2458198490039543,       0.0321663979717852,     371.4949717259945032,       0.0321663979717852,       1.1164482522264536
       -0.3256472355045810,      -0.0026379854361426,     371.4865834717004986,      -0.0026379854361426,       0.2379841738518518,       0.0262621711280992,     371.4865834717004986,       0.0262621711280992,       1.1148765059056829
       -0.3110062334862622,      -0.0051685046894017,     371.4785948364425394,      -0.0051685046894017,       0.2451199078551531,       0.0197870855444279,     371.4785948364425394,       0.0197870855444279,       1.1197880413832406
       -0.3242845198002838,      -0.0035704622795496,     371.4754048184743738,      -0.0035704622795496,       0.2360220164610922,       0.0117675408623655,     371.4754048184743738,       0.0117675408623655,       1.1096543519244475
       -0.3121681859006291,      -0.0041985473125303,     371.4728855538789958,      -0.0041985473125303,       0.2436399016793281,       0.0042076388893791,     371.4728855538789958,       0.0042076388893791,       1.1206188383521671
       -0.3125184408355077,      -0.0039510489265485,     371.4632657054210085,      -0.0039510489265485,       0.2434120435629322,      -0.0039437257872082,     371.4632657054210085,      -0.0039437257872082,       1.1202788139956064
       -0.3257933865880973,      -0.0053838724812783,     371.4647766977504943,      -0.0053838724812783,       0.2332425815881021,      -0.0132302305055631,     371.4647766977504943,      -0.0132302305055631,       1.1081259502591583
       -0.3127612881945132,      -0.0027530848654801,     371.4697653544538412,      -0.0027530848654801,       0.2415308408102875,      -0.0208569547589158,     371.4697653544538412,      -0.0208569547589158,       1.1153998243740972
       -0.3266011163433746,      -0.0066907974004734,     371.4756883204227051,      -0.0066907974004734,       0.2332044741388761,      -0.0291618128406889,     371.4756883204227051,      -0.0291618128406889,       1.1106059235949906
       -0.3120737974268569,      -0.0014577898618686,     371.4876912306240797,      -0.0014577898618686,       0.2382523282184077,      -0.0347961713591405,     371.4876912306240797,      -0.0347961713591405,       1.1058779060086983
       -0.3225645492019463,      -0.0063079600758498,     371.5011589236333407,      -0.0063079600758498,       0.2355022958103125,      -0.0387830130087088,     371.5011589236333407,      -0.0387830130087088,       1.1143568256079153
       -0.3161369596359175,      -0.0003107051690265,     371.5182042017537469,      -0.0003107051690265,       0.2328524839063059,      -0.0393379469579487,     371.5182042017537469,      -0.0393379469579487,       1.0983067256475580
       -0.3098432147812314,       0.0003119354614682,     371.5383497254509848,       0.0003119354614682,       0.2424633253913480,      -0.0340998838529505,     371.5383497254509848,      -0.0340998838529505,       1.1115947738394074
       -0.3283619273403264,      -0.0172288682840470,     371.5516140187722272,      -0.0172288682840470,       0.2242178524937620,      -0.0272230556422603,     371.5516140187722272,      -0.0272230556422603,       1.1163356382767622
       -0.3162097439245469,       0.0934623230469676,     371.5601316157012661,       0.0934623230469676,       0.2627742146676526,      -0.0150578317971541,     371.5601316157012661,      -0.0150578317971541,       1.0713547037880915
       -0.3182995988413562,       0.1856457158927300,     371.5684585551474015,       0.1856457158927300,       0.2383885462784002,      -0.0003396139396310,     371.5684585551474015,      -0.0003396139396310,       1.1148838295841768
       -0.3206482197783694,       0.0936067445315355,     371.5591818762463845,       0.0936067445315355,       0.2145782164148134,       0.0152349314485116,     371.5591818762463845,       0.0152349314485116,       1.1577756863663609
       -0.3084621038937013,      -0.0172032238938642,     371.5518100198078741,      -0.0172032238938642,       0.2536289885346114,       0.0274838754313232,     371.5518100198078741,       0.0274838754313232,       1.1122475521754824
       -0.3274503901883834,       0.0003998998693384,     371.5385197640079014,       0.0003998998693384,       0.2351101345998279,       0.0339967714740461,     371.5385197640079014,       0.0339967714740461,       1.1172594112296252
       -0.3209489338929071,      -0.0003112326243305,     371.5179654401949847,      -0.0003112326243305,       0.2449636693827857,       0.0397035657370859,     371.5179654401949847,       0.0397035657370859,       1.1309272534250550
       -0.3148142480495288,      -0.0063972287144969,     371.5012737097948730,      -0.0063972287144969,       0.2421489182481513,       0.0387614372244010,     371.5012737097948730,       0.0387614372244010,       1.1147159017523969
       -0.3250220888753943,      -0.0016097955829374,     371.4875426853068348,      -0.0016097955829374,       0.2395324284016161,       0.0350485250850379,     371.4875426853068348,       0.0350485250850379,       1.1234419318815967
       -0.3105154152807026,      -0.0068890431997862,     371.4755890368405744,      -0.0068890431997862,       0.2444753637951047,       0.0292123146570330,     371.4755890368405744,       0.0292123146570330,       1.1184769104372634
       -0.3240801046576121,      -0.0029438909836537,     371.4697750251932007,      -0.0029438909836537,       0.2362031330803711,       0.0209869669236225,     371.4697750251932007,       0.0209869669236225,       1.1137093224784509
       -0.3109846902946144,      -0.0055127393721277,     371.4645981643907930,      -0.0055127393721277,       0.2444401233270595,       0.0132921336345642,     371.4645981643907930,       0.0132921336345642,       1.1208216849380048
       -0.3241461570647831,      -0.0040069378086892,     371.4633985265525666,      -0.0040069378086892,       0.2342832926078060,       0.0040141354894137,     371.4633985265525666,       0.0040141354894137,       1.1086501450123534
       -0.3202701691372314,      -0.0047445089659531,     371.4528953199548482,      -0.0047445089659531,       0.2355688322818638,      -0.0047330681000053,     371.4528953199548482,      -0.0047330681000053,       1.1125379009959653
       -0.3182466003080685,      -0.0028245071226887,     371.4551172452561332,      -0.0028245071226887,       0.2406266512352879,      -0.0121861309349374,     371.4551172452561332,      -0.0121861309349374,       1.1132572141314803
       -0.3213123009140406,      -0.0066918176127136,     371.4584305120920931,      -0.0066918176127136,       0.2362384264945449,      -0.0214482816896935,     371.4584305120920931,      -0.0214482816896935,       1.1131375070773544
       -0.3200027620581767,      -0.0017744461309685,     371.4665641499017852,      -0.0017744461309685,       0.2372765797181386,      -0.0283339703640317,     371.4665641499017852,      -0.0283339703640317,       1.1047739615152341
       -0.3171081790807792,      -0.0067369189660691,     371.4777946685024403,      -0.0067369189660691,       0.2395076484741980,      -0.0351050036146809,     371.4777946685024403,      -0.0351050036146809,       1.1141069070489689
       -0.3242962847496139,      -0.0022641698347869,     371.4935055644835415,      -0.0022641698347869,       0.2309336576382662,      -0.0393315337846053,     371.4935055644835415,      -0.0393315337846053,       1.0963306925065797
       -0.3039005545181073,      -0.0013733306689916,     371.5156792141567621,      -0.0013733306689916,       0.2462600490565788,      -0.0384874248851295,     371.5156792141567621,      -0.0384874248851295,       1.1095516752964527
       -0.3354558033869820,      -0.0072479327848742,     371.5337137876580300,      -0.0072479327848742,       0.2240912250220334,      -0.0364530726440474,     371.5337137876580300,      -0.0364530726440474,       1.1039694850923301
       -0.2946104825771458,       0.0201636280456328,     371.5558372511621315,       0.0201636280456328,       0.2497414198184664,      -0.0271411498940187,     371.5558372511621315,      -0.0271411498940187,       1.0909720256717819
       -0.3120014856797031,      -0.0770992186871050,     371.5775412248078169,      -0.0770992186871050,       0.2282025272509219,      -0.0099960618399745,     371.5775412248078169,      -0.0099960618399745,       1.1452508407642870
       -0.3185843314006170,      -0.1788576118585102,     371.5780702813995049,      -0.1788576118585102,       0.2390555108626753,      -0.0004458395079787,     371.5780702813995049,      -0.0004458395079787,       1.1137730733573532
       -0.3248125179213832,      -0.0770699362252196,     371.5784735113927013,      -0.0770699362252196,       0.2495103463673117,       0.0094288253037110,     371.5784735113927013,       0.0094288253037110,       1.0831571875293031
       -0.3426404792454799,       0.0202957940501758,     371.5556223502034641,       0.0202957940501758,       0.2276186602672814,       0.0275150645609213,     371.5556223502034641,       0.0275150645609213,       1.1384051644848461
       -0.3014596329980369,      -0.0072486007052917,     371.5335666894836777,      -0.0072486007052917,       0.2535454903342420,       0.0366488192277300,     371.5335666894836777,       0.0366488192277300,       1.1254799748204398
       -0.3336397314716029,      -0.0013680031941455,     371.5159778010148557,      -0.0013680031941455,       0.2310704863948286,       0.0384790397265889,     371.5159778010148557,       0.0384790397265889,       1.1199660964130478
       -0.3127786582782056,      -0.0023865818947475,     371.4930327415904685,      -0.0023865818947475,       0.2466159496362163,       0.0397112274837837,     371.4930327415904685,       0.0397112274837837,       1.1335361916516793
       -0.3202016116492604,      -0.0069117468529400,     371.4780251989480462,      -0.0069117468529400,       0.2378166439286371,       0.0350829971776655,     371.4780251989480462,       0.0350829971776655,       1.1154479960339909
       -0.3168260513219914,      -0.0020053328094634,     371.4661495445404853,      -0.0020053328094634,       0.2401757809994461,       0.0285930239026410,     371.4661495445404853,       0.0285930239026410,       1.1248984768679586
       -0.3154922577592890,      -0.0068842810959780,     371.4585452995882520,      -0.0068842810959780,       0.2410871572869459,       0.0214705624816981,     371.4585452995882520,       0.0214705624816981,       1.1161889910646603
       -0.3182464098040799,      -0.0029873894836953,     371.4548664197074572,      -0.0029873894836953,       0.2367554356065776,       0.0123111413255685,     371.4548664197074572,       0.0123111413255685,       1.1160474874813975
       -0.3161840283670386,      -0.0047780492054711,     371.4530231524366855,      -0.0047780492054711,       0.2417735635566043,       0.0047892984533988,     371.4530231524366855,       0.0047892984533988,       1.1166251304199162
       -0.3351524906176535,      -0.0032808183846434,     371.4438755953856912,      -0.0032808183846434,       0.2316029518975879,      -0.0032762606710631,     371.4438755953856912,      -0.0032762606710631,       1.0976653705726265
       -0.3023503171923447,      -0.0049667653914914,     371.4453438329908863,      -0.0049667653914914,       0.2460411257703615,      -0.0115816552126502,     371.4453438329908863,      -0.0115816552126502,       1.1291086755778390
       -0.3414083215870455,      -0.0023828620201015,     371.4483879942272324,      -0.0023828620201015,       0.2291086717061935,      -0.0182410072133135,     371.4483879942272324,      -0.0182410072133135,       1.0934977307957721
       -0.2955504744198791,      -0.0053059932221175,     371.4578654997196736,      -0.0053059932221175,       0.2499558688255153,      -0.0254916753014347,     371.4578654997196736,      -0.0254916753014347,       1.1241895913472790
       -0.3514095583889961,      -0.0037991033190942,     371.4667957525732049,      -0.0037991033190942,       0.2229416998478329,      -0.0315808420522943,     371.4667957525732049,      -0.0315808420522943,       1.0903733014328776
       -0.2787406559017825,      -0.0009531651137519,     371.4899693176675441,      -0.0009531651137519,       0.2571880283552868,      -0.0340288499533289,     371.4899693176675441,      -0.0340288499533289,       1.1106057780809930
       -0.3635652024573718,      -0.0078933542327075,     371.5063206701384502,      -0.0078933542327075,       0.2157622881942023,      -0.0364727228209319,     371.5063206701384502,      -0.0364727228209319,       1.0989472910893421
       -0.2651401322725376,       0.0079630454271267,     371.5369200517877175,       0.0079630454271267,       0.2590504981195987,      -0.0317130540235395,     371.5369200517877175,      -0.0317130540235395,       1.0895828511133878
       -0.3548373551811991,      -0.0157768886677440,     371.5591002869413728,      -0.0157768886677440,       0.2284601084952912,      -0.0216315350032599,     371.5591002869413728,      -0.0216315350032599,       1.1223632577738598
       -0.3244569662235940,       0.0542531964871534,     371.5606537317912057,       0.0542531964871534,       0.2239034449764110,      -0.0215377579261402,     371.5606537317912057,      -0.0215377579261402,       1.0818884401859281
       -0.3181436018390925,       0.1728674281036738,     371.5705540104476654,       0.1728674281036738,       0.2386146655584833,       0.0011156104786426,     371.5705540104476654,       0.0011156104786426,       1.1153215310141269
       -0.3125713203527276,       0.0542463801731250,     371.5600121432758556,       0.0542463801731250,       0.2534141975143255,       0.0226111695608723,     371.5600121432758556,       0.0226111695608723,       1.1481079213743972
       -0.2819335646199229,      -0.0157540787462085,     371.5593724606769683,      -0.0157540787462085,       0.2489221872430194,       0.0211526677192817,     371.5593724606769683,       0.0211526677192817,       1.1070685406926144
       -0.3724975444139944,       0.0080602313328631,     371.5370582881852215,       0.0080602313328631,       0.2180581327506942,       0.0321471229607452,     371.5370582881852215,       0.0321471229607452,       1.1404651314680641
       -0.2734104909195497,      -0.0079920239985429,     371.5057480745805947,      -0.0079920239985429,       0.2615791629918607,       0.0366302234117808,     371.5057480745805947,       0.0366302234117808,       1.1312654460197613
       -0.3588631396039702,      -0.0010236047625424,     371.4905949785960502,      -0.0010236047625424,       0.2197955877131771,       0.0340698405561522,     371.4905949785960502,       0.0340698405561522,       1.1195472158064752
       -0.2854711531857035,      -0.0040154352139196,     371.4657419455227227,      -0.0040154352139196,       0.2542518787491862,       0.0319051443249540,     371.4657419455227227,       0.0319051443249540,       1.1399260053723115
       -0.3414651443988780,      -0.0054919179080831,     371.4586208708402637,      -0.0054919179080831,       0.2270046206941419,       0.0254624396116556,     371.4586208708402637,       0.0254624396116556,       1.1056562381179704
       -0.2950423495058905,      -0.0026068227349558,     371.4473121746095217,      -0.0026068227349558,       0.2479815514899668,       0.0184539632581171,     371.4473121746095217,       0.0184539632581171,       1.1363393215549351
       -0.3340533604793858,      -0.0050772267757525,     371.4461585942020747,      -0.0050772267757525,       0.2309448433059594,       0.0115900804871521,     371.4461585942020747,       0.0115900804871521,       1.1003644430251318
       -0.3010395552852251,      -0.0033585571908074,     371.4429421485627927,      -0.0033585571908074,       0.2454275758088562,       0.0033630022033932,     371.4429421485627927,       0.0033630022033932,       1.1317793199272925
       -0.2516151482326454,      -0.0020885731081071,     371.4357263603825459,      -0.0020885731081071,       0.2762125873605922,      -0.0020841895630132,     371.4357263603825459,      -0.0020841895630132,       1.1812119661103531
       -0.3927345239860295,      -0.0050157061870990,     371.4352100634429803,      -0.0050157061870990,       0.2000237824268243,      -0.0090942172710123,     371.4352100634429803,      -0.0090942172710123,       1.0484246383510238
