        1.0232886599935571,       0.0002968181219117,     168.2738400005532924,       0.0002968181219117,      -0.1357620087506756,       0.0002976746109785,     168.2738400005532640,       0.0002976746109785,       0.5050501708449101
        1.0232086470137149,       0.0003505973034942,     168.2727282741562647,       0.0003505973034942,      -0.1351644346772393,       0.0009287415231161,     168.2727282741562647,       0.0009287415231161,       0.5049729521128958
        1.0231198269162869,       0.0002092451735261,     168.2705389848058530,       0.0002092451735261,      -0.1346534576388130,       0.0014446789649206,     168.2705389848059099,       0.0014446789649206,       0.5049906597087660
        1.0228945548579922,       0.0004098014964441,     168.2674092127882375,       0.0004098014964441,      -0.1343276295628401,       0.0019327079465331,     168.2674092127882375,       0.0019327079465331,       0.5047695911496630
        1.0228589116547040,       0.0000367272358862,     168.2635145411181554,       0.0000367272358862,      -0.1339463531287082,       0.0022313389495556,     168.2635145411181554,       0.0022313389495556,       0.5049796695878377
        1.0225095551298053,       0.0002481590586434,     168.2591587164598081,       0.0002481590586434,      -0.1341549743710545,       0.0022999671165973,     168.2591587164598081,       0.0022999671165973,       0.5046765799933757
        1.0226936869507111,       0.0005511344883134,     168.2547464054513853,       0.0005511344883134,      -0.1339055110509434,       0.0024540659841208,     168.2547464054513853,       0.0024540659841208,       0.5047066607672905
        1.0224738995846403,      -0.0022846054985778,     168.2506338488471158,      -0.0022846054985778,      -0.1347562662068011,       0.0016058156304529,     168.2506338488470874,       0.0016058156304529,       0.5051367591644642
        1.0225730803345350,       0.0040276953913386,     168.2473232286533289,       0.0040276953913386,      -0.1350125039768024,       0.0017144477360959,     168.2473232286533289,       0.0017144477360959,       0.5040737518751698
        1.0234729905597069,       0.0201611947733684,     168.2453703973181689,       0.0201611947733684,      -0.1336876245938147,       0.0026294344788112,     168.2453703973181405,       0.0026294344788112,       0.5033343393895251
        1.0231834058387710,       0.0285393606201269,     168.2447105574817670,       0.0285393606201269,      -0.1363778557925408,      -0.0004502674845355,     168.2447105574817670,      -0.0004502674845355,       0.5047230356848583
        1.0228985230194036,       0.0201626235074664,     168.2453702851294679,       0.0201626235074664,      -0.1390253609567962,      -0.0029960642538208,     168.2453702851294679,      -0.0029960642538208,       0.5061242235401239
        1.0237998102752242,       0.0040363570027290,     168.2473245365832213,       0.0040363570027290,      -0.1376316158330928,      -0.0015945178677965,     168.2473245365832497,      -0.0015945178677965,       0.5054260405705356
        1.0239094857195545,      -0.0022685503505436,     168.2506256052246272,      -0.0022685503505436,      -0.1378238712170133,      -0.0016178599255146,     168.2506256052246272,      -0.0016178599255146,       0.5044496861014148
        1.0237117454141809,       0.0005660462744408,     168.2547338196095268,       0.0005660462744408,      -0.1385896760865517,      -0.0024715975695877,     168.2547338196095552,      -0.0024715975695877,       0.5049901606100685
        1.0239288710314383,       0.0002587053732186,     168.2591468010941753,       0.0002587053732186,      -0.1382454425327767,      -0.0022826150944168,     168.2591468010941753,      -0.0022826150944168,       0.5051331347710950
        1.0236214323057418,       0.0000440719452239,     168.2634986077560484,       0.0000440719452239,      -0.1383648594468569,      -0.0022390101422277,     168.2634986077560200,      -0.0022390101422277,       0.5049383968126329
        1.0236362278231366,       0.0004121232234273,     168.2673939461078874,       0.0004121232234273,      -0.1379014975425812,      -0.0019247721731903,     168.2673939461079158,      -0.0019247721731903,       0.5052436893906407
        1.0234576556473014,       0.0002091341676393,     168.2705263882588724,       0.0002091341676393,      -0.1375118840883970,      -0.0014439276012941,     168.2705263882588724,      -0.0014439276012941,       0.5050948925541922
        1.0234078909810771,       0.0003493002441240,     168.2727187434287259,       0.0003493002441240,      -0.1369557882152072,      -0.0009253979271468,     168.2727187434287259,      -0.0009253979271468,       0.5051630427612680
        1.0233487337718092,       0.0002962758971896,     168.2738375927613674,       0.0002962758971896,      -0.1363357860155341,      -0.0002953776598580,     168.2738375927614243,      -0.0002953776598580,       0.5051102146244228
        1.0232905719317609,       0.0009261628489542,     168.2750919243373176,       0.0009261628489542,      -0.1357252606271946,       0.0009288461946899,     168.2750919243373744,       0.0009288461946899,       0.5050535668268420
        1.0233486265753993,       0.0008567207335993,     168.2739532914029610,       0.0008567207335993,      -0.1351431176185884,       0.0026692707456003,     168.2739532914029894,       0.0026692707456003,       0.5051728785756453
        1.0230727480680335,       0.0009635677330763,     168.2717372733140735,       0.0009635677330763,      -0.1347181478522993,       0.0043234280691456,     168.2717372733140735,       0.0043234280691456,       0.5048490948054701
        1.0232263110052344,       0.0006625494350397,     168.2684812685578493,       0.0006625494350397,      -0.1340533192844486,       0.0056339982837292,     168.2684812685578777,       0.0056339982837292,       0.5054127344334831
        1.0225398282512608,       0.0008230068572531,     168.2644080198467407,       0.0008230068572531,      -0.1342912091422859,       0.0065728185378004,     168.2644080198467407,       0.0065728185378004,       0.5046269636258591
        1.0230609111608504,       0.0004191809893161,     168.2598071813689273,       0.0004191809893161,      -0.1334034300324937,       0.0070314611080853,     168.2598071813689558,       0.0070314611080853,       0.5053762746649337
        1.0220981438390604,      -0.0003620683289826,     168.2549693533445065,      -0.0003620683289826,      -0.1347325755526120,       0.0065291146769490,     168.2549693533445350,       0.0065291146769490,       0.5052438732018656
        1.0228079734050051,       0.0022456829745167,     168.2506060631353080,       0.0022456829745167,      -0.1336681491339931,       0.0061334086522232,     168.2506060631353364,       0.0061334086522232,       0.5037127725203608
        1.0230713603520665,      -0.0041972263267201,     168.2470616181253149,      -0.0041972263267201,      -0.1348219530019147,       0.0040485034752260,     168.2470616181253433,       0.0040485034752260,       0.5066819091585193
        1.0213769779680664,      -0.0213904528199419,     168.2441118066057300,      -0.0213904528199419,      -0.1411644243447384,       0.0003826519641656,     168.2441118066057584,       0.0003826519641656,       0.5089772139897195
        1.0231825965833530,      -0.0304404083644794,     168.2430043578842458,      -0.0304404083644794,      -0.1362893643029957,       0.0003514709796036,     168.2430043578842458,       0.0003514709796036,       0.5046273035427187
        1.0249805628686686,      -0.0213644209550173,     168.2441023921255692,      -0.0213644209550173,      -0.1314754306410503,      -0.0001261289747756,     168.2441023921255407,      -0.0001261289747756,       0.5003289271015070
        1.0233022799004237,      -0.0041574559299259,     168.2470407646659680,      -0.0041574559299259,      -0.1378386212229292,      -0.0041749632615611,     168.2470407646659112,      -0.0041749632615611,       0.5027483023049287
        1.0235789152172357,       0.0022886843356859,     168.2506030877443663,       0.0022886843356859,      -0.1389058508721756,      -0.0061287367831466,     168.2506030877443663,      -0.0061287367831466,       0.5058289516514605
        1.0243082087715469,      -0.0003208252006073,     168.2549654500547263,      -0.0003208252006073,      -0.1377527144207147,      -0.0065200408055408,     168.2549654500547547,      -0.0065200408055408,       0.5044192238071386
        1.0233805745845166,       0.0004522072667160,     168.2597886646969982,       0.0004522072667160,      -0.1389928788855899,      -0.0070407283060155,     168.2597886646969698,      -0.0070407283060155,       0.5044256292573144
        1.0239527498138066,       0.0008411904597129,     168.2643948097984037,       0.0008411904597129,      -0.1380092201285841,      -0.0065567194246235,     168.2643948097983753,      -0.0065567194246235,       0.5053015409348056
        1.0233177605676009,       0.0006692792690492,     168.2684635775512447,       0.0006692792690492,      -0.1381711154462858,      -0.0056300762581492,     168.2684635775512447,      -0.0056300762581492,       0.5046190467457760
        1.0235285483544438,       0.0009613476295972,     168.2717215877119372,       0.0009613476295972,      -0.1374408998978264,      -0.0043119800958427,     168.2717215877119372,      -0.0043119800958427,       0.5052661767018249
        1.0232934329993191,       0.0008524927945017,     168.2739442817482995,       0.0008524927945017,      -0.1369746556613217,      -0.0026622387115366,     168.2739442817482711,      -0.0026622387115366,       0.5049929383111574
        1.0233766063128285,       0.0009239268800858,     168.2750866559536576,       0.0009239268800858,      -0.1363702174267011,      -0.0009211171411448,     168.2750866559536576,      -0.0009211171411448,       0.5051395504634690
        1.0236269894860970,       0.0014376283237108,     168.2774791996015153,       0.0014376283237108,      -0.1356442736971388,       0.0014416180129829,     168.2774791996015438,       0.0014416180129829,       0.5053926636031171
        1.0231555849078813,       0.0015018076017114,     168.2763358946323251,       0.0015018076017114,      -0.1352935423149856,       0.0043077147591130,     168.2763358946322683,       0.0043077147591130,       0.5049179415787481
        1.0237343059001769,       0.0013289108129875,     168.2740147662209154,       0.0013289108129875,      -0.1343614205294986,       0.0068715006102626,     168.2740147662209154,       0.0068715006102626,       0.5058126786176260
        1.0227019316126051,       0.0014192835066504,     168.2705819357958319,       0.0014192835066504,      -0.1345871240345522,       0.0090652842447172,     168.2705819357958035,       0.0090652842447172,       0.5047779678517080
        1.0236313622682973,       0.0009984045794353,     168.2661790436965816,       0.0009984045794353,      -0.1332683471172783,       0.0105874955873720,     168.2661790436965816,       0.0105874955873720,       0.5062507081631435
        1.0218993394307589,       0.0006897665759342,     168.2609644540606553,       0.0006897665759342,      -0.1346548428674723,       0.0111339492492633,     168.2609644540606553,       0.0111339492492633,       0.5051928836204574
        1.0233254081254146,       0.0010822909300351,     168.2556635805771066,       0.0010822909300351,      -0.1328610331610752,       0.0109931720942917,     168.2556635805771350,       0.0109931720942917,       0.5050421309619181
        1.0220722572006540,      -0.0024071766493565,     168.2504390319822960,      -0.0024071766493565,      -0.1352532089722304,       0.0090436538777453,     168.2504390319823244,       0.0090436538777453,       0.5076413301626380
        1.0217584762322280,       0.0028546661081159,     168.2459243857312572,       0.0028546661081159,      -0.1353767105864446,       0.0068926057806030,     168.2459243857312572,       0.0068926057806030,       0.5026285310834384
        1.0248075420203517,       0.0212653838155919,     168.2440513142441603,       0.0212653838155919,      -0.1275005095878727,       0.0053405582720441,     168.2440513142441318,       0.0053405582720441,       0.4977116216194433
        1.0231932123574592,       0.0314242362689180,     168.2436139817823744,       0.0314242362689180,      -0.1364412722952144,      -0.0002306737429245,     168.2436139817823744,      -0.0002306737429245,       0.5046393656274454
        1.0215881812352878,       0.0212936727692286,     168.2440744768184686,       0.0212936727692286,      -0.1452515488761419,      -0.0055113371565019,     168.2440744768184686,      -0.0055113371565019,       0.5115514814979087
        1.0246159329480904,       0.0029107350158760,     168.2459579414744439,       0.0029107350158760,      -0.1372326167517201,      -0.0068439264062603,     168.2459579414744155,      -0.0068439264062603,       0.5066474318760790
        1.0243122862131591,      -0.0023377936548837,     168.2504314800565339,      -0.0023377936548837,      -0.1373092009260730,      -0.0090832948910911,     168.2504314800565908,      -0.0090832948910911,       0.5017842072349206
        1.0230874828840126,       0.0011476309261025,     168.2556513010964636,       0.0011476309261025,      -0.1396129544577849,      -0.0110006740487184,     168.2556513010964636,      -0.0110006740487184,       0.5045710308570187
        1.0245547311972090,       0.0007371483916489,     168.2609607107664260,       0.0007371483916489,      -0.1377185413725776,      -0.0111223007655095,     168.2609607107664260,      -0.0111223007655095,       0.5045906054700927
        1.0228763860069707,       0.0010258178654169,     168.2661550002320325,       0.0010258178654169,      -0.1390232417168259,      -0.0105805533128008,     168.2661550002320325,      -0.0105805533128008,       0.5036932349292227
        1.0238777871757263,       0.0014246538559258,     168.2705633585309215,       0.0014246538559258,      -0.1376217256535502,      -0.0090449427168022,     168.2705633585308931,      -0.0090449427168022,       0.5052985308084617
        1.0229061226669467,       0.0013227503385943,     168.2739957947240157,       0.0013227503385943,      -0.1377927578903045,      -0.0068587799473861,     168.2739957947240441,      -0.0068587799473861,       0.5043534290693799
        1.0235406244711338,       0.0014919396612087,     168.2763206329417471,       0.0014919396612087,      -0.1368185718251046,      -0.0042920607100158,     168.2763206329417471,      -0.0042920607100158,       0.5053106636740797
        1.0230964162050131,       0.0014336934259372,     168.2774766885672193,       0.0014336934259372,      -0.1364497096419629,      -0.0014295065291375,     168.2774766885672193,      -0.0014295065291375,       0.5048620754015880
        1.0227934081473473,       0.0019093372590309,     168.2808169808043601,       0.0019093372590309,      -0.1361743011468802,       0.0019147690746576,     168.2808169808043885,       0.0019147690746576,       0.5045628431148519
        1.0244195755714780,       0.0018686225409789,     168.2796554647988501,       0.0018686225409789,      -0.1346682865496371,       0.0055870105415373,     168.2796554647987932,       0.0055870105415373,       0.5062849122634858
        1.0227137714120376,       0.0019253169399290,     168.2772214109020865,       0.0019253169399290,      -0.1352621565021850,       0.0090165679608303,     168.2772214109020865,       0.0090165679608303,       0.5047792698305702
        1.0245724531333702,       0.0017181135907714,     168.2735983947042087,       0.0017181135907714,      -0.1333595904439062,       0.0118800392889643,     168.2735983947042371,       0.0118800392889643,       0.5070586949691216
        1.0218232583224318,       0.0014442707204832,     168.2685838020143478,       0.0014442707204832,      -0.1349254774251371,       0.0138542887191181,     168.2685838020143194,       0.0138542887191181,       0.5053525094324035
        1.0242185672492177,       0.0013437265219698,     168.2629017871343819,       0.0013437265219698,      -0.1325373191256679,       0.0148351052101581,     168.2629017871343819,       0.0148351052101581,       0.5067336186689347
        1.0212237632340795,      -0.0003695763027484,     168.2564005316391444,      -0.0003695763027484,      -0.1351607057369246,       0.0141025102846723,     168.2564005316392013,       0.0141025102846723,       0.5075792501377772
        1.0227679702300141,       0.0021087140340638,     168.2503261072795055,       0.0021087140340638,      -0.1334875910514840,       0.0124177154388476,     168.2503261072794771,       0.0124177154388476,       0.5031616317152434
        1.0237696293395246,      -0.0028069332818541,     168.2459002810625179,      -0.0028069332818541,      -0.1335456530244865,       0.0092478313413906,     168.2459002810625179,       0.0092478313413906,       0.5084938124460409
        1.0211092443792888,      -0.0240672077842651,     168.2414106778184646,      -0.0240672077842651,      -0.1443125478930014,       0.0035162835945092,     168.2414106778184362,       0.0035162835945092,       0.5152101304790107
        1.0231856781002082,      -0.0362661633510175,     168.2393763822234121,      -0.0362661633510175,      -0.1362200496220786,      -0.0000315389033503,     168.2393763822234121,      -0.0000315389033503,       0.5043535159944069
        1.0252570310840767,      -0.0240230964311966,     168.2413785389107375,      -0.0240230964311966,      -0.1282411275750865,      -0.0036454825485588,     168.2413785389107375,      -0.0036454825485588,       0.4936261080390220
        1.0226312403647080,      -0.0027364166308019,     168.2458732816287750,      -0.0027364166308019,      -0.1390674420275680,      -0.0093462733572759,     168.2458732816287750,      -0.0093462733572759,       0.5005965534972407
        1.0236328866985209,       0.0021947462040803,     168.2503530938935796,       0.0021947462040803,      -0.1390272864379150,      -0.0124319693313674,     168.2503530938936080,      -0.0124319693313674,       0.5061247779545779
        1.0251955975886919,      -0.0002902847895873,     168.2564056244564199,      -0.0002902847895873,      -0.1372774781514683,      -0.0141243845062797,     168.2564056244563915,      -0.0141243845062797,       0.5019345603768947
        1.0222518178004656,       0.0014027386293881,     168.2628783691219496,       0.0014027386293881,      -0.1398187338807068,      -0.0148260141902191,     168.2628783691219780,      -0.0148260141902191,       0.5030310280417523
        1.0247181263985523,       0.0014710825763156,     168.2685731985234838,       0.0014710825763156,      -0.1373393591771840,      -0.0138348443326423,     168.2685731985234554,      -0.0138348443326423,       0.5046174876088647
        1.0220475432737992,       0.0017204429344890,     168.2735637383734399,       0.0017204429344890,      -0.1388426757140697,      -0.0118590477631752,     168.2735637383734684,      -0.0118590477631752,       0.5030739099623199
        1.0239920245789860,       0.0019098022192704,     168.2771989851364367,       0.0019098022192704,      -0.1368813544143084,      -0.0089909798298435,     168.2771989851364367,      -0.0089909798298435,       0.5054686254468742
        1.0223477555139509,       0.0018524800456699,     168.2796354374918337,       0.0018524800456699,      -0.1374449088120283,      -0.0055688089645144,     168.2796354374918053,      -0.0055688089645144,       0.5040268601908270
        1.0240117042435266,       0.0019019772713605,     168.2808103554037018,       0.0019019772713605,      -0.1359203747577786,      -0.0018962794723451,     168.2808103554037018,      -0.0018962794723451,       0.5057810410362774
        1.0252773669251123,       0.0022000861413106,     168.2848305227241781,       0.0022000861413106,      -0.1346486523035466,       0.0022059237316282,     168.2848305227242065,       0.0022059237316282,       0.5070510123956520
        1.0221567165587384,       0.0021897208716703,     168.2835812026490601,       0.0021897208716703,      -0.1364310436991816,       0.0064706133394180,     168.2835812026490601,       0.0064706133394180,       0.5041238933342979
        1.0259120003000455,       0.0022827249106692,     168.2812256654121370,       0.0022827249106692,      -0.1334071855701401,       0.0104695667963531,     168.2812256654121370,       0.0104695667963531,       0.5079114118556154
        1.0215903796698567,       0.0019299447654945,     168.2770419162706901,       0.0019299447654945,      -0.1357939923865707,       0.0137656870170164,     168.2770419162706901,       0.0137656870170164,       0.5052771524561486
        1.0257491133598640,       0.0020925424291109,     168.2719024037727706,       0.0020925424291109,      -0.1324436854716572,       0.0162291339233368,     168.2719024037727991,       0.0162291339233368,       0.5081917966847636
        1.0205131985024798,       0.0007700069991643,     168.2648730333273193,       0.0007700069991643,      -0.1354713477601022,       0.0171383679697236,     168.2648730333272908,       0.0171383679697236,       0.5077400967712631
        1.0242053915262916,       0.0016376510330154,     168.2577736759439517,       0.0016376510330154,      -0.1329642171750698,       0.0166368213632485,     168.2577736759439517,       0.0166368213632485,       0.5055930694267654
        1.0219438706958941,      -0.0015398660462387,     168.2508554265330361,      -0.0015398660462387,      -0.1343303991328416,       0.0145649915648518,     168.2508554265330361,       0.0145649915648518,       0.5107835195676285
        1.0205268600539965,       0.0000251947955903,     168.2436998832220638,       0.0000251947955903,      -0.1371039176969586,       0.0101109301613536,     168.2436998832220354,       0.0101109301613536,       0.5044821607717798
        1.0230609961032471,       0.0229613853414737,     168.2406579546028524,       0.0229613853414737,      -0.1284510404012110,       0.0059246872698655,     168.2406579546028240,       0.0059246872698655,       0.4932867715851991
        1.0232314257409767,       0.0371777935842407,     168.2404431262461912,       0.0371777935842407,      -0.1363667361073701,       0.0001480209790107,     168.2404431262462197,       0.0001480209790107,       0.5043884796898113
        1.0233890902314526,       0.0230088172554047,     168.2407362343286934,       0.0230088172554047,      -0.1441569413421226,      -0.0057835883425442,     168.2407362343286650,      -0.0057835883425442,       0.5154483472898687
        1.0258733177727395,       0.0001124004138679,     168.2437601855697267,       0.0001124004138679,      -0.1353833622275407,      -0.0101911689991997,     168.2437601855696983,      -0.0101911689991997,       0.5043164006547569
        1.0244758656814872,      -0.0014483631649821,     168.2508429382107806,      -0.0014483631649821,      -0.1381355457888734,      -0.0146293487089367,     168.2508429382108091,      -0.0146293487089367,       0.4983080836312981
        1.0222431490906614,       0.0017234171177915,     168.2577884711352567,       0.0017234171177915,      -0.1394222908023841,      -0.0166427864373477,     168.2577884711352851,      -0.0166427864373477,       0.5038264618724071
        1.0259787301434131,       0.0008278990388263,     168.2648748478306970,       0.0008278990388263,      -0.1368438302506132,      -0.0171434629196758,     168.2648748478306686,      -0.0171434629196758,       0.5019813569798984
        1.0208313387526491,       0.0021179441441790,     168.2718595247733333,       0.0021179441441790,      -0.1398078233918279,      -0.0161997249458725,     168.2718595247733617,      -0.0161997249458725,       0.5018143763670138
        1.0250883650597629,       0.0019215764150823,     168.2770210546242708,       0.0019215764150823,      -0.1363910878999933,      -0.0137369496358622,     168.2770210546242993,      -0.0137369496358622,       0.5049282374413532
        1.0208668386542308,       0.0022587877308750,     168.2811773854960791,       0.0022587877308750,      -0.1387402958728069,      -0.0104400959476982,     168.2811773854960791,      -0.0104400959476982,       0.5024317346645550
        1.0247027247766431,       0.0021646121977619,     168.2835645086498459,       0.0021646121977619,      -0.1356837591917425,      -0.0064439451726192,     168.2835645086498459,      -0.0064439451726192,       0.5062943729978917
        1.0216257306707175,       0.0021902112288306,     168.2848134420055715,       0.0021902112288306,      -0.1374553111001414,      -0.0021840733534192,     168.2848134420055999,      -0.0021840733534192,       0.5033993714906597
        1.0207174526894542,       0.0022384764625664,     168.2890510903380346,       0.0022384764625664,      -0.1380956582604455,       0.0022444801303589,     168.2890510903380346,       0.0022444801303589,       0.5024953209899222
        1.0274156474636313,       0.0025548713726221,     168.2880820489186817,       0.0025548713726221,      -0.1330632631152109,       0.0068901536125762,     168.2880820489187101,       0.0068901536125762,       0.5090504001198732
        1.0208952155651678,       0.0019939274189496,     168.2851354711213787,       0.0019939274189496,      -0.1372774736989541,       0.0109270736753259,     168.2851354711213787,       0.0109270736753259,       0.5043641701370117
        1.0278269069638530,       0.0027922295574891,     168.2814344670243827,       0.0027922295574891,      -0.1323030102531055,       0.0146488615039009,     168.2814344670244111,       0.0146488615039009,       0.5094032743448916
        1.0198518212446945,       0.0012550887289861,     168.2748004877116159,       0.0012550887289861,      -0.1364579930170181,       0.0170244771695920,     168.2748004877116443,       0.0170244771695920,       0.5078240814338728
        1.0263029003083608,       0.0022304545297639,     168.2678484519703375,       0.0022304545297639,      -0.1328668368247037,       0.0181636920021461,     168.2678484519703375,       0.0181636920021461,       0.5077136955116176
        1.0203119169590660,       0.0001776146079548,     168.2592791357303099,       0.0001776146079548,      -0.1346747662959038,       0.0178904038782756,     168.2592791357302815,       0.0178904038782756,       0.5116644743794769
        1.0219665147248178,       0.0004261138984873,     168.2503863311537202,       0.0004261138984873,      -0.1362961224556749,       0.0146146236779433,     168.2503863311536634,       0.0146146236779433,       0.5049204616720516
        1.0242951182023721,       0.0009210137699510,     168.2448506853813512,       0.0009210137699510,      -0.1322244085820506,       0.0116652619232166,     168.2448506853813512,       0.0116652619232166,       0.5076423606181492
        1.0244861497344040,      -0.0246956865412205,     168.2399118013679526,      -0.0246956865412205,      -0.1385392143951353,       0.0067834662366623,     168.2399118013678958,       0.0067834662366623,       0.5183688103624268
        1.0232198768930021,      -0.0413865377954101,     168.2367732215529657,      -0.0413865377954101,      -0.1361549428023438,      -0.0004417435486690,     168.2367732215529941,      -0.0004417435486690,       0.5039962008394313
        1.0219781441807874,      -0.0246602334939640,     168.2398483858295322,      -0.0246602334939640,      -0.1338321054373916,      -0.0072909163726751,     168.2398483858295606,      -0.0072909163726751,       0.4898349105288449
        1.0221862734119309,       0.0009879886987680,     168.2448637563469731,       0.0009879886987680,      -0.1401813336324395,      -0.0117287876296954,     168.2448637563470015,      -0.0117287876296954,       0.5008993656651872
        1.0244849294271006,       0.0005251792647084,     168.2504632690909716,       0.0005251792647084,      -0.1360522632259112,      -0.0146780461082901,     168.2504632690909716,      -0.0146780461082901,       0.5039615659201535
        1.0261541079507919,       0.0002574378790858,     168.2592706996607319,       0.0002574378790858,      -0.1376548242867820,      -0.0179245282147702,     168.2592706996607319,      -0.0179245282147702,       0.4976205074779128
        1.0202405290554597,       0.0022825061286532,     168.2678386408005053,       0.0022825061286532,      -0.1394043169122171,      -0.0181465630276258,     168.2678386408005053,      -0.0181465630276258,       0.5019870132028047
        1.0267634055298394,       0.0012707340906271,     168.2747907651003914,       0.0012707340906271,      -0.1357685838156115,      -0.0170101933373811,     168.2747907651003629,      -0.0170101933373810,       0.5021992574843515
        1.0189237798201078,       0.0027760626703626,     168.2813566230914830,       0.0027760626703626,      -0.1398827699221422,      -0.0146048635082232,     168.2813566230914830,      -0.0146048635082232,       0.5008940669689704
        1.0259627189526124,       0.0019597446671553,     168.2851200121889406,       0.0019597446671553,      -0.1348713291806063,      -0.0108968364314845,     168.2851200121889121,      -0.0108968364314845,       0.5060790228375008
        1.0195455429759779,       0.0025232015434670,     168.2880148206115791,       0.0025232015434670,      -0.1390677802994020,      -0.0068583433775543,     168.2880148206115791,      -0.0068583433775543,       0.5014869776781198
        1.0262932898965242,       0.0022261314595267,     168.2890693569102893,       0.0022261314595267,      -0.1340236110607333,      -0.0022198077300887,     168.2890693569102325,      -0.0022198077300887,       0.5080710472559519
        1.0282083199482908,       0.0023942137328429,     168.2934467852857665,       0.0023942137328429,      -0.1324455503273809,       0.0024007866526823,     168.2934467852857949,       0.0024007866526823,       0.5099907348755951
        1.0200939916106260,       0.0017053544572951,     168.2918891091174771,       0.0017053544572951,      -0.1389044041439292,       0.0063383916800080,     168.2918891091175055,       0.0063383916800080,       0.5027739125206624
        1.0293631798167686,       0.0031810644531783,     168.2899652108285977,       0.0031810644531783,      -0.1321264307531587,       0.0107364665088094,     168.2899652108286261,       0.0107364665088094,       0.5102174769695338
        1.0197786463474796,       0.0010656635708949,     168.2845744966709844,       0.0010656635708949,      -0.1376692782503833,       0.0138321704521486,     168.2845744966709844,       0.0138321704521486,       0.5074142814126156
        1.0282091474185158,       0.0030745192560304,     168.2789856293714195,       0.0030745192560304,      -0.1331483417802747,       0.0164218745203374,     168.2789856293714195,       0.0164218745203374,       0.5088206573451026
        1.0198750524053473,       0.0007923357367896,     168.2700942370420307,       0.0007923357367896,      -0.1351906570042257,       0.0177825099259368,     168.2700942370420307,       0.0177825099259368,       0.5126004664888076
        1.0234332321716657,       0.0005675959545391,     168.2605906929729258,       0.0005675959545391,      -0.1368271386873779,       0.0162474507265969,     168.2605906929729542,       0.0162474507265969,       0.5069401316378548
        1.0234054095902896,       0.0016453432142032,     168.2522727740790458,       0.0016453432142032,      -0.1315819471710545,       0.0154697791761838,     168.2522727740790458,       0.0154697791761838,       0.5116912027552276
        1.0194310739142021,      -0.0037577336248750,     168.2431475419161018,      -0.0037577336248750,      -0.1386544783693687,       0.0105485791212981,     168.2431475419161018,       0.0105485791212981,       0.5095792468091159
        1.0177696886129923,       0.0210703477669665,     168.2365309008503402,       0.0210703477669665,      -0.1392711174575661,       0.0034089585834525,     168.2365309008503118,       0.0034089585834525,       0.4952432882848584
        1.0232965496132060,       0.0392468199124580,     168.2364732646994980,       0.0392468199124580,      -0.1361120926587288,       0.0004041907915286,     168.2364732646995265,       0.0004041907915286,       0.5040239186836634
        1.0287454875933315,       0.0211328689357497,     168.2366523308113813,       0.0211328689357497,      -0.1329608391720067,      -0.0030846751425024,     168.2366523308113813,      -0.0030846751425024,       0.5127693333851927
        1.0270783811608037,      -0.0036783887658712,     168.2431865418394068,      -0.0036783887658712,      -0.1335748259878899,      -0.0107066085107864,     168.2431865418394068,      -0.0107066085107864,       0.4986777689177667
        1.0230991835361292,       0.0017116683697025,     168.2522762692240690,       0.0017116683697025,      -0.1406772955911546,      -0.0155300089223394,     168.2522762692240690,      -0.0155300089223394,       0.4969690610986573
        1.0230925911250794,       0.0006415887541489,     168.2606671839696446,       0.0006415887541489,      -0.1354005640467644,      -0.0162862179331635,     168.2606671839696446,      -0.0162862179331635,       0.5022298765430279
        1.0266788596364183,       0.0008355011878934,     168.2700614213426320,       0.0008355011878934,      -0.1370486574999905,      -0.0177780810520502,     168.2700614213426036,      -0.0177780810520502,       0.4970412042921248
        1.0184898479593840,       0.0030770579856549,     168.2789386465137227,       0.0030770579856549,      -0.1390527566438751,      -0.0163861930377301,     168.2789386465137227,      -0.0163861930377301,       0.5012592194579122
        1.0270126995425628,       0.0010443887182585,     168.2845542238230792,       0.0010443887182585,      -0.1345194194819434,      -0.0138090582145493,     168.2845542238230792,      -0.0138090582145493,       0.5029368887103350
        1.0175968446460109,       0.0031399705441892,     168.2898486384044929,       0.0031399705441892,      -0.1400365594694701,      -0.0106877159625528,     168.2898486384044361,      -0.0106877159625528,       0.5003531503451977
        1.0269562806763604,       0.0016716031868991,     168.2919069382784301,       0.0016716031868991,      -0.1332463889546830,      -0.0063154809569210,     168.2919069382784016,      -0.0063154809569210,       0.5078664394583333
        1.0189142474182755,       0.0023791956944946,     168.2933635720330301,       0.0023791956944946,      -0.1396976421965216,      -0.0023722916545738,     168.2933635720330301,      -0.0023722916545738,       0.5006965109148648
        1.0222629787953030,       0.0015538778474717,     168.2969490868116225,       0.0015538778474717,      -0.1381585214951694,       0.0015569339050032,     168.2969490868116225,       0.0015569339050032,       0.5040478852847144
        1.0265652701371422,       0.0029214118930719,     168.2962372984954129,       0.0029214118930719,      -0.1338894151871292,       0.0059336855371658,     168.2962372984954129,       0.0059336855371658,       0.5078887044868909
        1.0235576855136204,       0.0005359620962940,     168.2929200502032359,       0.0005359620962940,      -0.1367781799923932,       0.0087825824495547,     168.2929200502032643,       0.0087825824495547,       0.5086012823096788
        1.0256451334539336,       0.0034767923796467,     168.2888950977340699,       0.0034767923796467,      -0.1354897183847571,       0.0121120035428729,     168.2888950977340414,       0.0121120035428729,       0.5071562436199661
        1.0246755498599698,       0.0006414424391216,     168.2816684057225416,       0.0006414424391216,      -0.1338431060325477,       0.0143153082486830,     168.2816684057225416,       0.0143153082486830,       0.5143273585692517
        1.0204439304985291,       0.0011980561352192,     168.2723358363211617,       0.0011980561352192,      -0.1394130958637868,       0.0144431215342799,     168.2723358363211332,       0.0144431215342799,       0.5073766095513921
        1.0273629591121842,       0.0025085399736309,     168.2631099093884757,       0.0025085399736309,      -0.1298421740732496,       0.0153951028679275,     168.2631099093884757,       0.0153951028679275,       0.5141195933715170
        1.0152723366217211,      -0.0026944518992789,     168.2520030842446204,      -0.0026944518992789,      -0.1425617662070318,       0.0119459407269617,     168.2520030842446488,       0.0119459407269617,       0.5103756162626569
        1.0270563355118225,       0.0036175608226526,     168.2434228552024251,       0.0036175608226526,      -0.1330362948465122,       0.0086293504453971,     168.2434228552024251,       0.0086293504453971,       0.5055118543186199
        1.0292749158652084,      -0.0177778431046016,     168.2416583620383506,      -0.0177778431046016,      -0.1253913635907705,       0.0081617769004344,     168.2416583620383506,       0.0081617769004344,       0.5134436761673774
        1.0232861160024704,      -0.0382480302060723,     168.2373512415374250,      -0.0382480302060723,      -0.1360838553559025,      -0.0005408203053395,     168.2373512415374250,      -0.0005408203053395,       0.5037093308864898
        1.0174286942514152,      -0.0177861305487870,     168.2416114441899424,      -0.0177861305487870,      -0.1467009389824233,      -0.0087334128506244,     168.2416114441899140,      -0.0087334128506244,       0.4942175377475088
        1.0194909614867507,       0.0036741185559031,     168.2435348794803076,       0.0036741185559031,      -0.1390565803466559,      -0.0086819121341081,     168.2435348794802792,      -0.0086819121341081,       0.5024406297097110
        1.0313012571335705,      -0.0026226285570561,     168.2520615999044651,      -0.0026226285570561,      -0.1295393017331742,      -0.0120180560760643,     168.2520615999044935,      -0.0120180560760643,       0.4981365982669070
        1.0191873599883936,       0.0025525664843371,     168.2630929334517020,       0.0025525664843371,      -0.1423368913002775,      -0.0154057324006441,     168.2630929334517020,      -0.0154057324006441,       0.4949135477153585
        1.0261912590474036,       0.0012256411285212,     168.2723903306666102,       0.0012256411285212,      -0.1327536108320852,      -0.0144627150975261,     168.2723903306666671,      -0.0144627150975261,       0.5022403877750347
        1.0220273311790775,       0.0006477910770056,     168.2815921602602884,       0.0006477910770056,      -0.1383662573931208,      -0.0142815719942248,     168.2815921602603453,      -0.0142815719942248,       0.4957558714348477
        1.0212525089932616,       0.0034413878372761,     168.2888121912896224,       0.0034413878372761,      -0.1366879107770920,      -0.0120726619795813,     168.2888121912896224,      -0.0120726619795813,       0.5032973058987625
        1.0234463882438285,       0.0005031963481121,     168.2929016145617425,       0.0005031963481121,      -0.1354142675351948,      -0.0087637385721246,     168.2929016145617709,      -0.0087637385721246,       0.5020336951310940
        1.0205941235233686,       0.0028851217568314,     168.2960993669628067,       0.0028851217568314,      -0.1382802195397347,      -0.0058922536636801,     168.2960993669627783,      -0.0058922536636801,       0.5028788824097555
        1.0249515504257956,       0.0015419520084654,     168.2970226984968178,       0.0015419520084654,      -0.1340136646013587,      -0.0015386839102220,     168.2970226984968178,      -0.0015386839102220,       0.5067366204273551
        1.0072671510539291,       0.0015829858232109,     168.2997430758670987,       0.0015829858232109,      -0.1470945867384909,       0.0015881177529032,     168.2997430758670419,       0.0015881177529032,       0.4890550701115631
        1.0431163776548789,       0.0009481971038246,     168.2997056372942097,       0.0009481971038246,      -0.1244137562403249,       0.0039612881175427,     168.2997056372941813,       0.0039612881175427,       0.5239615973292115
