       -0.3182211845019933,       0.0004706472955510,    -371.4963329721136915,       0.0004706472955510,       0.2401577594073575,       0.0004713999787213,    -371.4963329721136915,       0.0004713999787213,       1.1145388144362542
       -0.3194344250754306,       0.0006973595634609,    -371.4982451321905614,       0.0006973595634609,       0.2404908559400714,       0.0015958848165494,    -371.4982451321905614,       0.0015958848165494,       1.1133895373483194
       -0.3184596621917384,       0.0003249146632275,    -371.5018963394306866,       0.0003249146632275,       0.2421298360147282,       0.0025524431283053,    -371.5018963394306866,       0.0025524431283053,       1.1143084919801054
       -0.3199716209708767,       0.0005116932176362,    -371.5074379174752153,       0.0005116932176362,       0.2421125363508652,       0.0032686712372217,    -371.5074379174752153,       0.0032686712372217,       1.1134414159360779
       -0.3187646330697174,       0.0011036625871379,    -371.5143005556139997,       0.0011036625871379,       0.2435870928502469,       0.0042443282916590,    -371.5143005556139997,       0.0042443282916590,       1.1139497239086513
       -0.3205551339197765,      -0.0020052500038346,    -371.5224785749829266,      -0.0020052500038346,       0.2428435342640451,       0.0039188458883373,    -371.5224785749829266,       0.0039188458883373,       1.1141541588968367
       -0.3190155458547071,       0.0057153116885261,    -371.5308515041565443,       0.0057153116885261,       0.2437051206506045,       0.0047781433370737,    -371.5308515041565443,       0.0047781433370737,       1.1130652626521285
       -0.3201233499080267,      -0.0085094112342301,    -371.5388939587098776,      -0.0085094112342301,       0.2424866563974224,       0.0034794409700287,    -371.5388939587098776,       0.0034794409700287,       1.1151771806094155
       -0.3198147910893463,      -0.0018898436569208,    -371.5458021831278757,      -0.0018898436569208,       0.2406501992231695,       0.0015097846075188,    -371.5458021831278757,       0.0015097846075188,       1.1134360840234656
       -0.3172996061682144,       0.0952199474100580,    -371.5497623321368224,       0.0952199474100580,       0.2456821691807869,       0.0082161900775959,    -371.5497623321368224,       0.0082161900775959,       1.1094801099433247
       -0.3183509670412162,       0.1619188611877198,    -371.5507833105625650,       0.1619188611877198,       0.2389688529095568,       0.0039503163262175,    -371.5507833105625650,       0.0039503163262175,       1.1137416403752574
       -0.3194437542726660,       0.0950857587666563,    -371.5496509872236288,       0.0950857587666563,       0.2321912189559578,      -0.0053011891362854,    -371.5496509872236288,      -0.0053011891362854,       1.1180653541911743
       -0.3170158880369380,      -0.0018493749088618,    -371.5457794392875712,      -0.0018493749088618,       0.2372321737258427,      -0.0026842383180876,    -371.5457794392875712,      -0.0026842383180876,       1.1142301180144603
       -0.3168236163677409,      -0.0084789342421862,    -371.5388971076679923,      -0.0084789342421862,       0.2355482823054096,      -0.0031590248691674,    -371.5388971076679923,      -0.0031590248691674,       1.1125784667604992
       -0.3180661391434291,       0.0057021204087294,    -371.5308180090021324,       0.0057021204087294,       0.2344582984839340,      -0.0047437067788356,    -371.5308180090021324,      -0.0047437067788356,       1.1147580487332218
       -0.3166420109609638,      -0.0019777023054224,    -371.5224609536939511,      -0.0019777023054224,       0.2354654997821833,      -0.0040383835267457,    -371.5224609536939511,      -0.0040383835267457,       1.1137770519595840
       -0.3185200237325537,       0.0010789578514796,    -371.5143008912774008,       0.0010789578514796,       0.2348409405456108,      -0.0041103374035235,    -371.5143008912774008,      -0.0041103374035235,       1.1140492687079373
       -0.3173699548008371,       0.0005181540223892,    -371.5074117992895140,       0.0005181540223892,       0.2364102938263976,      -0.0033571231502526,    -371.5074117992895140,      -0.0033571231502526,       1.1146217008816459
       -0.3189065179297924,       0.0002987942905895,    -371.5019156517746524,       0.0002987942905895,       0.2364602194847248,      -0.0024825532977649,    -371.5019156517746524,      -0.0024825532977649,       1.1137968715781565
       -0.3179423787568552,       0.0007004566270455,    -371.4982198334276973,       0.0007004566270455,       0.2381387727838649,      -0.0016240596401340,    -371.4982198334276973,      -0.0016240596401340,       1.1147404375768724
       -0.3191558215891283,       0.0004553775418186,    -371.4963573329370661,       0.0004553775418186,       0.2384914285335785,      -0.0004546125686897,    -371.4963573329370661,      -0.0004546125686897,       1.1136041095422755
       -0.3203590525036862,       0.0016099006410963,    -371.4938963494500967,       0.0016099006410963,       0.2387727019392389,       0.0016137085207776,    -371.4938963494500967,       0.0016137085207776,       1.1124037557997639
       -0.3170523345854482,       0.0014552179784925,    -371.4956511425664871,       0.0014552179784925,       0.2418752415028225,       0.0046207811111769,    -371.4956511425664871,       0.0046207811111769,       1.1156220178409801
       -0.3208688243332204,       0.0016755152841870,    -371.4996483789136050,       0.0016755152841870,       0.2405522001049332,       0.0074911538521432,    -371.4996483789136050,       0.0074911538521432,       1.1125461095809182
       -0.3170640116901733,       0.0015931584478317,    -371.5050043025332229,       0.0015931584478317,       0.2438405459181186,       0.0101534551394159,    -371.5050043025332229,       0.0101534551394159,       1.1151184547829787
       -0.3218767111529842,       0.0004954844785928,    -371.5126513625297093,       0.0004954844785928,       0.2416965973866732,       0.0116953558908555,    -371.5126513625297093,       0.0116953558908555,       1.1138319194624453
       -0.3171811257513957,       0.0035333791963552,    -371.5208097445924409,       0.0035333791963552,       0.2449447712757687,       0.0133241953922956,    -371.5208097445924409,       0.0133241953922956,       1.1132938750683625
       -0.3221956603023982,      -0.0048425932070284,    -371.5302312768222350,      -0.0048425932070284,       0.2419767268325982,       0.0122559236516171,    -371.5302312768222350,       0.0122559236516171,       1.1169105943248883
       -0.3185625094726089,       0.0084516101375571,    -371.5390170279694644,       0.0084516101375571,       0.2431628322121309,       0.0114282431767256,    -371.5390170279694644,       0.0114282431767256,       1.1106426022410225
       -0.3180702224140605,       0.0027716488775497,    -371.5455650580524321,       0.0027716488775497,       0.2448918613410405,       0.0097162193432993,    -371.5455650580524321,       0.0097162193432993,       1.1153953778361181
       -0.3234765610499485,      -0.0969417098792425,    -371.5516462737999177,      -0.0969417098792425,       0.2248275215303014,      -0.0020805086897814,    -371.5516462737999177,      -0.0020805086897814,       1.1272835153377683
       -0.3183682332211906,      -0.1655550626752512,    -371.5549178533363488,      -0.1655550626752512,       0.2386750070988520,      -0.0036702130535913,    -371.5549178533363488,      -0.0036702130535913,       1.1139812277376877
       -0.3132675385489290,      -0.0967680809757153,    -371.5519448615932561,      -0.0967680809757153,       0.2528298701103135,      -0.0005752868660952,    -371.5519448615932561,      -0.0005752868660952,       1.1005638746096653
       -0.3187590389606144,       0.0027878960625787,    -371.5455591275902520,       0.0027878960625787,       0.2330704657902316,      -0.0085948678964647,    -371.5455591275902520,      -0.0085948678964647,       1.1123123616516402
       -0.3184078026534759,       0.0084823400540461,    -371.5389289136267621,       0.0084823400540461,       0.2348308872862157,      -0.0117417298143983,    -371.5389289136267621,      -0.0117417298143983,       1.1171263564896652
       -0.3148890528458826,      -0.0047873498575318,    -371.5302503406982737,      -0.0047873498575318,       0.2361917588792156,      -0.0122394490982594,    -371.5302503406982737,      -0.0122394490982594,       1.1110287995642376
       -0.3200226607046183,       0.0035168094448356,    -371.5207995429793186,       0.0035168094448356,       0.2333323605717036,      -0.0131968487968306,    -371.5207995429793186,      -0.0131968487968306,       1.1146811259882794
       -0.3154037506756120,       0.0004985219042753,    -371.5126041897453888,       0.0004985219042753,       0.2366996244958224,      -0.0117812346510198,    -371.5126041897453888,      -0.0117812346510198,       1.1142532539339816
       -0.3202550565410986,       0.0015425523331271,    -371.5050618695247522,       0.0015425523331271,       0.2346379180286711,      -0.0100414929443839,    -371.5050618695247522,      -0.0100414929443839,       1.1130097779361328
       -0.3164683352673713,       0.0016508260578088,    -371.4995763959971100,       0.0016508260578088,       0.2379822611559569,      -0.0075283690091762,    -371.4995763959971100,      -0.0075283690091762,       1.1156209978531362
       -0.3202790113232298,       0.0014133706418139,    -371.4957299960353794,       0.0014133706418139,       0.2366956398374774,      -0.0045680668780725,    -371.4957299960353794,      -0.0045680668780725,       1.1125678878877552
       -0.3169699721362381,       0.0016101306076562,    -371.4938176800305882,       0.0016101306076562,       0.2398122502079496,      -0.0016062588613227,    -371.4938176800305882,      -0.0016062588613227,       1.1157929044656139
       -0.3155838403290119,       0.0025325936280643,    -371.4888368233736173,       0.0025325936280643,       0.2416387461111257,       0.0025378959604889,    -371.4888368233736173,       0.0025378959604889,       1.1171849207634825
       -0.3217812315117912,       0.0025760144123678,    -371.4910316713737188,       0.0025760144123678,       0.2387268386465182,       0.0075120944406902,    -371.4910316713737188,       0.0075120944406902,       1.1113620533453838
       -0.3152869049764838,       0.0026379778387656,    -371.4945515190242418,       0.0026379778387656,       0.2437331996705617,       0.0123025122033678,    -371.4945515190242418,       0.0123025122033678,       1.1168374919290478
       -0.3228553948750826,       0.0020818908581741,    -371.5010459775537015,       0.0020818908581741,       0.2402383997247592,       0.0162553370261024,    -371.5010459775537015,       0.0162553370261024,       1.1128834791910442
       -0.3151317298161215,       0.0033473678978176,    -371.5083041602301819,       0.0033473678978176,       0.2454894225607778,       0.0198079955210599,    -371.5083041602301819,       0.0198079955210599,       1.1151051018265088
       -0.3241254813628697,      -0.0009916036760783,    -371.5184824434153370,      -0.0009916036760783,       0.2411316770364341,       0.0209153054799894,    -371.5184824434153370,       0.0209153054799894,       1.1169718148604417
       -0.3161696830945128,       0.0065715085368253,    -371.5283904283019183,       0.0065715085368253,       0.2453510307584425,       0.0214552803221701,    -371.5283904283019183,       0.0214552803221701,       1.1107864473890103
       -0.3216653856223454,      -0.0068666241523389,    -371.5383580657091898,      -0.0068666241523389,       0.2426577372957933,       0.0185310520052926,    -371.5383580657091898,       0.0185310520052926,       1.1210357622461584
       -0.3223659080408898,      -0.0053825327714991,    -371.5483585118315091,      -0.0053825327714991,       0.2364857525549957,       0.0124998719808819,    -371.5483585118315091,       0.0124998719808819,       1.1138289564786725
       -0.3126354317564092,       0.0975813428666572,    -371.5526434271549192,       0.0975813428666572,       0.2650669223067393,       0.0135245088269800,    -371.5526434271549192,       0.0135245088269800,       1.0922274180093123
       -0.3183522934166245,       0.1694687065824144,    -371.5520839824847599,       0.1694687065824144,       0.2392499855802932,       0.0031205828742463,    -371.5520839824847599,       0.0031205828742463,       1.1135804517916836
       -0.3241291210669677,       0.0974719596525870,    -371.5521132283200814,       0.0974719596525870,       0.2130181474282853,      -0.0113589267684174,    -371.5521132283200814,      -0.0113589267684174,       1.1352119304176558
       -0.3145105119555233,      -0.0052842906312459,    -371.5483310199984430,      -0.0052842906312459,       0.2413142650944854,      -0.0134718491622040,    -371.5483310199984430,      -0.0134718491622040,       1.1140292001419354
       -0.3152949471696779,      -0.0067885916527924,    -371.5384460203687809,      -0.0067885916527924,       0.2353914497938177,      -0.0181610513440713,    -371.5384460203687809,      -0.0181610513440713,       1.1069637840185249
       -0.3209596562978442,       0.0065886450896979,    -371.5283023018899371,       0.0065886450896979,       0.2327409216849525,      -0.0214610686007808,    -371.5283023018899371,      -0.0214610686007808,       1.1172051126419240
       -0.3130756656290700,      -0.0009677835027364,    -371.5184760150797842,      -0.0009677835027364,       0.2371106717361653,      -0.0209266067272551,    -371.5184760150797842,      -0.0209266067272551,       1.1112221256111496
       -0.3221398679014309,       0.0032881008300107,    -371.5083597069115626,       0.0032881008300107,       0.2328212371240869,      -0.0196810397199074,    -371.5083597069115626,      -0.0196810397199074,       1.1130984245675244
       -0.3144262509809589,       0.0020313707113025,    -371.5009572717451078,       0.0020313707113025,       0.2381461906181565,      -0.0162804504643060,    -371.5009572717451078,      -0.0162804504643060,       1.1153978848816748
       -0.3219820219365154,       0.0025538603793259,    -371.4946773797241235,       0.0025538603793259,       0.2346904412953246,      -0.0122132806515917,    -371.4946773797241235,      -0.0122132806515917,       1.1114560984294957
       -0.3154664235599065,       0.0025331852177941,    -371.4909099442465958,       0.0025331852177941,       0.2397189617106279,      -0.0075075871779307,    -371.4909099442465958,      -0.0075075871779307,       1.1169416006765860
       -0.3216465954480717,       0.0025025527210348,    -371.4889724898534382,       0.0025025527210348,       0.2368177182445849,      -0.0024971569634853,    -371.4889724898534382,      -0.0024971569634853,       1.1111218664054550
       -0.3230426630496684,       0.0033244596702920,    -371.4820345533681234,       0.0033244596702920,       0.2365656366725633,       0.0033315378765425,    -371.4820345533681234,       0.0033315378765425,       1.1097335459868614
       -0.3134983313012811,       0.0036443478011170,    -371.4835512049722865,       0.0036443478011170,       0.2435914350684937,       0.0101333679169987,    -371.4835512049722865,       0.0101333679169987,       1.1188304934417570
       -0.3236457721916476,       0.0030450344733655,    -371.4882717784330453,       0.0030450344733655,       0.2382972064168979,       0.0162807957375225,    -371.4882717784330453,       0.0162807957375225,       1.1114735837462659
       -0.3128953103088503,       0.0042125865708550,    -371.4937541320906007,       0.0042125865708550,       0.2454435578513365,       0.0222260191251004,    -371.4937541320906007,       0.0222260191251004,       1.1174765844741796
       -0.3253853100276558,       0.0014401416140288,    -371.5035125212612002,       0.0014401416140288,       0.2398441198518298,       0.0262335775995011,    -371.5035125212612002,       0.0262335775995011,       1.1161755869362000
       -0.3135629158331341,       0.0055106181215273,    -371.5134189018267534,       0.0055106181215273,       0.2461668254152045,       0.0292204104482579,    -371.5134189018267534,       0.0292204104482579,       1.1133282790099497
       -0.3250146035441847,      -0.0034393768848438,    -371.5261638246165035,      -0.0034393768848438,       0.2415272593172564,       0.0285535481881978,    -371.5261638246165035,       0.0285535481881978,       1.1231944368898297
       -0.3188926185885376,       0.0062109579894443,    -371.5389720328075782,       0.0062109579894443,       0.2422419719232374,       0.0253314329608914,    -371.5389720328075782,       0.0253314329608914,       1.1094349407756225
       -0.3153918699035202,       0.0082910935944690,    -371.5475033363235298,       0.0082910935944690,       0.2498348632888814,       0.0207278792668171,    -371.5475033363235298,       0.0207278792668171,       1.1158798767984139
       -0.3260708244309797,      -0.1004187172865512,    -371.5557510250169457,      -0.1004187172865512,       0.2097924955581858,       0.0054819262901257,    -371.5557510250169457,       0.0054819262901257,       1.1459043218682676
       -0.3183650953433268,      -0.1777795744480448,    -371.5619334433316112,      -0.1777795744480448,       0.2384455402978301,      -0.0023193067594134,    -371.5619334433316112,      -0.0023193067594134,       1.1143653093156645
       -0.3107035683172665,      -0.1002198477442973,    -371.5564563021596882,      -0.1002198477442973,       0.2676845386415986,      -0.0069209061847801,    -371.5564563021596882,      -0.0069209061847801,       1.0824699517752236
       -0.3214480803501192,       0.0083329603205272,    -371.5474565803654627,       0.0083329603205272,       0.2281651648481647,      -0.0198960550237324,    -371.5474565803654627,      -0.0198960550237324,       1.1121059897908137
       -0.3181771458345536,       0.0062804757013146,    -371.5388088212257571,       0.0062804757013146,       0.2356408443831876,      -0.0256195933185566,    -371.5388088212257571,      -0.0256195933185566,       1.1186525557075482
       -0.3120891181520555,      -0.0033810777906633,    -371.5262576213715988,      -0.0033810777906633,       0.2365598120087291,      -0.0283706405424319,    -371.5262576213715988,      -0.0283706405424319,       1.1051917572446177
       -0.3236897596435332,       0.0054700395257421,    -371.5134030512529080,       0.0054700395257421,       0.2319301405032986,      -0.0291518955006396,    -371.5134030512529080,      -0.0291518955006396,       1.1150049635098225
       -0.3118450806956905,       0.0013838818742724,    -371.5034647611327614,       0.0013838818742724,       0.2383586680153920,      -0.0261873213585559,    -371.5034647611327614,      -0.0261873213585559,       1.1123310711903329
       -0.3243393611663592,       0.0040907739327139,    -371.4938988747715030,       0.0040907739327139,       0.2327739764400070,      -0.0221190420745495,    -371.4938988747715030,      -0.0221190420745495,       1.1109923312511676
       -0.3135195023651811,       0.0029448184123343,    -371.4881349459541298,       0.0029448184123343,       0.2399547069953584,      -0.0162554521248513,    -371.4881349459541298,      -0.0162554521248513,       1.1170254713186090
       -0.3236233317661785,       0.0035543079418656,    -371.4837476193011412,       0.0035543079418656,       0.2346639626534537,      -0.0100620079237340,    -371.4837476193011412,      -0.0100620079237340,       1.1096435308212720
       -0.3140420696455793,       0.0033016865298992,    -371.4818517136155833,       0.0033016865298992,       0.2416945896403632,      -0.0032944904356050,    -371.4818517136155833,      -0.0032944904356050,       1.1187345385043894
       -0.3121702114343217,       0.0041985042250403,    -371.4728857519791632,       0.0041985042250403,       0.2436381059185186,       0.0042075951203962,    -371.4728857519791632,       0.0042075951203962,       1.1206168991289818
       -0.3242863966881419,       0.0035703737835146,    -371.4754047165649240,       0.0035703737835146,       0.2360202682027907,       0.0117674987362124,    -371.4754047165649240,       0.0117674987362124,       1.1096524572892075
       -0.3110079236961689,       0.0051684128333887,    -371.4785950985640284,       0.0051684128333887,       0.2451182463640154,       0.0197869906526376,    -371.4785950985640284,       0.0197869906526376,       1.1197862069317064
       -0.3256485885625621,       0.0026379944251989,    -371.4865834628149059,       0.0026379944251989,       0.2379827109950035,       0.0262620655274270,    -371.4865834628149059,       0.0262620655274270,       1.1148749451025273
       -0.3111552016403467,       0.0060203310020842,    -371.4949718654942217,       0.0060203310020842,       0.2458186518323880,       0.0321663110017361,    -371.4949718654942217,       0.0321663110017361,       1.1164471031941461
       -0.3266708197164908,      -0.0000497072011036,    -371.5086134175927555,      -0.0000497072011036,       0.2405665677297029,       0.0350239525641637,    -371.5086134175927555,       0.0350239525641637,       1.1236002834225367
       -0.3157954459925308,       0.0061915053469260,    -371.5228932961135229,       0.0061915053469260,       0.2436074474692517,       0.0350573080797324,    -371.5228932961135229,       0.0350573080797324,       1.1112683997258712
       -0.3199716710200338,      -0.0018486239018535,    -371.5366383828882704,      -0.0018486239018535,       0.2454460480724707,       0.0319479847974667,    -371.5366383828882704,       0.0319479847974667,       1.1264541376071711
       -0.3278542777431416,      -0.0133628805074190,    -371.5525478191642037,      -0.0133628805074190,       0.2312530394001570,       0.0221446878780519,    -371.5525478191642037,       0.0221446878780519,       1.1215442281070025
       -0.3145646594323865,       0.0970578487337380,    -371.5623154072345642,       0.0970578487337380,       0.2722900479886643,       0.0152881537826803,    -371.5623154072345642,       0.0152881537826803,       1.0789787732298013
       -0.3184168886826364,       0.1804315059378967,    -371.5610186300675650,       0.1804315059378967,       0.2393550470030952,       0.0014014582416610,    -371.5610186300675650,       0.0014014582416610,       1.1135388591388362
       -0.3222374833021219,       0.0969872895753870,    -371.5614140342665905,       0.0969872895753870,       0.2058190361120832,      -0.0145600987457076,    -371.5614140342665905,      -0.0145600987457076,       1.1486953268494460
       -0.3091548454061237,      -0.0132252955517694,    -371.5526030112390004,      -0.0132252955517694,       0.2463862988479815,      -0.0225839016955075,    -371.5526030112390004,      -0.0225839016955075,       1.1068717400572410
       -0.3169993859458864,      -0.0017785958376974,    -371.5367828473415557,      -0.0017785958376974,       0.2325056876289103,      -0.0315350214397508,    -371.5367828473415557,      -0.0315350214397508,       1.1021228715903597
       -0.3214735917713614,       0.0062006002751649,    -371.5227342103021897,       0.0062006002751649,       0.2342377131587782,      -0.0351284172296699,    -371.5227342103021897,      -0.0351284172296699,       1.1172612000612672
       -0.3105075135477078,      -0.0000833075207082,    -371.5087049046033485,      -0.0000833075207082,       0.2374409195987892,      -0.0348195495622081,    -371.5087049046033485,      -0.0348195495622081,       1.1052510774587834
       -0.3261136198040405,       0.0058901552018164,    -371.4950394858312279,       0.0058901552018164,       0.2321380863425172,      -0.0320952786125492,    -371.4950394858312279,      -0.0320952786125492,       1.1122801772149007
       -0.3114647495048667,       0.0024926089903482,    -371.4865254884306296,       0.0024926089903482,       0.2400419748217162,      -0.0261596819564204,    -371.4865254884306296,      -0.0261596819564204,       1.1139554037818491
       -0.3260570696058569,       0.0050102127427199,    -371.4787999449351332,       0.0050102127427199,       0.2328750837099599,      -0.0197031349146284,    -371.4787999449351332,      -0.0197031349146284,       1.1089367828566061
       -0.3126530491118119,       0.0034628888566945,    -371.4752420786779794,       0.0034628888566945,       0.2419888890492214,      -0.0117100739096411,    -371.4752420786779794,      -0.0117100739096411,       1.1190618468901392
       -0.3247319367078266,       0.0041566057806966,    -371.4731050379464818,       0.0041566057806966,       0.2343594760260493,      -0.0041473496406176,    -371.4731050379464818,      -0.0041473496406176,       1.1080543077158913
       -0.3241487329638645,       0.0040068901773766,    -371.4633982547707660,       0.0040068901773766,       0.2342816833266828,       0.0040140871804337,    -371.4633982547707660,       0.0040140871804337,       1.1086476538836070
       -0.3109871216011326,       0.0055126023707267,    -371.4645985449852219,       0.0055126023707267,       0.2444385316606163,       0.0132920523426951,    -371.4645985449852219,       0.0132920523426951,       1.1208191687842526
       -0.3240821808480540,       0.0029437609987347,    -371.4697749431593365,       0.0029437609987347,       0.2362016364138291,       0.0209868600132116,    -371.4697749431593365,       0.0209868600132116,       1.1137068912290025
       -0.3105171897188260,       0.0068889824444753,    -371.4755893455921978,       0.0068889824444753,       0.2444739806225089,       0.0292122026861719,    -371.4755893455921978,       0.0292122026861719,       1.1184746488142856
       -0.3250234189269646,       0.0016099464286081,    -371.4875428044143177,       0.0016099464286081,       0.2395313262714863,       0.0350482693688653,    -371.4875428044143177,       0.0350482693688653,       1.1234402039645381
       -0.3148154292304255,       0.0063975876234885,    -371.5012736135259388,       0.0063975876234885,       0.2421481412649169,       0.0387614865237313,    -371.5012736135259388,       0.0387614865237313,       1.1147150614903931
       -0.3209500617867909,       0.0003118082249430,    -371.5179657027219378,       0.0003118082249430,       0.2449633624883609,       0.0397031977435495,    -371.5179657027219378,       0.0397031977435495,       1.1309276612140446
       -0.3274515538683068,      -0.0003991843551570,    -371.5385193763427765,      -0.0003991843551570,       0.2351103740264292,       0.0339970478794114,    -371.5385193763427765,       0.0339970478794114,       1.1172613676363290
       -0.3084637604173177,       0.0172037615943682,    -371.5518097865468121,       0.0172037615943682,       0.2536295743003202,       0.0274842750546968,    -371.5518097865468121,       0.0274842750546968,       1.1122510113111672
       -0.3206502455967396,      -0.0936064191754191,    -371.5591827178445783,      -0.0936064191754191,       0.2145792434585240,       0.0152333885063764,    -371.5591827178445783,       0.0152333885063764,       1.1577800502736664
       -0.3183013617335576,      -0.1856456171017243,    -371.5684585563659539,      -0.1856456171017243,       0.2383899969642305,      -0.0003422804536199,    -371.5684585563659539,      -0.0003422804536199,       1.1148886821568236
       -0.3162117962802015,      -0.0934625778574146,    -371.5601307761544376,      -0.0934625778574146,       0.2627751995641837,      -0.0150593749437871,    -371.5601307761544376,      -0.0150593749437871,       1.0713590826162038
       -0.3283635670833400,       0.0172282969017813,    -371.5516142509600286,       0.0172282969017813,       0.2242184387293019,      -0.0272226497428807,    -371.5516142509600286,      -0.0272226497428807,       1.1163390881282376
       -0.3098443900545317,      -0.0003126434266825,    -371.5383501121476115,      -0.0003126434266825,       0.2424635665530711,      -0.0340995999501822,    -371.5383501121476115,      -0.0340995999501822,       1.1115967487201424
       -0.3161380759329805,       0.0003101275135043,    -371.5182039381326717,       0.0003101275135043,       0.2328521786116276,      -0.0393383073041428,    -371.5182039381326717,      -0.0393383073041428,       1.0983071320145052
       -0.3225657355064681,       0.0063075995131221,    -371.5011590151094651,       0.0063075995131221,       0.2355015181235103,      -0.0387829565657711,    -371.5011590151094651,      -0.0387829565657711,       1.1143559884982615
       -0.3120751225192280,       0.0014576402329586,    -371.4876911059055828,       0.0014576402329586,       0.2382512274842269,      -0.0347964220429026,    -371.4876911059055828,      -0.0347964220429026,       1.1058761816315594
       -0.3266028923274613,       0.0066908570898386,    -371.4756880021402026,       0.0066908570898386,       0.2332030888402253,      -0.0291619209625164,    -371.4756880021402026,      -0.0291619209625164,       1.1106036570729032
       -0.3127633622983647,       0.0027532165038405,    -371.4697654247677292,       0.0027532165038405,       0.2415293448220552,      -0.0208570599956603,    -371.4697654247677292,      -0.0208570599956603,       1.1153973955427201
       -0.3257958186124589,       0.0053840098375217,    -371.4647763028339114,       0.0053840098375217,       0.2332409882252690,      -0.0132303105865369,    -371.4647763028339114,      -0.0132303105865369,       1.1081234293663198
       -0.3125210156096221,       0.0039510979614739,    -371.4632659616950718,       0.0039510979614739,       0.2434104351063767,      -0.0039437741546550,    -371.4632659616950718,      -0.0039437741546550,       1.1202763253812065
       -0.3161872089554872,       0.0047779888010587,    -371.4530235465372243,       0.0047779888010587,       0.2417721762598103,       0.0047892372423235,    -371.4530235465372243,       0.0047892372423235,       1.1166220370321482
       -0.3182493683404104,       0.0029872373236041,    -371.4548662474804246,       0.0029872373236041,       0.2367540817153848,       0.0123110489672556,    -371.4548662474804246,       0.0123110489672556,       1.1160443534554454
       -0.3154948592549262,       0.0068840906872914,    -371.4585457234776413,       0.0068840906872914,       0.2410858274685807,       0.0214704738751013,    -371.4585457234776413,       0.0214704738751013,       1.1161858293344020
       -0.3168281258450678,       0.0020052579870796,    -371.4661496935869422,       0.0020052579870796,       0.2401746002777697,       0.0285927632128972,    -371.4661496935869422,       0.0285927632128972,       1.1248954904059678
       -0.3202032568088760,       0.0069118107995849,    -371.4780252940285550,       0.0069118107995849,       0.2378156269042547,       0.0350829950002292,    -371.4780252940285550,       0.0350829950002292,       1.1154455730425470
       -0.3127799765180772,       0.0023869269724179,    -371.4930330543378432,       0.0023869269724179,       0.2466152393149721,       0.0397107685836742,    -371.4930330543378432,       0.0397107685836742,       1.1335347833228695
       -0.3336408684502142,       0.0013685779443305,    -371.5159775086070795,       0.0013685779443305,       0.2310702212588411,       0.0384792608633757,    -371.5159775086070795,       0.0384792608633757,       1.1199663347208622
       -0.3014611474953400,       0.0072491978954352,    -371.5335665209054241,       0.0072491978954352,       0.2535455112607338,       0.0366487067979330,    -371.5335665209054241,       0.0366487067979330,       1.1254821839518394
       -0.3426421199640503,      -0.0202951436257203,    -371.5556226704403571,      -0.0202951436257203,       0.2276192694635676,       0.0275147193566762,    -371.5556226704403571,       0.0275147193566762,       1.1384092095133922
       -0.3248139541631188,       0.0770704456758424,    -371.5784725158459310,       0.0770704456758424,       0.2495112850531052,       0.0094308739747600,    -371.5784725158459310,       0.0094308739747600,       1.0831627715404366
       -0.3185864009628795,       0.1788575162888600,    -371.5780702830633686,       0.1788575162888600,       0.2390561422441166,      -0.0004420618648059,    -371.5780702830633686,      -0.0004420618648059,       1.1137791344052153
       -0.3120029002339173,       0.0770986485006758,    -371.5775422257775631,       0.0770986485006758,       0.2282035067164497,      -0.0099940083651935,    -371.5775422257775631,      -0.0099940083651935,       1.1452564140102719
       -0.2946121393154284,      -0.0201642519345297,    -371.5558369371074150,      -0.0201642519345297,       0.2497420340796163,      -0.0271414904060155,    -371.5558369371074150,      -0.0271414904060155,       1.0909760924414713
       -0.3354572929019420,       0.0072473242818063,    -371.5337139579028758,       0.0072473242818063,       0.2240912479454730,      -0.0364531796322317,    -371.5337139579028758,      -0.0364531796322317,       1.1039716812899893
       -0.3039017098091181,       0.0013727589065845,    -371.5156795033886965,       0.0013727589065845,       0.2462597823454488,      -0.0384871981877043,    -371.5156795033886965,      -0.0384871981877043,       1.1095519343150659
       -0.3242975854661845,       0.0022638230544289,    -371.4935052469409698,       0.0022638230544289,       0.2309329500863492,      -0.0393319875860698,    -371.4935052469409698,      -0.0393319875860698,       1.0963292776864511
       -0.3171098356421119,       0.0067368550942926,    -371.4777945618600370,       0.0067368550942926,       0.2395066270654609,      -0.0351050021312274,    -371.4777945618600370,      -0.0351050021312274,       1.1141044866842147
       -0.3200048274571328,       0.0017745219915529,    -371.4665639871465714,       0.0017745219915529,       0.2372754008972144,      -0.0283342290230773,    -371.4665639871465714,      -0.0283342290230773,       1.1047709752259496
       -0.3213149087554236,       0.0066920080712993,    -371.4584300692541206,       0.0066920080712993,       0.2362370921208347,      -0.0214483689299204,    -371.4584300692541206,      -0.0214483689299204,       1.1131343379080672
       -0.3182495536034018,       0.0028246610705170,    -371.4551173963981228,       0.0028246610705170,       0.2406252993513577,      -0.0121862233401585,    -371.4551173963981228,      -0.0121862233401585,       1.1132540846078527
       -0.3202733541604678,       0.0047445704683856,    -371.4528949027499038,       0.0047445704683856,       0.2355674417864846,      -0.0047331288129139,    -371.4528949027499038,      -0.0047331288129139,       1.1125347996968025
       -0.3010433190893799,       0.0033584867289437,    -371.4429422382933694,       0.0033584867289437,       0.2454264364656212,       0.0033629312758295,    -371.4429422382933694,       0.0033629312758295,       1.1317756414412297
       -0.3340568320439098,       0.0050770709209668,    -371.4461586841523513,       0.0050770709209668,       0.2309437154744283,       0.0115900343110616,    -371.4461586841523513,       0.0115900343110616,       1.1003607126413675
       -0.2950454416844109,       0.0026066452794424,    -371.4473126170647106,       0.0026066452794424,       0.2479804679536116,       0.0184537498777580,    -371.4473126170647106,       0.0184537498777580,       1.1363354213887074
       -0.3414675193917227,       0.0054917763660122,    -371.4586208984795803,       0.0054917763660122,       0.2270036290325153,       0.0254624411065699,    -371.4586208984795803,       0.0254624411065699,       1.1056525785995626
       -0.2854731431956633,       0.0040154989005184,    -371.4657424991670496,       0.0040154989005184,       0.2542509998635435,       0.0319047059061933,    -371.4657424991670496,       0.0319047059061933,       1.1399227617216441
       -0.3588644110159547,       0.0010238776187192,    -371.4905948973419640,       0.0010238776187192,       0.2197950571142143,       0.0340699405939856,    -371.4905948973419640,       0.0340699405939856,       1.1195453301001996
       -0.2734120238237594,       0.0079924491650678,    -371.5057478224608758,       0.0079924491650678,       0.2615787258268403,       0.0366299706895338,    -371.5057478224608758,       0.0366299706895338,       1.1312654420973578
       -0.3724988707274727,      -0.0080595845829158,    -371.5370588417841304,      -0.0080595845829158,       0.2180583261586493,       0.0321469627023147,    -371.5370588417841304,       0.0321469627023147,       1.1404674611334198
       -0.2819352458634405,       0.0157546419974232,    -371.5593710291333309,       0.0157546419974232,       0.2489225225020699,       0.0211535434053180,    -371.5593710291333309,       0.0211535434053180,       1.1070733463797464
       -0.3125744313914849,      -0.0542463699308411,    -371.5600126862041179,      -0.0542463699308411,       0.2534144662498389,       0.0226100457021679,    -371.5600126862041179,       0.0226100457021679,       1.1481146262665887
       -0.3181460789165823,      -0.1728673462296819,    -371.5705540218331748,      -0.1728673462296819,       0.2386154599006414,       0.0011120118491043,    -371.5705540218331748,       0.0011120118491043,       1.1153288256038327
       -0.3244600790763805,      -0.0542531664472868,    -371.5606532025100819,      -0.0542531664472868,       0.2239036859425996,      -0.0215388812359079,    -371.5606532025100819,      -0.0215388812359079,       1.0818951618444519
       -0.3548390188954000,       0.0157763019037405,    -371.5591017263535605,       0.0157763019037405,       0.2284604357402816,      -0.0216306574146068,    -371.5591017263535605,      -0.0216306574146068,       1.1223680595077983
       -0.2651414827401393,      -0.0079636829618430,    -371.5369195026108287,      -0.0079636829618430,       0.2590506918331071,      -0.0317132104815870,    -371.5369195026108287,      -0.0317132104815870,       1.0895852085096986
       -0.3635667036235040,       0.0078929211791702,    -371.5063209200983465,       0.0078929211791702,       0.2157618553609442,      -0.0364729716535631,    -371.5063209200983465,      -0.0364729716535631,       1.0989472679794703
       -0.2787419526226724,       0.0009528975390946,    -371.4899693891658217,       0.0009528975390946,       0.2571874916286944,      -0.0340287477484996,    -371.4899693891658217,      -0.0340287477484996,       1.1106039151877951
       -0.3514115268280212,       0.0037990360150864,    -371.4667951854686976,       0.0037990360150864,       0.2229408240881472,      -0.0315812777594362,    -371.4667951854686976,      -0.0315812777594362,       1.0903700434104675
       -0.2955528662256264,       0.0053061375239472,    -371.4578654508277396,       0.0053061375239472,       0.2499548703168699,      -0.0254916732245397,    -371.4578654508277396,      -0.0254916732245397,       1.1241859336428803
       -0.3414114016096903,       0.0023830393251508,    -371.4483875277148286,       0.0023830393251508,       0.2291075905450373,      -0.0182412202432598,    -371.4483875277148286,      -0.0182412202432598,       1.0934938293244161
       -0.3023537988344674,       0.0049669227856059,    -371.4453437141918926,       0.0049669227856059,       0.2460399923703200,      -0.0115817013786512,    -371.4453437141918926,      -0.0115817013786512,       1.1291049351956499
       -0.3351562460396330,       0.0032808900580923,    -371.4438754755282162,       0.0032808900580923,       0.2316018162032982,      -0.0032763318891634,    -371.4438754755282162,      -0.0032763318891634,       1.0976617007549085
       -0.3844322587829559,       0.0021062034910355,    -371.4383799003737749,       0.0021062034910355,       0.2005123274715488,       0.0021105548517507,    -371.4383799003737749,       0.0021105548517507,       1.0483874046243820
       -0.2433807619395270,       0.0051493010839184,    -371.4324333466946655,       0.0051493010839184,       0.2767479173788771,       0.0092181351132480,    -371.4324333466946655,       0.0092181351132480,       1.1814044265771582
