        1.0233480443941074,      -0.0002962760285549,    -168.2738375955043182,      -0.0002962760285549,      -0.1363360462518508,      -0.0002953777296897,    -168.2738375955042898,      -0.0002953777296897,       0.5051102080398049
        1.0234072021266678,      -0.0003493005936478,    -168.2727187462377572,      -0.0003493005936478,      -0.1369560482533466,      -0.0009253980391646,    -168.2727187462377572,      -0.0009253980391646,       0.5051630365122540
        1.0234569681894012,      -0.0002091346358941,    -168.2705263911180111,      -0.0002091346358941,      -0.1375121438225907,      -0.0014439276866776,    -168.2705263911180396,      -0.0014439276866776,       0.5050948866406234
        1.0236355417802636,      -0.0004121237450819,    -168.2673939489595227,      -0.0004121237450819,      -0.1379017565161122,      -0.0019247724219172,    -168.2673939489595227,      -0.0019247724219172,       0.5052436841625539
        1.0236207471938399,      -0.0000440725188659,    -168.2634986105896360,      -0.0000440725188659,      -0.1383651177770871,      -0.0022390102775904,    -168.2634986105896644,      -0.0022390102775904,       0.5049383921971851
        1.0239281868619097,      -0.0002587057924118,    -168.2591468038315554,      -0.0002587057924118,      -0.1382456994043134,      -0.0022826152386287,    -168.2591468038315554,      -0.0022826152386287,       0.5051331312241326
        1.0237110620229297,      -0.0005660466273530,    -168.2547338222829012,      -0.0005660466273530,      -0.1385899311856366,      -0.0024715982942486,    -168.2547338222828728,      -0.0024715982942486,       0.5049901585041136
        1.0239088026759728,       0.0022685502045265,    -168.2506256078362412,       0.0022685502045265,      -0.1378241242145965,      -0.0016178587167838,    -168.2506256078362412,      -0.0016178587167838,       0.5044496856907033
        1.0237991271483293,      -0.0040363570731768,    -168.2473245391395835,      -0.0040363570731768,      -0.1376318671020109,      -0.0015945185149451,    -168.2473245391395551,      -0.0015945185149451,       0.5054260414891077
        1.0228978394572839,      -0.0201626237002924,    -168.2453702877172930,      -0.0201626237002924,      -0.1390256110476166,      -0.0029960772073387,    -168.2453702877173498,      -0.0029960772073387,       0.5061242253190608
        1.0231827223928311,      -0.0285393604396944,    -168.2447105602892350,      -0.0285393604396944,      -0.1363781054920205,      -0.0004502888445562,    -168.2447105602892350,      -0.0004502888445562,       0.5047230378135281
        1.0234723072671017,      -0.0201611944810953,    -168.2453704002023471,      -0.0201611944810953,      -0.1336878747234634,       0.0026294215468079,    -168.2453704002023471,       0.0026294215468079,       0.5033343411863642
        1.0225723973275556,      -0.0040276953732127,    -168.2473232315685721,      -0.0040276953732127,      -0.1350127549533887,       0.0017144470486719,    -168.2473232315686005,       0.0017144470486719,       0.5040737531022145
        1.0224732165344750,       0.0022846056154420,    -168.2506338517619326,       0.0022846056154420,      -0.1347565193508931,       0.0016058168266177,    -168.2506338517619042,       0.0016058168266177,       0.5051367586343565
        1.0226930037429105,      -0.0005511340532351,    -168.2547464083007185,      -0.0005511340532351,      -0.1339057660450852,       0.0024540652923775,    -168.2547464083007185,       0.0024540652923775,       0.5047066587332668
        1.0225088713986756,      -0.0002481586857894,    -168.2591587192768827,      -0.0002481586857894,      -0.1341552310473352,       0.0022999670140399,    -168.2591587192768827,       0.0022999670140399,       0.5046765767430534
        1.0228582269358117,      -0.0000367266605001,    -168.2635145437897961,      -0.0000367266605001,      -0.1339466111365008,       0.0022313388726860,    -168.2635145437897961,       0.0022313388726860,       0.5049796651560780
        1.0228938682007240,      -0.0004098009243483,    -168.2674092154060190,      -0.0004098009243483,      -0.1343278892355491,       0.0019327077182014,    -168.2674092154060190,       0.0019327077182014,       0.5047695852584495
        1.0231191393185601,      -0.0002092446988773,    -168.2705389874343211,      -0.0002092446988773,      -0.1346537175463993,       0.0014446788382318,    -168.2705389874343496,       0.0014446788382318,       0.5049906536832840
        1.0232079585701266,      -0.0003505969586410,    -168.2727282768296391,      -0.0003505969586410,      -0.1351646943903553,       0.0009287413758587,    -168.2727282768296959,       0.0009287413758587,       0.5049729462312187
        1.0232879708575717,      -0.0002968180134147,    -168.2738400032754100,      -0.0002968180134147,      -0.1357622684668499,       0.0002976745336032,    -168.2738400032754100,       0.0002976745336032,       0.5050501647569607
        1.0233759174566324,      -0.0009239272484306,    -168.2750866587025200,      -0.0009239272484306,      -0.1363704763173398,      -0.0009211175374028,    -168.2750866587025200,      -0.0009211175374028,       0.5051395445934822
        1.0232927447725695,      -0.0008524937782600,    -168.2739442845403914,      -0.0008524937782600,      -0.1369749145923649,      -0.0026622390988591,    -168.2739442845403914,      -0.0026622390988591,       0.5049929324762643
        1.0235278612220611,      -0.0009613490083390,    -168.2717215906295678,      -0.0009613490083390,      -0.1374411586635309,      -0.0043119805317735,    -168.2717215906295962,      -0.0043119805317735,       0.5052661711235192
        1.0233170745692834,      -0.0006692808415040,    -168.2684635804469337,      -0.0006692808415040,      -0.1381713739782376,      -0.0056300766179511,    -168.2684635804469337,      -0.0056300766179511,       0.5046190413760167
        1.0239520650196732,      -0.0008411920234150,    -168.2643948126693090,      -0.0008411920234150,      -0.1380094778377308,      -0.0065567199008892,    -168.2643948126692806,      -0.0065567199008892,       0.5053015363225301
        1.0233798906489868,      -0.0004522086309018,    -168.2597886674817289,      -0.0004522086309018,      -0.1389931357194587,      -0.0070407287918210,    -168.2597886674817858,      -0.0070407287918210,       0.5044256254652533
        1.0243075257968961,       0.0003208243205989,    -168.2549654527192331,       0.0003208243205989,      -0.1377529689610217,      -0.0065200405442768,    -168.2549654527191763,      -0.0065200405442768,       0.5044192217811377
        1.0235782321046036,      -0.0022886849511613,    -168.2506030903340672,      -0.0022886849511613,      -0.1389061040666361,      -0.0061287382019202,    -168.2506030903340957,      -0.0061287382019202,       0.5058289509593602
        1.0233015973105657,       0.0041574557122403,    -168.2470407673817476,       0.0041574557122403,      -0.1378388721328608,      -0.0041749629712286,    -168.2470407673817192,      -0.0041749629712286,       0.5027483035266190
        1.0249798800935441,       0.0213644211583663,    -168.2441023949059229,       0.0213644211583663,      -0.1314756798152569,      -0.0001261165258634,    -168.2441023949059797,      -0.0001261165258634,       0.5003289296992538
        1.0231819136608387,       0.0304404082664508,    -168.2430043606672143,       0.0304404082664508,      -0.1362896130203020,       0.0003514918968648,    -168.2430043606672143,       0.0003514918968648,       0.5046273066196441
        1.0213762951723064,       0.0213904524840067,    -168.2441118093075545,       0.0213904524840067,      -0.1411646736488135,       0.0003826644321213,    -168.2441118093075545,       0.0003826644321213,       0.5089772165964818
        1.0230706773838576,       0.0041972265381361,    -168.2470616209036791,       0.0041972265381361,      -0.1348222043080265,       0.0040485037924867,    -168.2470616209036507,       0.0040485037924867,       0.5066819098210797
        1.0228072905369041,      -0.0022456822943403,    -168.2506060660941216,      -0.0022456822943403,      -0.1336684022365597,       0.0061334072466163,    -168.2506060660941216,       0.0061334072466163,       0.5037127716913830
        1.0220974607958893,       0.0003620692042680,    -168.2549693561985862,       0.0003620692042680,      -0.1347328303282941,       0.0065291149455538,    -168.2549693561985862,       0.0065291149455538,       0.5052438711028477
        1.0230602272426477,      -0.0004191796162309,    -168.2598071841194383,      -0.0004191796162309,      -0.1334036865965667,       0.0070314606339695,    -168.2598071841194383,       0.0070314606339695,       0.5053762709411194
        1.0225391434518036,      -0.0008230053137060,    -168.2644080224646643,      -0.0008230053137060,      -0.1342914668950810,       0.0065728180483695,    -168.2644080224646643,       0.0065728180483695,       0.5046269588149700
        1.0232256248160334,      -0.0006625478372790,    -168.2684812711563609,      -0.0006625478372790,      -0.1340535780100769,       0.0056339978757533,    -168.2684812711563609,       0.0056339978757533,       0.5054127289452955
        1.0230720610047528,      -0.0009635663677351,    -168.2717372759004206,      -0.0009635663677351,      -0.1347184067712748,       0.0043234275957907,    -168.2717372759004206,       0.0043234275957907,       0.5048490889982610
        1.0233479383619066,      -0.0008567197561076,    -168.2739532940281322,      -0.0008567197561076,      -0.1351433765810286,       0.0026692703886763,    -168.2739532940281038,       0.0026692703886763,       0.5051728728693798
        1.0232898830459958,      -0.0009261624340930,    -168.2750919270446275,      -0.0009261624340930,      -0.1357255195315198,       0.0009288458429277,    -168.2750919270446275,       0.0009288458429277,       0.5050535609864054
        1.0230957283674382,      -0.0014336938721940,    -168.2774766913430824,      -0.0014336938721940,      -0.1364499666023868,      -0.0014295069901359,    -168.2774766913430540,      -0.0014295069901359,       0.5048620706275775
        1.0235399364672175,      -0.0014919411156676,    -168.2763206357837191,      -0.0014919411156676,      -0.1368188294626287,      -0.0042920612276914,    -168.2763206357837191,      -0.0042920612276914,       0.5053106582444301
        1.0229054358188454,      -0.0013227524592679,    -168.2739957976596941,      -0.0013227524592679,      -0.1377930156656326,      -0.0068587804891729,    -168.2739957976596656,      -0.0068587804891729,       0.5043534235395221
        1.0238771012321417,      -0.0014246562881925,    -168.2705633614975795,      -0.0014246562881925,      -0.1376219833129591,      -0.0090449433178282,    -168.2705633614975511,      -0.0090449433178282,       0.5052985252762627
        1.0228757016320291,      -0.0010258202699439,    -168.2661550032058528,      -0.0010258202699439,      -0.1390234982960242,      -0.0105805538991671,    -168.2661550032058528,      -0.0105805538991671,       0.5036932303854245
        1.0245540471905563,      -0.0007371504165785,    -168.2609607135197791,      -0.0007371504165785,      -0.1377187975583194,      -0.0111223011905554,    -168.2609607135197507,      -0.0111223011905554,       0.5045906013292711
        1.0230868000475017,      -0.0011476325532087,    -168.2556513038429955,      -0.0011476325532087,      -0.1396132087001060,      -0.0110006751277131,    -168.2556513038429671,      -0.0110006751277131,       0.5045710285876764
        1.0243116035467907,       0.0023377927785472,    -168.2504314827295957,       0.0023377927785472,      -0.1373094537828057,      -0.0090832941740645,    -168.2504314827296525,      -0.0090832941740645,       0.5017842062948444
        1.0246152500264092,      -0.0029107354715511,    -168.2459579435393948,      -0.0029107354715511,      -0.1372328684174595,      -0.0068439261567208,    -168.2459579435393948,      -0.0068439261567208,       0.5066474326057506
        1.0215874972222889,      -0.0212936731467558,    -168.2440744787622293,      -0.0212936731467558,      -0.1452518005944885,      -0.0055113477317400,    -168.2440744787622293,      -0.0055113477317400,       0.5115514828219467
        1.0231925274850255,      -0.0314242361878364,    -168.2436139845345622,      -0.0314242361878363,      -0.1364415244149515,      -0.0002306923116587,    -168.2436139845345622,      -0.0002306923116587,       0.5046393664891040
        1.0248068578678762,      -0.0212653833972191,    -168.2440513178080721,      -0.0212653833972191,      -0.1275007613692694,       0.0053405477828783,    -168.2440513178080721,       0.0053405477828783,       0.4977116226373360
        1.0217577927502752,      -0.0028546656609625,    -168.2459243891591996,      -0.0028546656609625,      -0.1353769628528550,       0.0068926060768538,    -168.2459243891591711,       0.0068926060768538,       0.5026285312896144
        1.0220715744151789,       0.0024071775274546,    -168.2504390348366030,       0.0024071775274546,      -0.1352534618627605,       0.0090436546696418,    -168.2504390348366030,       0.0090436546696418,       0.5076413292528594
        1.0233247251401456,      -0.0010822892964517,    -168.2556635833882979,      -0.0010822892964517,      -0.1328612876682377,       0.0109931710900128,    -168.2556635833882979,       0.0109931710900128,       0.5050421283828882
        1.0218986554566829,      -0.0006897645148633,    -168.2609644568097167,      -0.0006897645148633,      -0.1346550989543880,       0.0111339488101181,    -168.2609644568097451,       0.0111339488101181,       0.5051928795262980
        1.0236306774836066,      -0.0009984021492643,    -168.2661790462312013,      -0.0009984021492643,      -0.1332686041649514,       0.0105874949417641,    -168.2661790462312013,       0.0105874949417641,       0.5062507031900574
        1.0227012457373188,      -0.0014192811410462,    -168.2705819383180881,      -0.0014192811410462,      -0.1345873813736179,       0.0090652836087650,    -168.2705819383181165,       0.0090652836087650,       0.5047779625053520
        1.0237336187837924,      -0.0013289087029427,    -168.2740147687397325,      -0.0013289087029427,      -0.1343616784917338,       0.0068715000431470,    -168.2740147687397041,       0.0068715000431470,       0.5058126730625404
        1.0231548970423776,      -0.0015018061197482,    -168.2763358971708385,      -0.0015018061197482,      -0.1352937997178014,       0.0043077141812867,    -168.2763358971708385,       0.0043077141812867,       0.5049179363029035
        1.0236263013529601,      -0.0014376278387711,    -168.2774792022528914,      -0.0014376278387711,      -0.1356445308641062,       0.0014416175103519,    -168.2774792022528629,       0.0014416175103519,       0.5053926586288117
        1.0240110174138879,      -0.0019019778030252,    -168.2808103582383126,      -0.0019019778030252,      -0.1359206301907654,      -0.0018962799488617,    -168.2808103582383410,      -0.0018962799488617,       0.5057810371874456
        1.0223470693532850,      -0.0018524814421622,    -168.2796354403815258,      -0.0018524814421622,      -0.1374451640193207,      -0.0055688095068602,    -168.2796354403815542,      -0.0055688095068602,       0.5040268564914251
        1.0239913387537782,      -0.0019098046607968,    -168.2771989880814374,      -0.0019098046607968,      -0.1368816098736926,      -0.0089909804017386,    -168.2771989880814374,      -0.0089909804017386,       0.5054686211821698
        1.0220468580105742,      -0.0017204459227638,    -168.2735637414980374,      -0.0017204459227638,      -0.1388429317002081,      -0.0118590485431188,    -168.2735637414980374,      -0.0118590485431188,       0.5030739051579027
        1.0247174422422072,      -0.0014710854600505,    -168.2685732014344353,      -0.0014710854600505,      -0.1373396145916476,      -0.0138348450550053,    -168.2685732014344637,      -0.0138348450550053,       0.5046174831936897
        1.0222511341923295,      -0.0014027413367962,    -168.2628783720474814,      -0.0014027413367962,      -0.1398189891211511,      -0.0148260151303115,    -168.2628783720475099,      -0.0148260151303115,       0.5030310239856334
        1.0251949145243771,       0.0002902827429380,    -168.2564056271550328,       0.0002902827429380,      -0.1372777322846534,      -0.0141243845210501,    -168.2564056271550328,      -0.0141243845210501,       0.5019345575891582
        1.0236322039741925,      -0.0021947477228118,    -168.2503530961759850,      -0.0021947477228118,      -0.1390275396935482,      -0.0124319701082221,    -168.2503530961760134,      -0.0124319701082221,       0.5061247767754570
        1.0226305576246277,       0.0027364160923230,    -168.2458732848824354,       0.0027364160923230,      -0.1390676941891697,      -0.0093462745286748,    -168.2458732848824354,      -0.0093462745286748,       0.5005965532467346
        1.0252563491137818,       0.0240230968672594,    -168.2413785428459789,       0.0240230968672594,      -0.1282413765798112,      -0.0036454747718841,    -168.2413785428459505,      -0.0036454747718841,       0.4936261102111651
        1.0231849969663032,       0.0362661633530353,    -168.2393763849708819,       0.0362661633530353,      -0.1362202965144521,      -0.0000315238199462,    -168.2393763849709103,      -0.0000315238199462,       0.5043535200352004
        1.0211085623646010,       0.0240672074339646,    -168.2414106794251154,       0.0240672074339646,      -0.1443127968325704,       0.0035162913364853,    -168.2414106794251154,       0.0035162913364853,       0.5152101326265339
        1.0237689465713560,       0.0028069338973715,    -168.2459002832639783,       0.0028069338973715,      -0.1335459053159846,       0.0092478301818026,    -168.2459002832640351,       0.0092478301818026,       0.5084938121888363
        1.0227672870614570,      -0.0021087125115877,    -168.2503261104754984,      -0.0021087125115877,      -0.1334878445603821,       0.0124177147154113,    -168.2503261104754984,       0.0124177147154113,       0.5031616302252379
        1.0212230802710474,       0.0003695783457410,    -168.2564005345256248,       0.0003695783457410,      -0.1351609599150242,       0.0141025103361462,    -168.2564005345255964,       0.0141025103361462,       0.5075792473620150
        1.0242178838032754,      -0.0013437238201811,    -168.2629017897263566,      -0.0013437238201811,      -0.1325375739433668,       0.0148351043056931,    -168.2629017897263566,       0.0148351043056931,       0.5067336147576779
        1.0218225742058822,      -0.0014442678133174,    -168.2685838046002402,      -0.0014442678133174,      -0.1349257329323467,       0.0138542880229656,    -168.2685838046002402,       0.0138542880229656,       0.5053525050625544
        1.0245717681063211,      -0.0017181106071900,    -168.2735983970802920,      -0.0017181106071900,      -0.1333598460629904,       0.0118800384873642,    -168.2735983970802636,       0.0118800384873642,       0.5070586904594030
        1.0227130854544992,      -0.0019253145130751,    -168.2772214133758553,      -0.0019253145130751,      -0.1352624120121339,       0.0090165672996490,    -168.2772214133758837,       0.0090165672996490,       0.5047792655086725
        1.0244188890666872,      -0.0018686211025966,    -168.2796554673103060,      -0.0018686211025966,      -0.1346685419938932,       0.0055870099025135,    -168.2796554673102776,       0.0055870099025135,       0.5062849083223038
        1.0227927215016257,      -0.0019093367380549,    -168.2808169833238878,      -0.0019093367380549,      -0.1361745563870153,       0.0019147685439984,    -168.2808169833238594,       0.0019147685439984,       0.5045628395684736
        1.0216250451688671,      -0.0021902117158822,    -168.2848134447166615,      -0.0021902117158822,      -0.1374555647249521,      -0.0021840738376602,    -168.2848134447166615,      -0.0021840738376602,       0.5033993689794269
        1.0247020396769868,      -0.0021646134783078,    -168.2835645115094110,      -0.0021646134783078,      -0.1356840128274804,      -0.0064439455513059,    -168.2835645115094110,      -0.0064439455513059,       0.5062943702515430
        1.0208661540877584,      -0.0022587899161801,    -168.2811773884839113,      -0.0022587899161801,      -0.1387405490697187,      -0.0104400965915255,    -168.2811773884839113,      -0.0104400965915255,       0.5024317319411933
        1.0250876807508420,      -0.0019215794659992,    -168.2770210576748013,      -0.0019215794659992,      -0.1363913420975690,      -0.0137369501602587,    -168.2770210576748298,      -0.0137369501602587,       0.5049282341398953
        1.0208306550439517,      -0.0021179474387242,    -168.2718595278286671,      -0.0021179474387242,      -0.1398080775808883,      -0.0161997257733600,    -168.2718595278286955,      -0.0161997257733600,       0.5018143728765994
        1.0259780469558617,      -0.0008279019716146,    -168.2648748506252048,      -0.0008279019716146,      -0.1368440842215242,      -0.0171434632678770,    -168.2648748506251479,      -0.0171434632678770,       0.5019813539519605
        1.0222424656941442,      -0.0017234196747928,    -168.2577884738237515,      -0.0017234196747928,      -0.1394225450778776,      -0.0166427871495983,    -168.2577884738236946,      -0.0166427871495983,       0.5038264591012424
        1.0244751831518875,       0.0014483614464665,    -168.2508429412908413,       0.0014483614464665,      -0.1381357988455600,      -0.0146293492005153,    -168.2508429412907844,      -0.0146293492005153,       0.4983080821281318
        1.0258726347107783,      -0.0001124014443694,    -168.2437601873232893,      -0.0001124014443694,      -0.1353836155670568,      -0.0101911672561824,    -168.2437601873232325,      -0.0101911672561824,       0.5043164002277832
        1.0233884072215280,      -0.0230088184057400,    -168.2407362349062510,      -0.0230088184057400,      -0.1441571943278829,      -0.0057835919743684,    -168.2407362349062794,      -0.0057835919743684,       0.5154483496976231
        1.0232307418899260,      -0.0371777936836659,    -168.2404431290803757,      -0.0371777936836659,      -0.1363669907560199,       0.0001480115134619,    -168.2404431290803757,       0.0001480115134619,       0.5043884815391425
        1.0230603126973474,      -0.0229613842912167,    -168.2406579595628102,      -0.0229613842912167,      -0.1284512940184994,       0.0059246835865797,    -168.2406579595627534,       0.0059246835865797,       0.4932867733691469
        1.0205261774341592,      -0.0000251937325570,    -168.2436998869078195,      -0.0000251937325570,      -0.1371041707869585,       0.0101109319562983,    -168.2436998869078195,       0.0101109319562983,       0.5044821607929280
        1.0219431878705170,       0.0015398678216229,    -168.2508554289088920,       0.0015398678216229,      -0.1343306523796254,       0.0145649911281525,    -168.2508554289089204,       0.0145649911281525,       0.5107835180126482
        1.0242047085403554,      -0.0016376484998792,    -168.2577736788122138,      -0.0016376484998792,      -0.1329644712098963,       0.0166368206618304,    -168.2577736788122138,       0.0166368206618304,       0.5055930667589902
        1.0205125155129222,      -0.0007700040547672,    -168.2648730360994591,      -0.0007700040547672,      -0.1354716016778923,       0.0171383676302800,    -168.2648730360994875,       0.0171383676302800,       0.5077400939243869
        1.0257484293038932,      -0.0020925391718247,    -168.2719024061802315,      -0.0020925391718247,      -0.1324439398051038,       0.0162291330882346,    -168.2719024061802315,       0.0162291330882346,       0.5081917928949627
        1.0215896949963672,      -0.0019299417063030,    -168.2770419187181972,      -0.0019299417063030,      -0.1357942468272532,       0.0137656864444873,    -168.2770419187181972,       0.0137656864444873,       0.5052771487562088
        1.0259113156285329,      -0.0022827226754499,    -168.2812256678572567,      -0.0022827226754499,      -0.1334074388658734,       0.0104695660639719,    -168.2812256678572567,       0.0104695660639719,       0.5079114091452097
        1.0221560316464984,      -0.0021897195971703,    -168.2835812051162634,      -0.0021897195971703,      -0.1364312971694437,       0.0064706128969553,    -168.2835812051162634,       0.0064706128969553,       0.5041238908870117
        1.0252766813704555,      -0.0022000856662819,    -168.2848305253098147,      -0.0022000856662819,      -0.1346489055931655,       0.0022059232420053,    -168.2848305253098147,       0.0022059232420053,       0.5070510099297569
        1.0262926062524784,      -0.0022261317807868,    -168.2890693596783080,      -0.0022261317807868,      -0.1340238628541418,      -0.0022198080270299,    -168.2890693596783080,      -0.0022198080270299,       0.5080710465507383
        1.0195448595331640,      -0.0025232028403848,    -168.2880148232691795,      -0.0025232028403848,      -0.1390680322976215,      -0.0068583439150770,    -168.2880148232692079,      -0.0068583439150770,       0.5014869766686016
        1.0259620359877140,      -0.0019597464165554,    -168.2851200151463900,      -0.0019597464165554,      -0.1348715805701068,      -0.0108968367409008,    -168.2851200151463615,      -0.0108968367409008,       0.5060790221855295
        1.0189230966836733,      -0.0027760653197808,    -168.2813566261288827,      -0.0027760653197808,      -0.1398830217424730,      -0.0146048642564184,    -168.2813566261288827,      -0.0146048642564184,       0.5008940656495667
        1.0267627219543949,      -0.0012707373031915,    -168.2747907678575245,      -0.0012707373031915,      -0.1357688375378003,      -0.0170101935923232,    -168.2747907678575530,      -0.0170101935923232,       0.5021992550652261
        1.0202398454836055,      -0.0022825091664350,    -168.2678386437799816,      -0.0022825091664350,      -0.1394045705832272,      -0.0181465635151777,    -168.2678386437799816,      -0.0181465635151777,       0.5019870108106563
        1.0261534251267095,      -0.0002574405353542,    -168.2592707027295091,      -0.0002574405353542,      -0.1376550777998603,      -0.0179245288036037,    -168.2592707027295376,      -0.0179245288036037,       0.4976205058223447
        1.0244842464537156,      -0.0005251814767246,    -168.2504632707232588,      -0.0005251814767246,      -0.1360525172959848,      -0.0146780450081455,    -168.2504632707232588,      -0.0146780450081455,       0.5039615650894449
        1.0221855901750463,      -0.0009879903720688,    -168.2448637595809373,      -0.0009879903720688,      -0.1401815884230889,      -0.0117287887868978,    -168.2448637595809373,      -0.0117287887868978,       0.5008993648900035
        1.0219774618018052,       0.0246602330986455,    -168.2398483915720249,       0.0246602330986455,      -0.1338323559895216,      -0.0072909160286025,    -168.2398483915719964,      -0.0072909160286025,       0.4898349110882751
        1.0232191952525769,       0.0413865380105540,    -168.2367732243453986,       0.0413865380105540,      -0.1361551917579124,      -0.0004417396931802,    -168.2367732243454270,      -0.0004417396931802,       0.5039962015502546
        1.0244854670876411,       0.0246956872099406,    -168.2399118011369978,       0.0246956872099406,      -0.1385394652233780,       0.0067834667255082,    -168.2399118011369978,       0.0067834667255082,       0.5183688108666017
        1.0242944346752101,      -0.0009210120764559,    -168.2448506876073679,      -0.0009210120764559,      -0.1322246634773317,       0.0116652608659727,    -168.2448506876073395,       0.0116652608659727,       0.5076423597817185
        1.0219658317519855,      -0.0004261117232987,    -168.2503863349967617,      -0.0004261117232987,      -0.1362963763209773,       0.0146146248419428,    -168.2503863349967617,       0.0146146248419428,       0.5049204609939228
        1.0203112340855915,      -0.0001776119170347,    -168.2592791382641337,      -0.0001776119170347,      -0.1346750196925693,       0.0178904032647878,    -168.2592791382641906,       0.0178904032647878,       0.5116644727338066
        1.0263022174686118,      -0.0022304515483279,    -168.2678484545483286,      -0.0022304515483279,      -0.1328670899475322,       0.0181636913815405,    -168.2678484545483855,       0.0181636913815405,       0.5077136937753919
        1.0198511376054913,      -0.0012550854755032,    -168.2748004903976380,      -0.0012550854755032,      -0.1364582467772053,       0.0170244767470272,    -168.2748004903976948,       0.0170244767470272,       0.5078240791660279
        1.0278262237558460,      -0.0027922269057698,    -168.2814344694612885,      -0.0027922269057698,      -0.1323032620423239,       0.0146488606297058,    -168.2814344694612885,       0.0146488606297058,       0.5094032730135638
        1.0208945324290910,      -0.0019939256287733,    -168.2851354735808513,      -0.0019939256287733,      -0.1372777253502394,       0.0109270732982496,    -168.2851354735808229,       0.0109270732982496,       0.5043641692703674
        1.0274149644732076,      -0.0025548700603523,    -168.2880820515209734,      -0.0025548700603523,      -0.1330635144375700,       0.0068901530092639,    -168.2880820515210019,       0.0068901530092639,       0.5090503997866795
        1.0207167693300310,      -0.0022384761592079,    -168.2890510927984451,      -0.0022384761592079,      -0.1380959098995008,       0.0022444797921789,    -168.2890510927984451,       0.0022444797921789,       0.5024953206904096
        1.0189135665648650,      -0.0023791960833288,    -168.2933635746253174,      -0.0023791960833288,      -0.1396978921193126,      -0.0023722920610079,    -168.2933635746253174,      -0.0023722920610079,       0.5006965131235231
        1.0269555998493674,      -0.0016716040626224,    -168.2919069409572330,      -0.0016716040626224,      -0.1332466386483500,      -0.0063154811389605,    -168.2919069409572330,      -0.0063154811389605,       0.5078664416551867
        1.0175961629445855,      -0.0031399721442613,    -168.2898486411095575,      -0.0031399721442613,      -0.1400368100376585,      -0.0106877165375739,    -168.2898486411095291,      -0.0106877165375739,       0.5003531515447193
        1.0270120176105983,      -0.0010443905929302,    -168.2845542265224026,      -0.0010443905929302,      -0.1345196696440950,      -0.0138090581997205,    -168.2845542265223742,      -0.0138090581997205,       0.5029368903699375
        1.0184891652726427,      -0.0030770606573964,    -168.2789386493345205,      -0.0030770606573964,      -0.1390530088832486,      -0.0163861932814894,    -168.2789386493345489,      -0.0163861932814894,       0.5012592197430691
        1.0266781764279422,      -0.0008355041157322,    -168.2700614243129849,      -0.0008355041157322,      -0.1370489106236470,      -0.0177780815451383,    -168.2700614243129849,      -0.0177780815451383,       0.4970412039389973
        1.0230919079786625,      -0.0006415913880215,    -168.2606671861708492,      -0.0006415913880215,      -0.1354008177539917,      -0.0162862167759215,    -168.2606671861708492,      -0.0162862167759215,       0.5022298766296919
        1.0230984997669843,      -0.0017116707633394,    -168.2522762726864016,      -0.0017116707633394,      -0.1406775503003570,      -0.0155300103637189,    -168.2522762726864300,      -0.0155300103637189,       0.4969690601946247
        1.0270776977145357,       0.0036783872767824,    -168.2431865448995438,       0.0036783872767824,      -0.1335750809087886,      -0.0107066084193242,    -168.2431865448995438,      -0.0107066084193242,       0.4986777676004689
        1.0287448047507970,      -0.0211328696226910,    -168.2366523305140618,      -0.0211328696226910,      -0.1329610934938092,      -0.0030846718739442,    -168.2366523305140902,      -0.0030846718739442,       0.5127693353254329
        1.0232958656009878,      -0.0392468201580949,    -168.2364732674968479,      -0.0392468201580949,      -0.1361123496010972,       0.0004041941500052,    -168.2364732674967911,       0.0004041941500052,       0.5040239204433077
        1.0177690055440554,      -0.0210703473525392,    -168.2365309067245676,      -0.0210703473525392,      -0.1392713721560074,       0.0034089618659558,    -168.2365309067245676,       0.0034089618659558,       0.4952432898682453
        1.0194303906636129,       0.0037577351977796,    -168.2431475443662237,       0.0037577351977796,      -0.1386547330933522,       0.0105485792114258,    -168.2431475443662237,       0.0105485792114258,       0.5095792456320700
        1.0234047262468353,      -0.0016453407907435,    -168.2522727761773069,      -0.0016453407907435,      -0.1315822014254446,       0.0154697776258957,    -168.2522727761772785,       0.0154697776258957,       0.5116912022231884
        1.0234325492315173,      -0.0005675933967146,    -168.2605906964095652,      -0.0005675933967146,      -0.1368273925212730,       0.0162474517327150,    -168.2605906964095936,       0.0162474517327150,       0.5069401315853929
        1.0198743693779970,      -0.0007923327658603,    -168.2700942395915717,      -0.0007923327658603,      -0.1351909099618801,       0.0177825093013995,    -168.2700942395915717,       0.0177825093013995,       0.5126004663260512
        1.0282084646610179,      -0.0030745166255525,    -168.2789856320227955,      -0.0030745166255525,      -0.1331485940629064,       0.0164218740920464,    -168.2789856320228239,       0.0164218740920464,       0.5088206574223086
        1.0197779643563123,      -0.0010656615815322,    -168.2845744993815629,      -0.0010656615815322,      -0.1376695283119236,       0.0138321702816021,    -168.2845744993815060,       0.0138321702816021,       0.5074142827898037
        1.0293624982931842,      -0.0031810628750219,    -168.2899652134461803,      -0.0031810628750219,      -0.1321266811007371,       0.0107364658242088,    -168.2899652134461803,       0.0107364658242088,       0.5102174784043897
        1.0200933102483645,      -0.0017053535999483,    -168.2918891116563600,      -0.0017053535999483,      -0.1389046542370345,       0.0063383914539302,    -168.2918891116563316,       0.0063383914539302,       0.5027739142627317
        1.0282076386102996,      -0.0023942133006365,    -168.2934467878732789,      -0.0023942133006365,      -0.1324458005698390,       0.0024007862436080,    -168.2934467878732789,       0.0024007862436080,       0.5099907363369856
        1.0249508716282147,      -0.0015419521917492,    -168.2970227008756297,      -0.0015419521917492,      -0.1340139134289284,      -0.0015386840987485,    -168.2970227008756012,      -0.0015386840987485,       0.5067366244522770
        1.0205934442757720,      -0.0028851224781287,    -168.2960993696048604,      -0.0028851224781287,      -0.1382804685535845,      -0.0058922539728495,    -168.2960993696048888,      -0.0058922539728495,       0.5028788864540651
        1.0234457085673110,      -0.0005031974423464,    -168.2929016168631335,      -0.0005031974423464,      -0.1354145165519428,      -0.0087637385852528,    -168.2929016168631620,      -0.0087637385852528,       0.5020336994718487
        1.0212518279388705,      -0.0034413892711344,    -168.2888121936924506,      -0.0034413892711344,      -0.1366881607267519,      -0.0120726618998089,    -168.2888121936924506,      -0.0120726618998089,       0.5032973098185781
        1.0220266497802759,      -0.0006477928827751,    -168.2815921632243601,      -0.0006477928827751,      -0.1383665076382098,      -0.0142815725376477,    -168.2815921632243601,      -0.0142815725376477,       0.4957558752063936
        1.0261905759963041,      -0.0012256435753838,    -168.2723903325785955,      -0.0012256435753838,      -0.1327538642039719,      -0.0144627139159253,    -168.2723903325786239,      -0.0144627139159253,       0.5022403901581565
        1.0191866761104462,      -0.0025525689121511,    -168.2630929370820638,      -0.0025525689121511,      -0.1423371455970519,      -0.0154057336060794,    -168.2630929370820922,      -0.0154057336060794,       0.4949135488770385
        1.0313005737448955,       0.0026226268026154,    -168.2520616026426410,       0.0026226268026154,      -0.1295395565521655,      -0.0120180549828189,    -168.2520616026426410,      -0.0120180549828189,       0.4981365986770885
        1.0194902768698220,      -0.0036741201951349,    -168.2435348813510245,      -0.0036741201951349,      -0.1390568371710438,      -0.0086819099939773,    -168.2435348813509961,      -0.0086819099939773,       0.5024406292001017
        1.0174280096610600,       0.0177861288726346,    -168.2416114493719306,       0.0177861288726346,      -0.1467011951714204,      -0.0087334170341582,    -168.2416114493719306,      -0.0087334170341582,       0.4942175358279992
        1.0232854326193381,       0.0382480305221686,    -168.2373512443129187,       0.0382480305221686,      -0.1360841091397488,      -0.0005408279700107,    -168.2373512443129471,      -0.0005408279700107,       0.5037093291129479
        1.0292742312378098,       0.0177778450468469,    -168.2416583624209068,       0.0177778450468469,      -0.1253916197393034,       0.0081617727131675,    -168.2416583624209068,       0.0081617727131675,       0.5134436743214593
        1.0270556514047671,      -0.0036175593181209,    -168.2434228589445127,      -0.0036175593181209,      -0.1330365514005772,       0.0086293525573617,    -168.2434228589445411,       0.0086293525573617,       0.5055118541287557
        1.0152716532842958,       0.0026944536669037,    -168.2520030871513939,       0.0026944536669037,      -0.1425620209342333,       0.0119459417258969,    -168.2520030871514223,       0.0119459417258969,       0.5103756167634572
        1.0273622755140579,      -0.0025085374442390,    -168.2631099113682467,      -0.0025085374442390,      -0.1298424282376276,       0.0153951015330913,    -168.2631099113682751,       0.0153951015330913,       0.5141195944636701
        1.0204432474687568,      -0.0011980537360488,    -168.2723358399522340,      -0.0011980537360488,      -0.1394133491909003,       0.0144431225783610,    -168.2723358399522340,       0.0144431225783610,       0.5073766118841496
        1.0246748686269078,      -0.0006414405620675,    -168.2816684082137044,      -0.0006414405620675,      -0.1338433562031937,       0.0143153075638039,    -168.2816684082137044,       0.0143153075638039,       0.5143273623696519
        1.0256444523391135,      -0.0034767909621339,    -168.2888951006684977,      -0.0034767909621339,      -0.1354899682791724,       0.0121120034976036,    -168.2888951006684692,       0.0121120034976036,       0.5071562474940301
        1.0235570058313570,      -0.0005359610000908,    -168.2929200531753793,      -0.0005359610000908,      -0.1367784288383065,       0.0087825823054253,    -168.2929200531753793,       0.0087825823054253,       0.5086012867176863
        1.0265645906122454,      -0.0029214111380307,    -168.2962373009912369,      -0.0029214111380307,      -0.1338896644999004,       0.0059336851327097,    -168.2962373009912085,       0.0059336851327097,       0.5078887083281907
        1.0222622996947068,      -0.0015538776533804,    -168.2969490895697788,      -0.0015538776533804,      -0.1381587703006944,       0.0015569336807911,    -168.2969490895698073,       0.0015569336807911,       0.5040478892562500
        1.0400259058344570,      -0.0015739186460077,    -168.2998752093083112,      -0.0015739186460077,      -0.1250983440500493,      -0.0015685251010232,    -168.2998752093083112,      -0.0015685251010232,       0.5218139692212139
        1.0041114030742422,      -0.0009244131699891,    -168.2994677090771631,      -0.0009244131699891,      -0.1477941964736952,      -0.0039406022560766,    -168.2994677090771916,      -0.0039406022560766,       0.4868913004073867
