        0.0157823720691056,      -0.0001035515597032,       0.0002236946024639,      -0.0001035515597032,     186.6111705382158164,      -0.0001035515643670,       0.0002236946024639,      -0.0001035515643670,       0.0157823720434308
        0.0150855245192154,      -0.0003233976662971,       0.0006986044025957,      -0.0003233976662971,     186.6117889817239757,      -0.0001188217569912,       0.0006986044025957,      -0.0001188217569912,       0.0167886240655548
        0.0138675966258566,      -0.0004451892475179,       0.0010851237140032,      -0.0004451892475179,     186.6128374440218636,      -0.0000183042611060,       0.0010851237140032,      -0.0000183042611060,       0.0187135633410050
        0.0122728881776923,      -0.0006334508229797,       0.0014604362542596,      -0.0006334508229797,     186.6140278957362852,      -0.0002121345658834,       0.0014604362542596,      -0.0002121345658834,       0.0213670405159826
        0.0103738762593593,      -0.0005811988669810,       0.0016883339333872,      -0.0005811988669810,     186.6153684086805242,       0.0003068418474820,       0.0016883339333872,       0.0003068418474820,       0.0245711642392824
        0.0081631153577991,      -0.0006014604804741,       0.0017555291978356,      -0.0006014604804741,     186.6168465078155805,      -0.0005011394355323,       0.0017555291978356,      -0.0005011394355323,       0.0279716429147797
        0.0057734868975488,      -0.0006928681989706,       0.0018771784807329,      -0.0006928681989706,     186.6182568262836412,       0.0007625055715823,       0.0018771784807329,       0.0007625055715823,       0.0314292615175224
        0.0035410711927039,      -0.0000211456152129,       0.0012128165529634,      -0.0000211456152129,     186.6199052143635129,       0.0001502014806680,       0.0012128165529634,       0.0001502014806680,       0.0343819039188182
        0.0015022676350413,      -0.0006884126135791,       0.0013334584891340,      -0.0006884126135791,     186.6208621544529649,      -0.0032785684928200,       0.0013334584891340,      -0.0032785684928200,       0.0366096146635481
        0.0003974853531684,      -0.0018994192690525,       0.0022406457042792,      -0.0018994192690525,     186.6202503419875711,       0.0163055121551606,       0.0022406457042792,       0.0163055121551606,       0.0398753639313694
        0.0001535348110262,      -0.0000000000004146,       0.0000000000120658,      -0.0000000000004146,     186.6195661056316624,       0.0360105702648942,       0.0000000000120658,       0.0360105702648942,       0.0420147810756129
        0.0003974853300583,       0.0018994192601688,      -0.0022406457018536,       0.0018994192601688,     186.6202503419124525,       0.0163055121681092,      -0.0022406457018536,       0.0163055121681092,       0.0398753638260631
        0.0015022676687500,       0.0006884126061541,      -0.0013334584919697,       0.0006884126061541,     186.6208621545495134,      -0.0032785685088479,      -0.0013334584919697,      -0.0032785685088479,       0.0366096146613093
        0.0035410713410280,       0.0000211456270383,      -0.0012128165465540,       0.0000211456270383,     186.6199052145856285,       0.0001502014659094,      -0.0012128165465540,       0.0001502014659094,       0.0343819041082334
        0.0057734871197090,       0.0006928682091974,      -0.0018771784799512,       0.0006928682091974,     186.6182568264399606,       0.0007625055714957,      -0.0018771784799512,       0.0007625055714957,       0.0314292616472280
        0.0081631152627515,       0.0006014604871051,      -0.0017555292094504,       0.0006014604871051,     186.6168465077508927,      -0.0005011394165698,      -0.0017555292094504,      -0.0005011394165698,       0.0279716428711099
        0.0103738765989971,       0.0005811988444800,      -0.0016883339385654,       0.0005811988444800,     186.6153684090797924,       0.0003068418772608,      -0.0016883339385654,       0.0003068418772608,       0.0245711645686334
        0.0122728879321243,       0.0006334508333943,      -0.0014604362546029,       0.0006334508333943,     186.6140278955668919,      -0.0002121345338558,      -0.0014604362546029,      -0.0002121345338558,       0.0213670402960751
        0.0138675965895974,       0.0004451892522633,      -0.0010851236970089,       0.0004451892522633,     186.6128374440630182,      -0.0000183042440998,      -0.0010851236970089,      -0.0000183042440998,       0.0187135634126024
        0.0150855246880567,       0.0003233976536921,      -0.0006986044182018,       0.0003233976536921,     186.6117889819565505,      -0.0001188217468156,      -0.0006986044182018,      -0.0001188217468156,       0.0167886242241375
        0.0157823719159780,       0.0001035515676876,      -0.0002236946061338,       0.0001035515676876,     186.6111705381966033,      -0.0001035515529364,      -0.0002236946061338,      -0.0001035515529364,       0.0157823719878872
        0.0143184122133001,      -0.0003263886902848,       0.0002539861035138,      -0.0003263886902848,     186.6125148442556565,      -0.0003263886692922,       0.0002539861035138,      -0.0003263886692922,       0.0143184121927546
        0.0138568014815789,      -0.0009311978110725,       0.0006085267984245,      -0.0009311978110725,     186.6128935083830243,      -0.0002989035449109,       0.0006085267984245,      -0.0002989035449109,       0.0152503625709777
        0.0128784076692046,      -0.0014701543330957,       0.0010968009315797,      -0.0014701543330957,     186.6135542295728840,      -0.0003219506590802,       0.0010968009315797,      -0.0003219506590802,       0.0170168435843168
        0.0114528374685468,      -0.0017354701712473,       0.0013456772637432,      -0.0017354701712473,     186.6146405446173446,      -0.0000490160988721,       0.0013456772637432,      -0.0000490160988721,       0.0195442900488701
        0.0095944565091194,      -0.0019597633693560,       0.0016345469721474,      -0.0019597633693560,     186.6158083043549425,      -0.0004734453650090,       0.0016345469721474,      -0.0004734453650090,       0.0224747377609953
        0.0075177698360698,      -0.0018677223284010,       0.0018724716555819,      -0.0018677223284010,     186.6170221265929285,       0.0007092458887223,       0.0018724716555819,       0.0007092458887223,       0.0258234865159897
        0.0053516867875489,      -0.0014929355311715,       0.0012736489530442,      -0.0014929355311715,     186.6186006321257196,      -0.0007809136963711,       0.0012736489530442,      -0.0007809136963711,       0.0287890478864296
        0.0030671956632531,      -0.0017022477561082,       0.0022998738040138,      -0.0017022477561082,     186.6191359691601690,       0.0006541951502096,       0.0022998738040138,       0.0006541951502096,       0.0318266047259849
        0.0016909059504319,      -0.0005362838915736,       0.0004929014909713,      -0.0005362838915736,     186.6206828820695875,       0.0046468249414482,       0.0004929014909713,       0.0046468249414482,       0.0345821762493860
       -0.0000936321254652,       0.0011309212011954,      -0.0042280501973842,       0.0011309212011954,     186.6249565616346047,      -0.0222083510583617,      -0.0042280501973842,      -0.0222083510583618,       0.0307785128792519
       -0.0012085643570676,      -0.0000000000040828,       0.0000000000142939,      -0.0000000000040828,     186.6276277111098807,      -0.0484640073613810,       0.0000000000142939,      -0.0484640073613810,       0.0263620403612447
       -0.0000936322567577,      -0.0011309211942289,       0.0042280501984051,      -0.0011309211942289,     186.6249565614714641,      -0.0222083510600634,       0.0042280501984051,      -0.0222083510600634,       0.0307785126400883
        0.0016909060804492,       0.0005362838928064,      -0.0004929014969439,       0.0005362838928064,     186.6206828822264754,       0.0046468249555341,      -0.0004929014969439,       0.0046468249555341,       0.0345821763948056
        0.0030671954366154,       0.0017022477403595,      -0.0022998738158956,       0.0017022477403595,     186.6191359689005083,       0.0006541951524484,      -0.0022998738158956,       0.0006541951524484,       0.0318266045507108
        0.0053516868368296,       0.0014929355450914,      -0.0012736489453579,       0.0014929355450914,     186.6186006320013178,      -0.0007809137057130,      -0.0012736489453579,      -0.0007809137057130,       0.0287890478458204
        0.0075177697378341,       0.0018677223218024,      -0.0018724716513507,       0.0018677223218024,     186.6170221264730174,       0.0007092458847416,      -0.0018724716513507,       0.0007092458847416,       0.0258234864793905
        0.0095944563874760,       0.0019597633673479,      -0.0016345469782712,       0.0019597633673479,     186.6158083042219573,      -0.0004734453742518,      -0.0016345469782712,      -0.0004734453742518,       0.0224747376341942
        0.0114528373825109,       0.0017354701680734,      -0.0013456772548856,       0.0017354701680734,     186.6146405445674645,      -0.0000490161109907,      -0.0013456772548856,      -0.0000490161109907,       0.0195442898806664
        0.0128784075109336,       0.0014701543489036,      -0.0010968009339611,       0.0014701543489036,     186.6135542295536993,      -0.0003219506557514,      -0.0010968009339611,      -0.0003219506557514,       0.0170168435339025
        0.0138568015647102,       0.0009311978155532,      -0.0006085268013085,       0.0009311978155532,     186.6128935084200009,      -0.0002989035485345,      -0.0006085268013085,      -0.0002989035485345,       0.0152503626284341
        0.0143184119808954,       0.0003263886793412,      -0.0002539861109515,       0.0003263886793412,     186.6125148440993087,      -0.0003263886786661,      -0.0002539861109515,      -0.0003263886786661,       0.0143184120733501
        0.0116537643441944,      -0.0005593615112956,       0.0001179257338451,      -0.0005593615112956,     186.6148567722121925,      -0.0005593615098609,       0.0001179257338451,      -0.0005593615098609,       0.0116537643339075
        0.0114308072710264,      -0.0015937338265038,       0.0006566727462638,      -0.0015937338265038,     186.6148425753865467,      -0.0005349011375912,       0.0006566727462638,      -0.0005349011375912,       0.0124266087071203
        0.0108616397512256,      -0.0024267154309384,       0.0008564974927241,      -0.0024267154309384,     186.6151702170889166,      -0.0004807722154475,       0.0008564974927241,      -0.0004807722154475,       0.0139909519936568
        0.0097091119723684,      -0.0030558903971729,       0.0013338139605419,      -0.0030558903971729,     186.6156410422920260,      -0.0006256836445446,       0.0013338139605419,      -0.0006256836445446,       0.0160980775527717
        0.0081867059934411,      -0.0032417820356033,       0.0015177393817458,      -0.0032417820356033,     186.6165384374921246,       0.0001038695234776,       0.0015177393817458,       0.0001038695234776,       0.0188528132273278
        0.0063274926606962,      -0.0032058103114283,       0.0013973021715871,      -0.0032058103114283,     186.6174854389355460,      -0.0012034884612688,       0.0013973021715871,      -0.0012034884612688,       0.0214845397977528
        0.0043822618605392,      -0.0030045503323650,       0.0022828496887178,      -0.0030045503323650,     186.6178394312095179,       0.0014183046263960,       0.0022828496887178,       0.0014183046263960,       0.0246457360750887
        0.0028371406204130,      -0.0019709570867642,       0.0001632711424475,      -0.0019709570867642,     186.6195545692895621,      -0.0007590088473752,       0.0001632711424475,      -0.0007590088473752,       0.0269052807862856
        0.0006471620392054,      -0.0019178994339623,       0.0017256142199267,      -0.0019178994339623,     186.6192363291475829,      -0.0055355125187612,       0.0017256142199267,      -0.0055355125187612,       0.0278422500147410
        0.0010453464779443,      -0.0020188490504384,       0.0079629469584934,      -0.0020188490504384,     186.6150555762683609,       0.0348321538344034,       0.0079629469584934,       0.0348321538344034,       0.0376878643995391
        0.0022047658102684,       0.0000000000002628,       0.0000000000016502,       0.0000000000002628,     186.6123950874498405,       0.0733731186031008,       0.0000000000016502,       0.0733731186031008,       0.0463865050939175
        0.0010453464885146,       0.0020188490580944,      -0.0079629469455705,       0.0020188490580944,     186.6150555761958003,       0.0348321538169683,      -0.0079629469455705,       0.0348321538169683,       0.0376878643844488
        0.0006471622045184,       0.0019178994320320,      -0.0017256142280592,       0.0019178994320320,     186.6192363293451422,      -0.0055355125339716,      -0.0017256142280592,      -0.0055355125339716,       0.0278422502365472
        0.0028371405529956,       0.0019709570793143,      -0.0001632711645947,       0.0019709570793143,     186.6195545692426663,      -0.0007590088512874,      -0.0001632711645947,      -0.0007590088512874,       0.0269052806469447
        0.0043822619385411,       0.0030045503074230,      -0.0022828496856088,       0.0030045503074230,     186.6178394312673845,       0.0014183046285802,      -0.0022828496856088,       0.0014183046285802,       0.0246457361171432
        0.0063274924292409,       0.0032058103199054,      -0.0013973021480537,       0.0032058103199054,     186.6174854386765105,      -0.0012034884615476,      -0.0013973021480537,      -0.0012034884615476,       0.0214845395508812
        0.0081867057112739,       0.0032417820470891,      -0.0015177393909594,       0.0032417820470891,     186.6165384371924176,       0.0001038695248491,      -0.0015177393909594,       0.0001038695248491,       0.0188528129194858
        0.0097091121094563,       0.0030558904033684,      -0.0013338139686909,       0.0030558904033684,     186.6156410424145520,      -0.0006256836527688,      -0.0013338139686909,      -0.0006256836527688,       0.0160980776744576
        0.0108616394921685,       0.0024267154354746,      -0.0008564974860110,       0.0024267154354746,     186.6151702168851330,      -0.0004807722336724,      -0.0008564974860110,      -0.0004807722336724,       0.0139909517705614
        0.0114308075814472,       0.0015937338370474,      -0.0006566727473463,       0.0015937338370474,     186.6148425758031522,      -0.0005349011376101,      -0.0006566727473463,      -0.0005349011376101,       0.0124266090740340
        0.0116537640369900,       0.0005593614963645,      -0.0001179257335235,       0.0005593614963645,     186.6148567720323399,      -0.0005593615018827,      -0.0001179257335235,      -0.0005593615018827,       0.0116537641859376
        0.0081033697927569,      -0.0007599463733908,       0.0002904091810754,      -0.0007599463733908,     186.6177590057821476,      -0.0007599463827688,       0.0002904091810754,      -0.0007599463827688,       0.0081033697979003
        0.0080590344774357,      -0.0022386198842532,       0.0003126352676941,      -0.0022386198842532,     186.6176846509897587,      -0.0008125394370376,       0.0003126352676941,      -0.0008125394370376,       0.0087234519880142
        0.0077511505876329,      -0.0034454399171117,       0.0008828079064332,      -0.0034454399171117,     186.6174155662513954,      -0.0008332776758936,       0.0008828079064332,      -0.0008332776758936,       0.0098214961399927
        0.0072094704047926,      -0.0042502720171961,       0.0009360372439783,      -0.0042502720171961,     186.6175590877031425,      -0.0005920239692938,       0.0009360372439783,      -0.0005920239692938,       0.0115970298429356
        0.0060946796382981,      -0.0046964022047652,       0.0011985796953753,      -0.0046964022047652,     186.6176212946434987,      -0.0014280373516575,       0.0011985796953753,      -0.0014280373516575,       0.0134134707754748
        0.0048152305018630,      -0.0046241536685787,       0.0017079588999116,      -0.0046241536685787,     186.6178938032516328,       0.0006461321573037,       0.0017079588999116,       0.0006461321573037,       0.0159754591159805
        0.0033952996906628,      -0.0040750178891897,       0.0004923913123396,      -0.0040750178891897,     186.6186754958475547,      -0.0028141528966416,       0.0004923913123396,      -0.0028141528966416,       0.0177188054819091
        0.0017132281251944,      -0.0036140194672418,       0.0025686482108631,      -0.0036140194672418,     186.6176864083296039,       0.0007195716400884,       0.0025686482108631,       0.0007195716400884,       0.0198483798462761
        0.0015596755856882,      -0.0021544444392475,       0.0005567706068907,      -0.0021544444392475,     186.6192178767280154,       0.0077872347399195,       0.0005567706068907,       0.0077872347399195,       0.0232745650644154
       -0.0019592047409939,      -0.0007474403866129,      -0.0084408425261685,      -0.0007474403866129,     186.6228907848241931,      -0.0488316372750380,      -0.0084408425261685,      -0.0488316372750380,       0.0130433145883094
       -0.0050551192170816,       0.0000000000102920,       0.0000000000051367,       0.0000000000102920,     186.6242579544248485,      -0.1031470456784977,       0.0000000000051367,      -0.1031470456784977,       0.0020045873855930
       -0.0019592047098498,       0.0007474403786303,       0.0084408425230770,       0.0007474403786303,     186.6228907847516894,      -0.0488316372553944,       0.0084408425230770,      -0.0488316372553944,       0.0130433145526736
        0.0015596754922559,       0.0021544444339240,      -0.0005567706139245,       0.0021544444339240,     186.6192178766701488,       0.0077872347427233,      -0.0005567706139245,       0.0077872347427233,       0.0232745650377630
        0.0017132283624449,       0.0036140194759576,      -0.0025686482158316,       0.0036140194759576,     186.6176864085167324,       0.0007195716372956,      -0.0025686482158316,       0.0007195716372956,       0.0198483800064883
        0.0033952996158773,       0.0040750178900015,      -0.0004923913161025,       0.0040750178900015,     186.6186754958449683,      -0.0028141528988844,      -0.0004923913161025,      -0.0028141528988844,       0.0177188054328125
        0.0048152308607568,       0.0046241536537202,      -0.0017079588948829,       0.0046241536537202,     186.6178938035821773,       0.0006461321451266,      -0.0017079588948829,       0.0006461321451266,       0.0159754593926784
        0.0060946795211322,       0.0046964022160245,      -0.0011985796875706,       0.0046964022160245,     186.6176212945929365,      -0.0014280373588397,      -0.0011985796875706,      -0.0014280373588397,       0.0134134707148019
        0.0072094705839349,       0.0042502720114168,      -0.0009360372426061,       0.0042502720114168,     186.6175590879148558,      -0.0005920239542348,      -0.0009360372426061,      -0.0005920239542348,       0.0115970300118052
        0.0077511506081642,       0.0034454399300955,      -0.0008828078979425,       0.0034454399300955,     186.6174155662305338,      -0.0008332776485367,      -0.0008828078979425,      -0.0008332776485367,       0.0098214961399785
        0.0080590345339286,       0.0022386198902995,      -0.0003126352695484,       0.0022386198902995,     186.6176846511293661,      -0.0008125394208955,      -0.0003126352695484,      -0.0008125394208955,       0.0087234521985982
        0.0081033699847224,       0.0007599463576340,      -0.0002904091887897,       0.0007599463576340,     186.6177590060792681,      -0.0007599463818320,      -0.0002904091887897,      -0.0007599463818320,       0.0081033700720477
        0.0039911046927049,      -0.0009770930348614,      -0.0001380853686272,      -0.0009770930348614,     186.6212412571232733,      -0.0009770930212527,      -0.0001380853686272,      -0.0009770930212527,       0.0039911046875756
        0.0039515247911072,      -0.0027702017491118,       0.0004739099161193,      -0.0027702017491117,     186.6210015330570684,      -0.0009899157173509,       0.0004739099161193,      -0.0009899157173509,       0.0042661676719324
        0.0040529418023334,      -0.0042999739877546,       0.0002591750743282,      -0.0042999739877546,     186.6208189918088181,      -0.0010337866621690,       0.0002591750743282,      -0.0010337866621690,       0.0050090384462658
        0.0038520095569172,      -0.0053869507053179,       0.0007049379190888,      -0.0053869507053179,     186.6201381045086123,      -0.0015352088961524,       0.0007049379190888,      -0.0015352088961524,       0.0056941652886831
        0.0037257700913938,      -0.0058816097307413,       0.0008577278597394,      -0.0058816097307413,     186.6199603507657798,      -0.0004011106223771,       0.0008577278597394,      -0.0004011106223771,       0.0071300198168680
        0.0029888183703690,      -0.0059071302788189,       0.0004392838140332,      -0.0059071302788189,     186.6196474653932569,      -0.0032374580618478,       0.0004392838140332,      -0.0032374580618478,       0.0078701989959651
        0.0022509535305836,      -0.0053371321531448,       0.0017107695300682,      -0.0053371321531448,     186.6191760943151792,       0.0013113438404879,       0.0017107695300682,       0.0013113438404879,       0.0095355804040569
        0.0017921773655805,      -0.0043344729770755,      -0.0002092008950610,      -0.0043344729770755,     186.6203006726718172,      -0.0026497589747993,      -0.0002092008950610,      -0.0026497589747993,       0.0108153970944533
       -0.0002948961717971,      -0.0032550676621858,       0.0001942119035826,      -0.0032550676621858,     186.6179646319726544,      -0.0126758335880986,       0.0001942119035826,      -0.0126758335880986,       0.0087442919336925
        0.0037563328694028,      -0.0010309193051774,       0.0091149165166428,      -0.0010309193051774,     186.6176281434853479,       0.0595836865660115,       0.0091149165166428,       0.0595836865660115,       0.0217314990971890
        0.0082696798923905,      -0.0000000000021894,      -0.0000000000037226,      -0.0000000000021894,     186.6200983937805802,       0.1303091050306090,      -0.0000000000037226,       0.1303091050306090,       0.0356477085704739
        0.0037563325808170,       0.0010309192994055,      -0.0091149165141894,       0.0010309192994055,     186.6176281431375799,       0.0595836865523075,      -0.0091149165141894,       0.0595836865523075,       0.0217314987418231
       -0.0002948960979609,       0.0032550676597849,      -0.0001942119061454,       0.0032550676597849,     186.6179646321091923,      -0.0126758335793743,      -0.0001942119061454,      -0.0126758335793743,       0.0087442920794378
        0.0017921772375043,       0.0043344729850340,       0.0002092008979069,       0.0043344729850340,     186.6203006724596207,      -0.0026497589680298,       0.0002092008979069,      -0.0026497589680298,       0.0108153969509609
        0.0022509533739422,       0.0053371321741028,      -0.0017107695437804,       0.0053371321741028,     186.6191760940377549,       0.0013113438288554,      -0.0017107695437804,       0.0013113438288554,       0.0095355802268558
        0.0029888183755125,       0.0059071302874458,      -0.0004392838232518,       0.0059071302874458,     186.6196474653932853,      -0.0032374580810816,      -0.0004392838232518,      -0.0032374580810816,       0.0078701989908358
        0.0037257701995905,       0.0058816097001723,      -0.0008577278373902,       0.0058816097001723,     186.6199603508851510,      -0.0004011106342891,      -0.0008577278373902,      -0.0004011106342891,       0.0071300199199354
        0.0038520096275227,       0.0053869507122018,      -0.0007049379068205,       0.0053869507122018,     186.6201381046316499,      -0.0015352089070049,      -0.0007049379068205,      -0.0015352089070049,       0.0056941654004079
        0.0040529418918974,       0.0042999739777893,      -0.0002591750679515,       0.0042999739777893,     186.6208189919251765,      -0.0010337866777530,      -0.0002591750679515,      -0.0010337866777530,       0.0050090385204278
        0.0039515246765202,       0.0027702017461612,      -0.0004739099206321,       0.0027702017461612,     186.6210015330817100,      -0.0009899157264246,      -0.0004739099206321,      -0.0009899157264246,       0.0042661677371253
        0.0039911047347593,       0.0009770930440884,       0.0001380853552143,       0.0009770930440884,     186.6212412571602499,      -0.0009770930218378,       0.0001380853552143,      -0.0009770930218378,       0.0039911047861230
       -0.0004888637938020,      -0.0010770179343601,       0.0002916733842102,      -0.0010770179343601,     186.6251656500694764,      -0.0010770179549629,       0.0002916733842102,      -0.0010770179549629,      -0.0004888638194768
       -0.0002765464642949,      -0.0031198030480034,      -0.0002711580961299,      -0.0031198030480034,     186.6251234777380432,      -0.0011316884218443,      -0.0002711580961299,      -0.0011316884218443,      -0.0004225677213339
       -0.0001732817222927,      -0.0048609060406281,       0.0002021673573303,      -0.0048609060406281,     186.6245248108523072,      -0.0015085727858021,       0.0002021673573303,      -0.0015085727858021,      -0.0006824555993754
        0.0005228922984587,      -0.0060543712388841,      -0.0000251864315325,      -0.0060543712388841,     186.6242620568624488,      -0.0010060975953038,      -0.0000251864315325,      -0.0010060975953038,      -0.0004126915626640
        0.0006840787826557,      -0.0067757681366136,      -0.0000508866892457,      -0.0067757681366136,     186.6231200700205193,      -0.0030254661040570,      -0.0000508866892457,      -0.0030254661040570,      -0.0009795624366693
        0.0014131506951548,      -0.0066081175457253,       0.0004803730034449,      -0.0066081175457253,     186.6227974067858781,       0.0002108714674558,       0.0004803730034449,       0.0002108714674558,      -0.0004779281667976
        0.0013479868295596,      -0.0063120083814841,      -0.0002269936781130,      -0.0063120083814841,     186.6223842200916749,      -0.0050872959707197,      -0.0002269936781130,      -0.0050872959707197,      -0.0007461848651367
        0.0010313162005205,      -0.0048530575395880,       0.0001584966196221,      -0.0048530575395880,     186.6208945424284877,      -0.0018845231411205,       0.0001584966196221,      -0.0018845231411205,      -0.0016462797948374
        0.0031325385103662,      -0.0033047902664902,       0.0014401318036088,      -0.0033047902664902,     186.6242394449888877,       0.0116288679078338,       0.0014401318036088,       0.0116288679078338,       0.0021193106654198
       -0.0031213450639759,      -0.0035572095048986,      -0.0065554777969402,      -0.0035572095048986,     186.6187963933029721,      -0.0709734508941499,      -0.0065554777969402,      -0.0709734508941499,      -0.0095962658336385
       -0.0101403596575433,      -0.0000000000040399,      -0.0000000000134184,      -0.0000000000040399,     186.6098834810569258,      -0.1547356852388112,      -0.0000000000134184,      -0.1547356852388112,      -0.0243531038954982
       -0.0031213450421269,       0.0035572095078672,       0.0065554778052100,       0.0035572095078672,     186.6187963933509479,      -0.0709734509041902,       0.0065554778052100,      -0.0709734509041902,      -0.0095962658015025
        0.0031325385219142,       0.0033047902691167,      -0.0014401317998733,       0.0033047902691167,     186.6242394450576398,       0.0116288678848701,      -0.0014401317998733,       0.0116288678848701,       0.0021193106872405
        0.0010313163832051,       0.0048530575331977,      -0.0001584966143055,       0.0048530575331977,     186.6208945426228922,      -0.0018845231483253,      -0.0001584966143055,      -0.0018845231483253,      -0.0016462796378559
        0.0013479867265348,       0.0063120083870399,       0.0002269936650062,       0.0063120083870399,     186.6223842199827061,      -0.0050872959604543,       0.0002269936650062,      -0.0050872959604543,      -0.0007461849835920
        0.0014131508392706,       0.0066081175572571,      -0.0004803730042449,       0.0066081175572571,     186.6227974068426079,       0.0002108714797906,      -0.0004803730042449,       0.0002108714797906,      -0.0004779280380838
        0.0006840787556774,       0.0067757681478228,       0.0000508866990910,       0.0067757681478228,     186.6231200699620558,      -0.0030254661167090,       0.0000508866990910,      -0.0030254661167090,      -0.0009795624533748
        0.0005228925533783,       0.0060543712170613,       0.0000251864290116,       0.0060543712170613,     186.6242620571658222,      -0.0010060976180147,       0.0000251864290116,      -0.0010060976180147,      -0.0004126912563807
       -0.0001732816872804,       0.0048609060357316,      -0.0002021673546241,       0.0048609060357316,     186.6245248109445640,      -0.0015085728039762,      -0.0002021673546241,      -0.0015085728039762,      -0.0006824554975974
       -0.0002765462363677,       0.0031198030383779,       0.0002711581096746,       0.0031198030383779,     186.6251234780143022,      -0.0011316884290824,       0.0002711581096746,      -0.0011316884290824,      -0.0004225674626027
       -0.0004888639825652,       0.0010770179478141,      -0.0002916733986408,       0.0010770179478141,     186.6251656500196248,      -0.0010770179497242,      -0.0002916733986408,      -0.0010770179497242,      -0.0004888638849814
       -0.0048430949492498,      -0.0010456440523102,      -0.0003201303306708,      -0.0010456440523102,     186.6295307841473914,      -0.0010456440577507,      -0.0003201303306708,      -0.0010456440577507,      -0.0048430949543790
       -0.0047077776402704,      -0.0032058838590032,      -0.0001512448674505,      -0.0032058838590032,     186.6291903934519212,      -0.0013696309749798,      -0.0001512448674505,      -0.0013696309749798,      -0.0054347050021912
       -0.0037750005068088,      -0.0048518243702370,      -0.0005618786196365,      -0.0048518243702370,     186.6292229952705384,      -0.0010302561059197,      -0.0005618786196365,      -0.0010302561059197,      -0.0058991812226881
       -0.0033589717761417,      -0.0062857599662203,      -0.0006912997790425,      -0.0062857599662203,     186.6281244800180446,      -0.0025598841087433,      -0.0006912997790425,      -0.0025598841087433,      -0.0075396112428051
       -0.0015060782633883,      -0.0066870350553364,      -0.0005951531423910,      -0.0066870350553364,     186.6281291771313136,      -0.0005966715594711,      -0.0005951531423910,      -0.0005966715594711,      -0.0082385713052678
       -0.0008944744487890,      -0.0071780278516047,      -0.0007080364284231,      -0.0071780278516047,     186.6265085363839660,      -0.0046258226017529,      -0.0007080364284231,      -0.0046258226017529,      -0.0100937138603013
        0.0009453433975664,      -0.0058732556124546,      -0.0012895735398654,      -0.0058732556124546,     186.6261461490773854,      -0.0004446707862830,      -0.0012895735398654,      -0.0004446707862830,      -0.0116681032932468
        0.0023567341375691,      -0.0054867141790408,       0.0008822650558881,      -0.0054867141790408,     186.6269662121896431,      -0.0020375653784904,       0.0008822650558881,      -0.0020375653784904,      -0.0111384109126563
        0.0002635761652917,      -0.0041456643974740,      -0.0023131430857526,      -0.0041456643974740,     186.6211165624479236,      -0.0187103476320737,      -0.0023131430857526,      -0.0187103476320737,      -0.0159855576391736
        0.0085075399791478,       0.0008178973458541,       0.0022371531284419,       0.0008178973458541,     186.6329217743309243,       0.0652967882121601,       0.0022371531284419,       0.0652967882121601,      -0.0076491881161150
        0.0186539114486380,       0.0000000000093498,       0.0000000000040489,       0.0000000000093498,     186.6500349128021128,       0.1546257205615109,       0.0000000000040489,       0.1546257205615109,       0.0062435247065789
        0.0085075398729064,      -0.0008178973429068,      -0.0022371531392514,      -0.0008178973429068,     186.6329217741979676,       0.0652967882268885,      -0.0022371531392514,       0.0652967882268885,      -0.0076491882583178
        0.0002635761534037,       0.0041456643898464,       0.0023131430877917,       0.0041456643898464,     186.6211165624411592,      -0.0187103476249495,       0.0023131430877917,      -0.0187103476249495,      -0.0159855576459181
        0.0023567342406365,       0.0054867141813570,      -0.0008822650571127,       0.0054867141813570,     186.6269662122986404,      -0.0020375653865919,      -0.0008822650571127,      -0.0020375653865919,      -0.0111384107942011
        0.0009453433352782,       0.0058732556026855,       0.0012895735352115,       0.0058732556026855,     186.6261461489991973,      -0.0004446707942731,       0.0012895735352115,      -0.0004446707942731,      -0.0116681034068986
       -0.0008944744709214,       0.0071780278535036,       0.0007080364332566,       0.0071780278535036,     186.6265085363980347,      -0.0046258225881639,       0.0007080364332566,      -0.0046258225881639,      -0.0100937138773045
       -0.0015060782091341,       0.0066870350566383,       0.0005951531411986,       0.0066870350566383,     186.6281291771339568,      -0.0005966715385193,       0.0005951531411986,      -0.0005966715385193,      -0.0082385712355974
       -0.0033589718756668,       0.0062857599643336,       0.0006912997743435,       0.0062857599643336,     186.6281244798605314,      -0.0025598840981535,       0.0006912997743435,      -0.0025598840981535,      -0.0075396113423302
       -0.0037750004817575,       0.0048518243657998,       0.0005618786249914,       0.0048518243657998,     186.6292229953738229,      -0.0010302560964631,       0.0005618786249914,      -0.0010302560964631,      -0.0058991811976368
       -0.0047077779230751,       0.0032058838708750,       0.0001512448824934,       0.0032058838708750,     186.6291903932346372,      -0.0013696309773709,       0.0001512448824934,      -0.0013696309773709,      -0.0054347052387616
       -0.0048430949040072,       0.0010456440453094,       0.0003201303215338,       0.0010456440453094,     186.6295307842293312,      -0.0010456440683782,       0.0003201303215338,      -0.0010456440683782,      -0.0048430948526436
       -0.0089308243162978,      -0.0010805089512611,      -0.0006331558361496,      -0.0010805089512611,     186.6335653772935643,      -0.0010805089434985,      -0.0006331558361496,      -0.0010805089434985,      -0.0089308243445514
       -0.0081756168666725,      -0.0027031568082410,      -0.0001541199525012,      -0.0027031568082410,     186.6337146330505448,      -0.0007611814477062,      -0.0001541199525012,      -0.0007611814477062,      -0.0094662543957213
       -0.0078026369493592,      -0.0045719915785885,      -0.0015211558941300,      -0.0045719915785885,     186.6328350704528702,      -0.0019610790564404,      -0.0015211558941300,      -0.0019610790564404,      -0.0115171953350735
       -0.0055234384710455,      -0.0053176024416870,      -0.0008586287566656,      -0.0053176024416870,     186.6333964557597369,      -0.0007165135562769,      -0.0008586287566656,      -0.0007165135562769,      -0.0129736977811964
       -0.0048655910527890,      -0.0065570750300058,      -0.0016934936765009,      -0.0065570750300058,     186.6316191230798154,      -0.0033062109066671,      -0.0016934936765009,      -0.0033062109066671,      -0.0160764001050063
       -0.0013705874712622,      -0.0056946156022790,      -0.0022692611692151,      -0.0056946156022790,     186.6322496221752942,      -0.0010178138261597,      -0.0022692611692151,      -0.0010178138261597,      -0.0186416507299810
        0.0000200258571066,      -0.0062464122476702,       0.0001718858571584,      -0.0062464122476702,     186.6308214060480566,      -0.0035251540660960,       0.0001718858571584,      -0.0035251540660960,      -0.0203969474837064
        0.0017236541791455,      -0.0044285164024029,      -0.0040342373114346,      -0.0044285164024029,     186.6284545718887671,      -0.0054578470656260,      -0.0040342373114346,      -0.0054578470656260,      -0.0247858675334097
        0.0066798168809152,      -0.0025007295305460,       0.0004809052926074,      -0.0025007295305460,     186.6360503535267981,       0.0119966586331282,       0.0004809052926074,       0.0119966586331282,      -0.0233437043497411
       -0.0008270348448701,      -0.0049256877650656,       0.0027014186349402,      -0.0049256877650656,     186.6173795382472349,      -0.0633083248005580,       0.0027014186349402,      -0.0633083248005580,      -0.0291139786018225
       -0.0140518814487064,       0.0000000000029983,       0.0000000000101043,       0.0000000000029983,     186.5908787176217061,      -0.1473747496824824,       0.0000000000101043,      -0.1473747496824824,      -0.0412194060182722
       -0.0008270349068183,       0.0049256877732086,      -0.0027014186365299,       0.0049256877732086,     186.6173795381174045,      -0.0633083247947960,      -0.0027014186365299,      -0.0633083247947960,      -0.0291139787408231
        0.0066798168317903,       0.0025007295286116,      -0.0004809053094940,       0.0025007295286116,     186.6360503534825455,       0.0119966586445276,      -0.0004809053094940,       0.0119966586445276,      -0.0233437043834498
        0.0017236541486248,       0.0044285163852968,       0.0040342373083273,       0.0044285163852968,     186.6284545718475840,      -0.0054578470532657,       0.0040342373083273,      -0.0054578470532657,      -0.0247858675382414
        0.0000200258481374,       0.0062464122508948,      -0.0001718858492055,       0.0062464122508948,     186.6308214058833244,      -0.0035251540459571,      -0.0001718858492055,      -0.0035251540459571,      -0.0203969476159482
       -0.0013705874783185,       0.0056946156040158,       0.0022692611664483,       0.0056946156040158,     186.6322496221993106,      -0.0010178138182880,       0.0022692611664483,      -0.0010178138182880,      -0.0186416506959464
       -0.0048655908685316,       0.0065570750180943,       0.0016934936846549,       0.0065570750180943,     186.6316191233123902,      -0.0033062108931326,       0.0016934936846549,      -0.0033062108931326,      -0.0160763999618398
       -0.0055234384654203,       0.0053176024484294,       0.0008586287427769,       0.0053176024484294,     186.6333964557292404,      -0.0007165135306953,       0.0008586287427769,      -0.0007165135306953,      -0.0129736978705904
       -0.0078026371673253,       0.0045719915970455,       0.0015211558917114,       0.0045719915970455,     186.6328350702281966,      -0.0019610790569769,       0.0015211558917114,      -0.0019610790569769,      -0.0115171955787285
       -0.0081756167186884,       0.0027031567943522,       0.0001541199657461,       0.0027031567943522,     186.6337146332982115,      -0.0007611814637373,       0.0001541199657461,      -0.0007611814637373,      -0.0094662541552969
       -0.0089308245432472,       0.0010805089543215,       0.0006331558367780,       0.0010805089543215,     186.6335653771064358,      -0.0010805089486741,       0.0006331558367780,      -0.0010805089486741,      -0.0089308245150079
       -0.0119161109623730,      -0.0006324931972276,       0.0023974240679402,      -0.0006324931972276,     186.6372059729067985,      -0.0006324932192923,       0.0023974240679402,      -0.0006324932192923,      -0.0119161109726599
       -0.0116935769688561,      -0.0022752154954311,      -0.0035457315373367,      -0.0022752154954311,     186.6366635458619498,      -0.0011199389816328,      -0.0035457315373367,      -0.0011199389816328,      -0.0133876493837146
