       -0.0000005583700573,       0.0000000000460404,       0.0000000000461987,       0.0000000000460404,       0.0000003595506361,       0.0000273521443850,       0.0000000000461987,       0.0000273521443850,       0.0000001988194211
       -0.0000005583493280,       0.0000000001436551,       0.0000000001441517,       0.0000000001436551,       0.0000003595401479,       0.0000273525328194,       0.0000000001441517,       0.0000273525328194,       0.0000001988091801
       -0.0000005585094916,       0.0000000002229768,       0.0000000002237195,       0.0000000002229768,       0.0000003596200477,       0.0000273532735855,       0.0000000002237195,       0.0000273532735855,       0.0000001988894439
       -0.0000005583234240,       0.0000000002961274,       0.0000000002971344,       0.0000000002961274,       0.0000003595266931,       0.0000273543091436,       0.0000000002971344,       0.0000273543091436,       0.0000001987967309
       -0.0000005589207945,       0.0000000003411903,       0.0000000003422841,       0.0000000003411903,       0.0000003598251593,       0.0000273555546404,       0.0000000003422841,       0.0000273555546404,       0.0000001990956352
       -0.0000005582328987,       0.0000000003471289,       0.0000000003482510,       0.0000000003471289,       0.0000003594808214,       0.0000273568639122,       0.0000000003482510,       0.0000273568639122,       0.0000001987520773
       -0.0000005593780403,       0.0000000003712602,       0.0000000003724832,       0.0000000003712602,       0.0000003600532096,       0.0000273582281569,       0.0000000003724832,       0.0000273582281569,       0.0000001993248307
       -0.0000005592357233,       0.0000000002409066,       0.0000000002415085,       0.0000000002409066,       0.0000003599819722,       0.0000273593147475,       0.0000000002415085,       0.0000273593147475,       0.0000001992537512
       -0.0000005554768534,       0.0000000002454628,       0.0000000002463940,       0.0000000002454628,       0.0000003581017253,       0.0000273601802999,       0.0000000002463940,       0.0000273601802999,       0.0000001973751281
       -0.0000005741957318,       0.0000000004216500,       0.0000000004235550,       0.0000000004216500,       0.0000003674622376,       0.0000273617408220,       0.0000000004235550,       0.0000273617408220,       0.0000002067334942
       -0.0000005936392033,       0.0000000000000000,       0.0000000000000000,       0.0000000000000000,       0.0000003771854350,       0.0000273628117409,       0.0000000000000000,       0.0000273628117409,       0.0000002164537683
       -0.0000005741957318,      -0.0000000004216500,      -0.0000000004235550,      -0.0000000004216500,       0.0000003674622376,       0.0000273617408220,      -0.0000000004235550,       0.0000273617408220,       0.0000002067334942
       -0.0000005554768534,      -0.0000000002454628,      -0.0000000002463940,      -0.0000000002454628,       0.0000003581017253,       0.0000273601802999,      -0.0000000002463940,       0.0000273601802999,       0.0000001973751281
       -0.0000005592357233,      -0.0000000002409066,      -0.0000000002415085,      -0.0000000002409066,       0.0000003599819722,       0.0000273593147475,      -0.0000000002415085,       0.0000273593147475,       0.0000001992537511
       -0.0000005593780403,      -0.0000000003712602,      -0.0000000003724832,      -0.0000000003712602,       0.0000003600532095,       0.0000273582281569,      -0.0000000003724832,       0.0000273582281569,       0.0000001993248307
       -0.0000005582328987,      -0.0000000003471289,      -0.0000000003482510,      -0.0000000003471289,       0.0000003594808214,       0.0000273568639122,      -0.0000000003482510,       0.0000273568639122,       0.0000001987520773
       -0.0000005589207945,      -0.0000000003411903,      -0.0000000003422841,      -0.0000000003411903,       0.0000003598251593,       0.0000273555546404,      -0.0000000003422841,       0.0000273555546404,       0.0000001990956352
       -0.0000005583234241,      -0.0000000002961274,      -0.0000000002971344,      -0.0000000002961274,       0.0000003595266932,       0.0000273543091436,      -0.0000000002971344,       0.0000273543091436,       0.0000001987967309
       -0.0000005585094916,      -0.0000000002229768,      -0.0000000002237195,      -0.0000000002229768,       0.0000003596200477,       0.0000273532735855,      -0.0000000002237195,       0.0000273532735855,       0.0000001988894439
       -0.0000005583493280,      -0.0000000001436551,      -0.0000000001441517,      -0.0000000001436551,       0.0000003595401479,       0.0000273525328194,      -0.0000000001441517,       0.0000273525328194,       0.0000001988091801
       -0.0000005583700573,      -0.0000000000460404,      -0.0000000000461987,      -0.0000000000460404,       0.0000003595506362,       0.0000273521443850,      -0.0000000000461987,       0.0000273521443850,       0.0000001988194212
       -0.0000005579499688,       0.0000000000543911,       0.0000000001441376,       0.0000000000543911,       0.0000003593387797,       0.0000273517993061,       0.0000000001441376,       0.0000273517993061,       0.0000001986111892
       -0.0000005580426242,       0.0000000001329070,       0.0000000004142528,       0.0000000001329070,       0.0000003593758275,       0.0000273521794299,       0.0000000004142528,       0.0000273521794299,       0.0000001986667967
       -0.0000005579977921,       0.0000000002329524,       0.0000000006685273,       0.0000000002329524,       0.0000003593630191,       0.0000273529186807,       0.0000000006685273,       0.0000273529186807,       0.0000001986347729
       -0.0000005584272553,       0.0000000002897937,       0.0000000008670273,       0.0000000002897937,       0.0000003595618268,       0.0000273539488041,       0.0000000008670273,       0.0000273539488041,       0.0000001988654285
       -0.0000005581498289,       0.0000000003395366,       0.0000000010041536,       0.0000000003395366,       0.0000003594072401,       0.0000273551667500,       0.0000000010041536,       0.0000273551667500,       0.0000001987425888
       -0.0000005592218021,       0.0000000003960798,       0.0000000010692006,       0.0000000003960798,       0.0000003599948966,       0.0000273565636258,       0.0000000010692006,       0.0000273565636258,       0.0000001992269055
       -0.0000005586284970,       0.0000000002642604,       0.0000000009835678,       0.0000000002642604,       0.0000003595358585,       0.0000273577445892,       0.0000000009835678,       0.0000273577445892,       0.0000001990926385
       -0.0000005591128579,       0.0000000004528847,       0.0000000009207892,       0.0000000004528847,       0.0000003599885110,       0.0000273590939589,       0.0000000009207892,       0.0000273590939589,       0.0000001991243469
       -0.0000005633565411,       0.0000000001468313,       0.0000000006146399,       0.0000000001468313,       0.0000003621850652,       0.0000273601716142,       0.0000000006146399,       0.0000273601716142,       0.0000002011714759
       -0.0000005450566603,      -0.0000000007755392,       0.0000000000296820,      -0.0000000007755392,       0.0000003507779208,       0.0000273584559526,       0.0000000000296820,       0.0000273584559526,       0.0000001942787396
       -0.0000005255505124,       0.0000000000000000,       0.0000000000000000,       0.0000000000000000,       0.0000003390882355,       0.0000273565674819,       0.0000000000000000,       0.0000273565674819,       0.0000001864622769
       -0.0000005450566603,       0.0000000007755392,      -0.0000000000296820,       0.0000000007755392,       0.0000003507779208,       0.0000273584559527,      -0.0000000000296820,       0.0000273584559527,       0.0000001942787396
       -0.0000005633565411,      -0.0000000001468313,      -0.0000000006146399,      -0.0000000001468313,       0.0000003621850652,       0.0000273601716142,      -0.0000000006146399,       0.0000273601716142,       0.0000002011714759
       -0.0000005591128578,      -0.0000000004528847,      -0.0000000009207892,      -0.0000000004528847,       0.0000003599885109,       0.0000273590939589,      -0.0000000009207892,       0.0000273590939589,       0.0000001991243469
       -0.0000005586284970,      -0.0000000002642604,      -0.0000000009835678,      -0.0000000002642604,       0.0000003595358585,       0.0000273577445892,      -0.0000000009835678,       0.0000273577445892,       0.0000001990926385
       -0.0000005592218021,      -0.0000000003960798,      -0.0000000010692006,      -0.0000000003960798,       0.0000003599948966,       0.0000273565636258,      -0.0000000010692006,       0.0000273565636258,       0.0000001992269055
       -0.0000005581498288,      -0.0000000003395366,      -0.0000000010041536,      -0.0000000003395366,       0.0000003594072400,       0.0000273551667500,      -0.0000000010041536,       0.0000273551667500,       0.0000001987425888
       -0.0000005584272553,      -0.0000000002897937,      -0.0000000008670273,      -0.0000000002897937,       0.0000003595618269,       0.0000273539488041,      -0.0000000008670273,       0.0000273539488041,       0.0000001988654285
       -0.0000005579977921,      -0.0000000002329524,      -0.0000000006685272,      -0.0000000002329524,       0.0000003593630192,       0.0000273529186806,      -0.0000000006685272,       0.0000273529186806,       0.0000001986347729
       -0.0000005580426242,      -0.0000000001329070,      -0.0000000004142528,      -0.0000000001329070,       0.0000003593758275,       0.0000273521794299,      -0.0000000004142528,       0.0000273521794299,       0.0000001986667967
       -0.0000005579499689,      -0.0000000000543911,      -0.0000000001441376,      -0.0000000000543911,       0.0000003593387797,       0.0000273517993061,      -0.0000000001441376,       0.0000273517993061,       0.0000001986111892
       -0.0000005576098450,       0.0000000000324767,       0.0000000002242067,       0.0000000000324767,       0.0000003591496331,       0.0000273511199086,       0.0000000002242067,       0.0000273511199086,       0.0000001984602119
       -0.0000005575918759,       0.0000000001495030,       0.0000000006710007,       0.0000000001495030,       0.0000003591551306,       0.0000273514917092,       0.0000000006710007,       0.0000273514917092,       0.0000001984367454
       -0.0000005578755224,       0.0000000002061415,       0.0000000010664233,       0.0000000002061415,       0.0000003592497535,       0.0000273521984517,       0.0000000010664233,       0.0000273521984517,       0.0000001986257690
       -0.0000005577982746,       0.0000000002985769,       0.0000000013993478,       0.0000000002985769,       0.0000003592125743,       0.0000273531933699,       0.0000000013993478,       0.0000273531933699,       0.0000001985857004
       -0.0000005586127213,       0.0000000003538663,       0.0000000016247708,       0.0000000003538663,       0.0000003596294057,       0.0000273544360818,       0.0000000016247708,       0.0000273544360818,       0.0000001989833155
       -0.0000005583583751,       0.0000000003089477,       0.0000000016957974,       0.0000000003089477,       0.0000003592732807,       0.0000273556490341,       0.0000000016957974,       0.0000273556490341,       0.0000001990850945
       -0.0000005596072665,       0.0000000004929734,       0.0000000016661640,       0.0000000004929734,       0.0000003603027247,       0.0000273571481317,       0.0000000016661640,       0.0000273571481317,       0.0000001993045417
       -0.0000005601916245,       0.0000000000826235,       0.0000000013628988,       0.0000000000826235,       0.0000003599437877,       0.0000273580649287,       0.0000000013628988,       0.0000273580649287,       0.0000002002478368
       -0.0000005566465848,       0.0000000002938454,       0.0000000010275574,       0.0000000002938454,       0.0000003577797491,       0.0000273586664688,       0.0000000010275574,       0.0000273586664688,       0.0000001988668356
       -0.0000005749199618,       0.0000000014909126,       0.0000000008194397,       0.0000000014909126,       0.0000003732963091,       0.0000273626607963,       0.0000000008194397,       0.0000273626607963,       0.0000002016236527
       -0.0000005946723415,       0.0000000000000000,       0.0000000000000000,       0.0000000000000000,       0.0000003887566494,       0.0000273660373000,       0.0000000000000000,       0.0000273660373000,       0.0000002059156921
       -0.0000005749199618,      -0.0000000014909126,      -0.0000000008194397,      -0.0000000014909126,       0.0000003732963091,       0.0000273626607963,      -0.0000000008194397,       0.0000273626607963,       0.0000002016236527
       -0.0000005566465848,      -0.0000000002938454,      -0.0000000010275574,      -0.0000000002938454,       0.0000003577797491,       0.0000273586664688,      -0.0000000010275574,       0.0000273586664688,       0.0000001988668356
       -0.0000005601916245,      -0.0000000000826235,      -0.0000000013628988,      -0.0000000000826235,       0.0000003599437877,       0.0000273580649287,      -0.0000000013628988,       0.0000273580649287,       0.0000002002478368
       -0.0000005596072664,      -0.0000000004929734,      -0.0000000016661640,      -0.0000000004929734,       0.0000003603027247,       0.0000273571481317,      -0.0000000016661640,       0.0000273571481317,       0.0000001993045417
       -0.0000005583583751,      -0.0000000003089477,      -0.0000000016957974,      -0.0000000003089477,       0.0000003592732807,       0.0000273556490341,      -0.0000000016957974,       0.0000273556490341,       0.0000001990850945
       -0.0000005586127212,      -0.0000000003538663,      -0.0000000016247708,      -0.0000000003538663,       0.0000003596294057,       0.0000273544360818,      -0.0000000016247708,       0.0000273544360818,       0.0000001989833155
       -0.0000005577982747,      -0.0000000002985769,      -0.0000000013993478,      -0.0000000002985769,       0.0000003592125743,       0.0000273531933699,      -0.0000000013993478,       0.0000273531933699,       0.0000001985857004
       -0.0000005578755225,      -0.0000000002061414,      -0.0000000010664233,      -0.0000000002061414,       0.0000003592497535,       0.0000273521984517,      -0.0000000010664233,       0.0000273521984517,       0.0000001986257690
       -0.0000005575918759,      -0.0000000001495030,      -0.0000000006710007,      -0.0000000001495030,       0.0000003591551306,       0.0000273514917092,      -0.0000000006710007,       0.0000273514917092,       0.0000001984367453
       -0.0000005576098451,      -0.0000000000324767,      -0.0000000002242067,      -0.0000000000324767,       0.0000003591496332,       0.0000273511199086,      -0.0000000002242067,       0.0000273511199086,       0.0000001984602120
       -0.0000005572677458,       0.0000000000635946,       0.0000000002999881,       0.0000000000635946,       0.0000003589744393,       0.0000273501487006,       0.0000000002999881,       0.0000273501487006,       0.0000001982933066
       -0.0000005574003649,       0.0000000001028266,       0.0000000008743966,       0.0000000001028266,       0.0000003589920024,       0.0000273504813733,       0.0000000008743966,       0.0000273504813733,       0.0000001984083626
       -0.0000005573726869,       0.0000000002201753,       0.0000000014069923,       0.0000000002201753,       0.0000003589944516,       0.0000273511331658,       0.0000000014069923,       0.0000273511331658,       0.0000001983782353
       -0.0000005579000004,       0.0000000002663828,       0.0000000018437689,       0.0000000002663828,       0.0000003591931765,       0.0000273520692829,       0.0000000018437689,       0.0000273520692829,       0.0000001987068239
       -0.0000005579336762,       0.0000000002990715,       0.0000000021364775,       0.0000000002990715,       0.0000003590221045,       0.0000273531376978,       0.0000000021364775,       0.0000273531376978,       0.0000001989115717
       -0.0000005589843245,       0.0000000004325882,       0.0000000022734548,       0.0000000004325882,       0.0000003598730670,       0.0000273545010848,       0.0000000022734548,       0.0000273545010848,       0.0000001991112575
       -0.0000005592004363,       0.0000000001646156,       0.0000000021467308,       0.0000000001646156,       0.0000003590386535,       0.0000273554751868,       0.0000000021467308,       0.0000273554751868,       0.0000002001617828
       -0.0000005595900749,       0.0000000005386479,       0.0000000018797680,       0.0000000005386479,       0.0000003601824364,       0.0000273568162614,       0.0000000018797680,       0.0000273568162614,       0.0000001994076385
       -0.0000005638703113,       0.0000000002340240,       0.0000000014013081,       0.0000000002340240,       0.0000003632272332,       0.0000273582150085,       0.0000000014013081,       0.0000273582150085,       0.0000002006430782
       -0.0000005474520921,      -0.0000000015240272,       0.0000000005296511,      -0.0000000015240272,       0.0000003432488456,       0.0000273546997461,       0.0000000005296511,       0.0000273546997461,       0.0000002042032466
       -0.0000005282852077,       0.0000000000000000,       0.0000000000000000,       0.0000000000000000,       0.0000003231446501,       0.0000273509288163,       0.0000000000000000,       0.0000273509288163,       0.0000002051405576
       -0.0000005474520921,       0.0000000015240272,      -0.0000000005296511,       0.0000000015240272,       0.0000003432488456,       0.0000273546997461,      -0.0000000005296511,       0.0000273546997461,       0.0000002042032465
       -0.0000005638703113,      -0.0000000002340240,      -0.0000000014013081,      -0.0000000002340240,       0.0000003632272331,       0.0000273582150085,      -0.0000000014013081,       0.0000273582150085,       0.0000002006430781
       -0.0000005595900749,      -0.0000000005386480,      -0.0000000018797680,      -0.0000000005386480,       0.0000003601824364,       0.0000273568162614,      -0.0000000018797680,       0.0000273568162614,       0.0000001994076385
       -0.0000005592004363,      -0.0000000001646156,      -0.0000000021467308,      -0.0000000001646156,       0.0000003590386535,       0.0000273554751868,      -0.0000000021467308,       0.0000273554751868,       0.0000002001617827
       -0.0000005589843245,      -0.0000000004325882,      -0.0000000022734548,      -0.0000000004325882,       0.0000003598730670,       0.0000273545010848,      -0.0000000022734548,       0.0000273545010848,       0.0000001991112575
       -0.0000005579336761,      -0.0000000002990715,      -0.0000000021364775,      -0.0000000002990715,       0.0000003590221045,       0.0000273531376978,      -0.0000000021364775,       0.0000273531376978,       0.0000001989115716
       -0.0000005579000005,      -0.0000000002663828,      -0.0000000018437689,      -0.0000000002663828,       0.0000003591931766,       0.0000273520692829,      -0.0000000018437689,       0.0000273520692829,       0.0000001987068239
       -0.0000005573726868,      -0.0000000002201753,      -0.0000000014069923,      -0.0000000002201753,       0.0000003589944516,       0.0000273511331658,      -0.0000000014069923,       0.0000273511331658,       0.0000001983782353
       -0.0000005574003650,      -0.0000000001028266,      -0.0000000008743966,      -0.0000000001028266,       0.0000003589920024,       0.0000273504813733,      -0.0000000008743966,       0.0000273504813733,       0.0000001984083626
       -0.0000005572677458,      -0.0000000000635946,      -0.0000000002999881,      -0.0000000000635946,       0.0000003589744393,       0.0000273501487006,      -0.0000000002999881,       0.0000273501487006,       0.0000001982933065
       -0.0000005570834497,       0.0000000000057314,       0.0000000003462847,       0.0000000000057314,       0.0000003588400663,       0.0000273489401963,       0.0000000003462847,       0.0000273489401963,       0.0000001982433835
       -0.0000005570893115,       0.0000000001277362,       0.0000000010202156,       0.0000000001277362,       0.0000003588475402,       0.0000273492174347,       0.0000000010202156,       0.0000273492174347,       0.0000001982417712
       -0.0000005572976451,       0.0000000001548743,       0.0000000016432408,       0.0000000001548743,       0.0000003588676293,       0.0000273497670079,       0.0000000016432408,       0.0000273497670079,       0.0000001984300158
       -0.0000005574870001,       0.0000000002238858,       0.0000000021503598,       0.0000000002238858,       0.0000003588191394,       0.0000273505131997,       0.0000000021503598,       0.0000273505131997,       0.0000001986678607
       -0.0000005580472437,       0.0000000003241571,       0.0000000025188701,       0.0000000003241571,       0.0000003592650673,       0.0000273515431623,       0.0000000025188701,       0.0000273515431623,       0.0000001987821764
       -0.0000005585948434,       0.0000000001939915,       0.0000000026423649,       0.0000000001939915,       0.0000003586777037,       0.0000273524423512,       0.0000000026423649,       0.0000273524423512,       0.0000001999171397
       -0.0000005594453871,       0.0000000004760489,       0.0000000025488143,       0.0000000004760489,       0.0000003602423267,       0.0000273537415880,       0.0000000025488143,       0.0000273537415880,       0.0000001992030603
       -0.0000005604885789,       0.0000000000984713,       0.0000000022218935,       0.0000000000984713,       0.0000003593570553,       0.0000273545739541,       0.0000000022218935,       0.0000273545739541,       0.0000002011315237
       -0.0000005584030017,       0.0000000000333368,       0.0000000015349528,       0.0000000000333368,       0.0000003561768890,       0.0000273546166286,       0.0000000015349528,       0.0000273546166286,       0.0000002022261127
       -0.0000005736563383,       0.0000000016962924,       0.0000000008877510,       0.0000000016962924,       0.0000003808365284,       0.0000273591926966,       0.0000000008877510,       0.0000273591926966,       0.0000001928198100
       -0.0000005920155013,       0.0000000000000000,       0.0000000000000000,       0.0000000000000000,       0.0000004058536060,       0.0000273635965187,       0.0000000000000000,       0.0000273635965187,       0.0000001861618953
       -0.0000005736563383,      -0.0000000016962924,      -0.0000000008877510,      -0.0000000016962924,       0.0000003808365284,       0.0000273591926966,      -0.0000000008877510,       0.0000273591926966,       0.0000001928198099
       -0.0000005584030017,      -0.0000000000333368,      -0.0000000015349528,      -0.0000000000333368,       0.0000003561768890,       0.0000273546166286,      -0.0000000015349528,       0.0000273546166286,       0.0000002022261127
       -0.0000005604885789,      -0.0000000000984713,      -0.0000000022218935,      -0.0000000000984713,       0.0000003593570552,       0.0000273545739541,      -0.0000000022218935,       0.0000273545739541,       0.0000002011315236
       -0.0000005594453871,      -0.0000000004760489,      -0.0000000025488143,      -0.0000000004760489,       0.0000003602423267,       0.0000273537415880,      -0.0000000025488143,       0.0000273537415880,       0.0000001992030603
       -0.0000005585948434,      -0.0000000001939915,      -0.0000000026423649,      -0.0000000001939915,       0.0000003586777037,       0.0000273524423512,      -0.0000000026423649,       0.0000273524423512,       0.0000001999171397
       -0.0000005580472437,      -0.0000000003241571,      -0.0000000025188701,      -0.0000000003241571,       0.0000003592650673,       0.0000273515431623,      -0.0000000025188701,       0.0000273515431623,       0.0000001987821764
       -0.0000005574870001,      -0.0000000002238858,      -0.0000000021503598,      -0.0000000002238858,       0.0000003588191394,       0.0000273505131997,      -0.0000000021503598,       0.0000273505131997,       0.0000001986678607
       -0.0000005572976452,      -0.0000000001548743,      -0.0000000016432408,      -0.0000000001548743,       0.0000003588676293,       0.0000273497670079,      -0.0000000016432408,       0.0000273497670079,       0.0000001984300158
       -0.0000005570893115,      -0.0000000001277362,      -0.0000000010202156,      -0.0000000001277362,       0.0000003588475403,       0.0000273492174347,      -0.0000000010202156,       0.0000273492174347,       0.0000001982417713
       -0.0000005570834497,      -0.0000000000057314,      -0.0000000003462847,      -0.0000000000057314,       0.0000003588400663,       0.0000273489401963,      -0.0000000003462847,       0.0000273489401963,       0.0000001982433835
       -0.0000005570084010,       0.0000000000385356,       0.0000000003570387,       0.0000000000385356,       0.0000003587911000,       0.0000273475886379,       0.0000000003570387,       0.0000273475886379,       0.0000001982173010
       -0.0000005569304055,       0.0000000000650964,       0.0000000010913700,       0.0000000000650964,       0.0000003587279838,       0.0000273477898176,       0.0000000010913700,       0.0000273477898176,       0.0000001982024217
       -0.0000005572899609,       0.0000000001070064,       0.0000000017282111,       0.0000000001070064,       0.0000003587542169,       0.0000273481489977,       0.0000000017282111,       0.0000273481489977,       0.0000001985357440
       -0.0000005571743038,       0.0000000002082282,       0.0000000023026758,       0.0000000002082282,       0.0000003588139922,       0.0000273487501357,       0.0000000023026758,       0.0000273487501357,       0.0000001983603115
       -0.0000005581578450,       0.0000000001189290,       0.0000000026601737,       0.0000000001189290,       0.0000003585711660,       0.0000273493619436,       0.0000000026601737,       0.0000273493619436,       0.0000001995866790
       -0.0000005583313228,       0.0000000003451794,       0.0000000028194219,       0.0000000003451794,       0.0000003595561687,       0.0000273502855378,       0.0000000028194219,       0.0000273502855378,       0.0000001987751541
       -0.0000005592947614,       0.0000000001217598,       0.0000000027601793,       0.0000000001217598,       0.0000003582769460,       0.0000273509822370,       0.0000000027601793,       0.0000273509822370,       0.0000002010178154
       -0.0000005604719032,       0.0000000001848138,       0.0000000022419181,       0.0000000001848138,       0.0000003597616687,       0.0000273516785966,       0.0000000022419181,       0.0000273516785966,       0.0000002007102345
       -0.0000005622073227,       0.0000000004813423,       0.0000000017843608,       0.0000000004813423,       0.0000003639076180,       0.0000273530941782,       0.0000000017843608,       0.0000273530941782,       0.0000001982997047
       -0.0000005507818044,      -0.0000000010538362,       0.0000000010701914,      -0.0000000010538362,       0.0000003368880481,       0.0000273501903773,       0.0000000010701914,       0.0000273501903773,       0.0000002138937563
       -0.0000005348536465,       0.0000000000000000,       0.0000000000000000,       0.0000000000000000,       0.0000003083239253,       0.0000273465358139,       0.0000000000000000,       0.0000273465358139,       0.0000002265297211
       -0.0000005507818044,       0.0000000010538362,      -0.0000000010701914,       0.0000000010538362,       0.0000003368880481,       0.0000273501903773,      -0.0000000010701914,       0.0000273501903773,       0.0000002138937563
       -0.0000005622073227,      -0.0000000004813423,      -0.0000000017843608,      -0.0000000004813423,       0.0000003639076180,       0.0000273530941782,      -0.0000000017843608,       0.0000273530941782,       0.0000001982997047
       -0.0000005604719031,      -0.0000000001848138,      -0.0000000022419181,      -0.0000000001848138,       0.0000003597616687,       0.0000273516785966,      -0.0000000022419181,       0.0000273516785966,       0.0000002007102344
       -0.0000005592947614,      -0.0000000001217598,      -0.0000000027601793,      -0.0000000001217598,       0.0000003582769460,       0.0000273509822370,      -0.0000000027601793,       0.0000273509822370,       0.0000002010178154
       -0.0000005583313228,      -0.0000000003451794,      -0.0000000028194219,      -0.0000000003451794,       0.0000003595561687,       0.0000273502855378,      -0.0000000028194219,       0.0000273502855378,       0.0000001987751541
       -0.0000005581578450,      -0.0000000001189290,      -0.0000000026601737,      -0.0000000001189290,       0.0000003585711660,       0.0000273493619436,      -0.0000000026601737,       0.0000273493619436,       0.0000001995866790
       -0.0000005571743038,      -0.0000000002082282,      -0.0000000023026758,      -0.0000000002082282,       0.0000003588139922,       0.0000273487501357,      -0.0000000023026758,       0.0000273487501357,       0.0000001983603116
       -0.0000005572899610,      -0.0000000001070064,      -0.0000000017282111,      -0.0000000001070064,       0.0000003587542169,       0.0000273481489977,      -0.0000000017282111,       0.0000273481489977,       0.0000001985357441
       -0.0000005569304055,      -0.0000000000650964,      -0.0000000010913700,      -0.0000000000650964,       0.0000003587279838,       0.0000273477898176,      -0.0000000010913700,       0.0000273477898176,       0.0000001982024217
       -0.0000005570084010,      -0.0000000000385356,      -0.0000000003570387,      -0.0000000000385356,       0.0000003587911000,       0.0000273475886379,      -0.0000000003570387,       0.0000273475886379,       0.0000001982173010
       -0.0000005569179313,       0.0000000000855200,       0.0000000003810364,       0.0000000000855200,       0.0000003587655685,       0.0000273462195370,       0.0000000003810364,       0.0000273462195370,       0.0000001981523628
       -0.0000005574130532,      -0.0000000000560768,       0.0000000010133690,      -0.0000000000560768,       0.0000003588363400,       0.0000273462888478,       0.0000000010133690,       0.0000273462888478,       0.0000001985767131
       -0.0000005565701435,       0.0000000001678754,       0.0000000017066030,       0.0000000001678754,       0.0000003586337572,       0.0000273465040376,       0.0000000017066030,       0.0000273465040376,       0.0000001979363864
       -0.0000005581321559,      -0.0000000000575684,       0.0000000021889072,      -0.0000000000575684,       0.0000003586918560,       0.0000273467330665,       0.0000000021889072,       0.0000273467330665,       0.0000001994402999
       -0.0000005570788082,       0.0000000002535200,       0.0000000025828259,       0.0000000002535200,       0.0000003589310841,       0.0000273471590247,       0.0000000025828259,       0.0000273471590247,       0.0000001981477241
       -0.0000005588155365,       0.0000000000265756,       0.0000000027769104,       0.0000000000265756,       0.0000003582477172,       0.0000273476263417,       0.0000000027769104,       0.0000273476263417,       0.0000002005678192
       -0.0000005596548562,       0.0000000000870016,       0.0000000025224904,       0.0000000000870016,       0.0000003598803934,       0.0000273480340446,       0.0000000025224904,       0.0000273480340446,       0.0000001997744627
       -0.0000005587674119,       0.0000000003878488,       0.0000000023898941,       0.0000000003878488,       0.0000003589251008,       0.0000273488152451,       0.0000000023898941,       0.0000273488152451,       0.0000001998423110
       -0.0000005607868109,      -0.0000000003115759,       0.0000000016293085,      -0.0000000003115759,       0.0000003549829992,       0.0000273486595019,       0.0000000016293085,       0.0000273486595019,       0.0000002058038117
       -0.0000005699781830,       0.0000000003187050,       0.0000000004898689,       0.0000000003187050,       0.0000003822795808,       0.0000273508271634,       0.0000000004898689,       0.0000273508271634,       0.0000001876986022
       -0.0000005829396919,       0.0000000000000000,       0.0000000000000000,       0.0000000000000000,       0.0000004120833076,       0.0000273534799634,       0.0000000000000000,       0.0000273534799634,       0.0000001708563843
       -0.0000005699781830,      -0.0000000003187050,      -0.0000000004898689,      -0.0000000003187050,       0.0000003822795808,       0.0000273508271634,      -0.0000000004898689,       0.0000273508271634,       0.0000001876986022
       -0.0000005607868109,       0.0000000003115759,      -0.0000000016293085,       0.0000000003115759,       0.0000003549829992,       0.0000273486595019,      -0.0000000016293085,       0.0000273486595019,       0.0000002058038117
       -0.0000005587674118,      -0.0000000003878488,      -0.0000000023898941,      -0.0000000003878488,       0.0000003589251008,       0.0000273488152451,      -0.0000000023898941,       0.0000273488152451,       0.0000001998423110
       -0.0000005596548561,      -0.0000000000870016,      -0.0000000025224904,      -0.0000000000870016,       0.0000003598803934,       0.0000273480340446,      -0.0000000025224904,       0.0000273480340446,       0.0000001997744627
       -0.0000005588155365,      -0.0000000000265756,      -0.0000000027769104,      -0.0000000000265756,       0.0000003582477172,       0.0000273476263417,      -0.0000000027769104,       0.0000273476263417,       0.0000002005678192
       -0.0000005570788082,      -0.0000000002535200,      -0.0000000025828259,      -0.0000000002535200,       0.0000003589310841,       0.0000273471590247,      -0.0000000025828259,       0.0000273471590247,       0.0000001981477241
       -0.0000005581321559,       0.0000000000575684,      -0.0000000021889072,       0.0000000000575684,       0.0000003586918560,       0.0000273467330665,      -0.0000000021889072,       0.0000273467330665,       0.0000001994402999
       -0.0000005565701436,      -0.0000000001678754,      -0.0000000017066030,      -0.0000000001678754,       0.0000003586337572,       0.0000273465040376,      -0.0000000017066030,       0.0000273465040376,       0.0000001979363864
       -0.0000005574130532,       0.0000000000560768,      -0.0000000010133690,       0.0000000000560768,       0.0000003588363401,       0.0000273462888478,      -0.0000000010133690,       0.0000273462888478,       0.0000001985767131
       -0.0000005569179313,      -0.0000000000855200,      -0.0000000003810364,      -0.0000000000855200,       0.0000003587655685,       0.0000273462195370,      -0.0000000003810364,       0.0000273462195370,       0.0000001981523628
       -0.0000005575090887,      -0.0000000003543069,       0.0000000002486092,      -0.0000000003543069,       0.0000003589568553,       0.0000273449436347,       0.0000000002486092,       0.0000273449436347,       0.0000001985522334
       -0.0000005564956774,       0.0000000003483876,       0.0000000009528454,       0.0000000003483876,       0.0000003587212462,       0.0000273449347371,       0.0000000009528454,       0.0000273449347371,       0.0000001977744312
       -0.0000005584696025,      -0.0000000003734112,       0.0000000014031977,      -0.0000000003734112,       0.0000003589820787,       0.0000273448834169,       0.0000000014031977,       0.0000273448834169,       0.0000001994875238
       -0.0000005561999537,       0.0000000003269264,       0.0000000019285862,       0.0000000003269264,       0.0000003586457353,       0.0000273448478212,       0.0000000019285862,       0.0000273448478212,       0.0000001975542183
       -0.0000005588316165,      -0.0000000002394727,       0.0000000022603638,      -0.0000000002394727,       0.0000003586458584,       0.0000273450126351,       0.0000000022603638,       0.0000273450126351,       0.0000002001857581
       -0.0000005582394115,       0.0000000000653596,       0.0000000022697954,       0.0000000000653596,       0.0000003592575856,       0.0000273448671909,       0.0000000022697954,       0.0000273448671909,       0.0000001989818259
       -0.0000005578610982,       0.0000000002540634,       0.0000000024012307,       0.0000000002540634,       0.0000003582329871,       0.0000273454521548,       0.0000000024012307,       0.0000273454521548,       0.0000001996281111
       -0.0000005617422675,      -0.0000000004189967,       0.0000000018551370,      -0.0000000004189967,       0.0000003591123016,       0.0000273453696076,       0.0000000018551370,       0.0000273453696076,       0.0000002026299659
       -0.0000005595096785,       0.0000000003176570,       0.0000000013317530,       0.0000000003176570,       0.0000003634083843,       0.0000273457004551,       0.0000000013317530,       0.0000273457004551,       0.0000001961012942
       -0.0000005531371870,       0.0000000009403179,       0.0000000013068817,       0.0000000009403179,       0.0000003391437511,       0.0000273457538790,       0.0000000013068817,       0.0000273457538790,       0.0000002139934359
       -0.0000005458658532,       0.0000000000000000,       0.0000000000000000,       0.0000000000000000,       0.0000003122664558,       0.0000273452151056,       0.0000000000000000,       0.0000273452151056,       0.0000002335993974
       -0.0000005531371870,      -0.0000000009403179,      -0.0000000013068817,      -0.0000000009403179,       0.0000003391437511,       0.0000273457538790,      -0.0000000013068817,       0.0000273457538790,       0.0000002139934359
       -0.0000005595096785,      -0.0000000003176570,      -0.0000000013317530,      -0.0000000003176570,       0.0000003634083843,       0.0000273457004551,      -0.0000000013317530,       0.0000273457004551,       0.0000001961012942
       -0.0000005617422674,       0.0000000004189967,      -0.0000000018551370,       0.0000000004189967,       0.0000003591123016,       0.0000273453696076,      -0.0000000018551370,       0.0000273453696076,       0.0000002026299658
       -0.0000005578610982,      -0.0000000002540634,      -0.0000000024012307,      -0.0000000002540634,       0.0000003582329871,       0.0000273454521548,      -0.0000000024012307,       0.0000273454521548,       0.0000001996281111
       -0.0000005582394115,      -0.0000000000653596,      -0.0000000022697954,      -0.0000000000653596,       0.0000003592575856,       0.0000273448671909,      -0.0000000022697954,       0.0000273448671909,       0.0000001989818259
       -0.0000005588316165,       0.0000000002394727,      -0.0000000022603638,       0.0000000002394727,       0.0000003586458585,       0.0000273450126351,      -0.0000000022603638,       0.0000273450126351,       0.0000002001857581
       -0.0000005561999537,      -0.0000000003269264,      -0.0000000019285862,      -0.0000000003269264,       0.0000003586457353,       0.0000273448478212,      -0.0000000019285862,       0.0000273448478212,       0.0000001975542183
       -0.0000005584696026,       0.0000000003734112,      -0.0000000014031977,       0.0000000003734112,       0.0000003589820788,       0.0000273448834169,      -0.0000000014031977,       0.0000273448834169,       0.0000001994875238
       -0.0000005564956774,      -0.0000000003483876,      -0.0000000009528454,      -0.0000000003483876,       0.0000003587212462,       0.0000273449347371,      -0.0000000009528454,       0.0000273449347371,       0.0000001977744312
       -0.0000005575090888,       0.0000000003543069,      -0.0000000002486092,       0.0000000003543069,       0.0000003589568553,       0.0000273449436347,      -0.0000000002486092,       0.0000273449436347,       0.0000001985522335
       -0.0000005573674265,       0.0000000006247466,       0.0000000002674534,       0.0000000006247466,       0.0000003590635796,       0.0000273439163693,       0.0000000002674534,       0.0000273439163693,       0.0000001983038469
       -0.0000005582129112,      -0.0000000006509936,       0.0000000006273334,      -0.0000000006509936,       0.0000003591572107,       0.0000273438354110,       0.0000000006273334,       0.0000273438354110,       0.0000001990557005
