        0.2401577594073150,       0.0004706472948401,       0.0004713999784692,       0.0004706472948401,      -0.3182211845027101,    -371.4963329721136347,       0.0004713999784692,    -371.4963329721136347,       1.1145388144366699
        0.2387727019392288,       0.0016099006412668,       0.0016137085208727,       0.0016099006412668,      -0.3203590525031559,    -371.4938963494502104,       0.0016137085208727,    -371.4938963494502104,       1.1124037558000079
        0.2416387461108769,       0.0025325936282435,       0.0025378959605797,       0.0025325936282435,      -0.3155838403299355,    -371.4888368233734468,       0.0025378959605797,    -371.4888368233734468,       1.1171849207626781
        0.2365656366723831,       0.0033244596703214,       0.0033315378766728,       0.0033244596703214,      -0.3230426630496810,    -371.4820345533683508,       0.0033315378766728,    -371.4820345533683508,       1.1097335459863067
        0.2436381059184699,       0.0041985042249603,       0.0042075951202434,       0.0041985042249603,      -0.3121702114348298,    -371.4728857519794474,       0.0042075951202434,    -371.4728857519794474,       1.1206168991284424
        0.2342816833266626,       0.0040068901773153,       0.0040140871803002,       0.0040068901773153,      -0.3241487329634825,    -371.4633982547702544,       0.0040140871803002,    -371.4633982547702544,       1.1086476538839418
        0.2417721762599308,       0.0047779888008814,       0.0047892372426050,       0.0047779888008814,      -0.3161872089552542,    -371.4530235465373380,       0.0047892372426050,    -371.4530235465373380,       1.1166220370325801
        0.2454264364655773,       0.0033584867290264,       0.0033629312760617,       0.0033584867290264,      -0.3010433190892952,    -371.4429422382935400,       0.0033629312760617,    -371.4429422382935400,       1.1317756414413565
        0.2005123274714165,       0.0021062034909940,       0.0021105548520219,       0.0021062034909940,      -0.3844322587834695,    -371.4383799003744571,       0.0021105548520219,    -371.4383799003744571,       1.0483874046238295
        0.3600499397446831,       0.0067512719952737,       0.0067739690700565,       0.0067512719952737,      -0.1207958348926407,    -371.4240861672912501,       0.0067739690700565,    -371.4240861672912501,       1.3120636067757523
        0.5383359213113041,       0.0000000000000950,       0.0000000000000479,       0.0000000000000950,       0.2008388586971801,    -371.4105715284567850,       0.0000000000000479,    -371.4105715284567850,       1.6337368458945667
        0.3600499397445361,      -0.0067512719953157,      -0.0067739690701522,      -0.0067512719953157,      -0.1207958348924784,    -371.4240861672915344,      -0.0067739690701522,    -371.4240861672915344,       1.3120636067756766
        0.2005123274714253,      -0.0021062034911108,      -0.0021105548520035,      -0.0021062034911108,      -0.3844322587835221,    -371.4383799003745708,      -0.0021105548520035,    -371.4383799003745708,       1.0483874046236723
        0.2454264364655202,      -0.0033584867290023,      -0.0033629312760315,      -0.0033584867290023,      -0.3010433190893023,    -371.4429422382936536,      -0.0033629312760315,    -371.4429422382936536,       1.1317756414412548
        0.2417721762598308,      -0.0047779888008783,      -0.0047892372425292,      -0.0047779888008783,      -0.3161872089552555,    -371.4530235465371675,      -0.0047892372425292,    -371.4530235465371675,       1.1166220370324662
        0.2342816833267490,      -0.0040068901772612,      -0.0040140871803086,      -0.0040068901772612,      -0.3241487329637925,    -371.4633982547705386,      -0.0040140871803086,    -371.4633982547705386,       1.1086476538835726
        0.2436381059185517,      -0.0041985042250178,      -0.0042075951205328,      -0.0041985042250178,      -0.3121702114344974,    -371.4728857519796748,      -0.0042075951205328,    -371.4728857519796748,       1.1206168991287959
        0.2365656366724236,      -0.0033244596704083,      -0.0033315378765508,      -0.0033244596704083,      -0.3230426630493206,    -371.4820345533681234,      -0.0033315378765508,    -371.4820345533681234,       1.1097335459867597
        0.2416387461109837,      -0.0025325936282511,      -0.0025378959606612,      -0.0025325936282511,      -0.3155838403301300,    -371.4888368233733900,      -0.0025378959606612,    -371.4888368233733900,       1.1171849207626801
        0.2387727019392182,      -0.0016099006412659,      -0.0016137085209043,      -0.0016099006412659,      -0.3203590525034936,    -371.4938963494500967,      -0.0016137085209043,    -371.4938963494500967,       1.1124037557998152
        0.2401577594071817,      -0.0004706472947021,      -0.0004713999782574,      -0.0004706472947021,      -0.3182211845026032,    -371.4963329721139189,      -0.0004713999782574,    -371.4963329721139189,       1.1145388144365973
        0.2404908559399327,       0.0006973595635212,       0.0015958848166424,       0.0006973595635212,      -0.3194344250762506,    -371.4982451321897088,       0.0015958848166424,    -371.4982451321897088,       1.1133895373475711
        0.2418752415023313,       0.0014552179782663,       0.0046207811110432,       0.0014552179782663,      -0.3170523345861702,    -371.4956511425671124,       0.0046207811110432,    -371.4956511425671124,       1.1156220178404399
        0.2387268386465359,       0.0025760144126771,       0.0075120944408055,       0.0025760144126771,      -0.3217812315115063,    -371.4910316713732072,       0.0075120944408055,    -371.4910316713732072,       1.1113620533458444
        0.2435914350686031,       0.0036443478011968,       0.0101333679169832,       0.0036443478011968,      -0.3134983313014799,    -371.4835512049722865,       0.0101333679169832,    -371.4835512049722865,       1.1188304934419155
        0.2360202682027778,       0.0035703737834125,       0.0117674987364856,       0.0035703737834125,      -0.3242863966878041,    -371.4754047165644124,       0.0117674987364856,    -371.4754047165644124,       1.1096524572892914
        0.2444385316604889,       0.0055126023706634,       0.0132920523425599,       0.0055126023706634,      -0.3109871216016611,    -371.4645985449853356,       0.0132920523425599,    -371.4645985449853356,       1.1208191687836457
        0.2367540817150794,       0.0029872373234615,       0.0123110489674522,       0.0029872373234615,      -0.3182493683406135,    -371.4548662474797993,       0.0123110489674522,    -371.4548662474797993,       1.1160443534549476
        0.2309437154742671,       0.0050770709209637,       0.0115900343110484,       0.0050770709209637,      -0.3340568320440985,    -371.4461586841525218,       0.0115900343110484,    -371.4461586841525218,       1.1003607126411505
        0.2767479173789680,       0.0051493010839164,       0.0092181351134349,       0.0051493010839164,      -0.2433807619392845,    -371.4324333466945518,       0.0092181351134349,    -371.4324333466945518,       1.1814044265774033
        0.1155733895561836,      -0.0139167516509141,      -0.0007287165113899,      -0.0139167516509141,      -0.5264537319659802,    -371.4461762082691507,      -0.0007287165113899,    -371.4461762082691507,       0.9374474401875870
       -0.0647884958901281,       0.0000000000001059,      -0.0000000000000758,       0.0000000000001059,      -0.8730965592199538,    -371.4675893850019293,      -0.0000000000000758,    -371.4675893850019293,       0.6333785219097514
        0.1155733895562977,       0.0139167516508333,       0.0007287165115176,       0.0139167516508333,      -0.5264537319658483,    -371.4461762082698328,       0.0007287165115176,    -371.4461762082698328,       0.9374474401879653
        0.2767479173789354,      -0.0051493010840108,      -0.0092181351134742,      -0.0051493010840108,      -0.2433807619390371,    -371.4324333466947223,      -0.0092181351134742,    -371.4324333466947223,       1.1814044265776444
        0.2309437154742515,      -0.0050770709208692,      -0.0115900343111774,      -0.0050770709208692,      -0.3340568320441494,    -371.4461586841532039,      -0.0115900343111774,    -371.4461586841532039,       1.1003607126409638
        0.2367540817150489,      -0.0029872373234384,      -0.0123110489673642,      -0.0029872373234384,      -0.3182493683408683,    -371.4548662474809362,      -0.0123110489673642,    -371.4548662474809362,       1.1160443534544036
        0.2444385316604113,      -0.0055126023707633,      -0.0132920523425998,      -0.0055126023707633,      -0.3109871216015400,    -371.4645985449853356,      -0.0132920523425998,    -371.4645985449853356,       1.1208191687835554
        0.2360202682027037,      -0.0035703737835072,      -0.0117674987364864,      -0.0035703737835072,      -0.3242863966881795,    -371.4754047165645829,      -0.0117674987364864,    -371.4754047165645829,       1.1096524572890667
        0.2435914350684480,      -0.0036443478011552,      -0.0101333679169643,      -0.0036443478011552,      -0.3134983313016911,    -371.4835512049717181,      -0.0101333679169643,    -371.4835512049717181,       1.1188304934416948
        0.2387268386464489,      -0.0025760144127838,      -0.0075120944408123,      -0.0025760144127838,      -0.3217812315115056,    -371.4910316713730936,      -0.0075120944408123,    -371.4910316713730936,       1.1113620533455963
        0.2418752415023723,      -0.0014552179781540,      -0.0046207811110310,      -0.0014552179781540,      -0.3170523345860250,    -371.4956511425671124,      -0.0046207811110310,    -371.4956511425671124,       1.1156220178403884
        0.2404908559400005,      -0.0006973595634331,      -0.0015958848166145,      -0.0006973595634331,      -0.3194344250762298,    -371.4982451321893677,      -0.0015958848166145,    -371.4982451321893677,       1.1133895373476885
        0.2421298360145331,       0.0003249146631508,       0.0025524431284028,       0.0003249146631508,      -0.3184596621925249,    -371.5018963394309708,       0.0025524431284028,    -371.5018963394309708,       1.1143084919795443
        0.2405522001049827,       0.0016755152841636,       0.0074911538522003,       0.0016755152841636,      -0.3208688243331078,    -371.4996483789132071,       0.0074911538522003,    -371.4996483789132071,       1.1125461095812383
        0.2437331996703885,       0.0026379778387703,       0.0123025122033630,       0.0026379778387703,      -0.3152869049767082,    -371.4945515190240712,       0.0123025122033630,    -371.4945515190240712,       1.1168374919287363
        0.2382972064167823,       0.0030450344736624,       0.0162807957376683,       0.0030450344736624,      -0.3236457721914439,    -371.4882717784325905,       0.0162807957376683,    -371.4882717784325905,       1.1114735837462451
        0.2451182463639568,       0.0051684128332298,       0.0197869906526595,       0.0051684128332298,      -0.3110079236963977,    -371.4785950985642557,       0.0197869906526595,    -371.4785950985642557,       1.1197862069316358
        0.2362016364139011,       0.0029437609987592,       0.0209868600131012,       0.0029437609987592,      -0.3240821808479403,    -371.4697749431596208,       0.0209868600131012,    -371.4697749431596208,       1.1137068912289969
        0.2410858274686958,       0.0068840906870989,       0.0214704738754515,       0.0068840906870989,      -0.3154948592550390,    -371.4585457234774708,       0.0214704738754515,    -371.4585457234774708,       1.1161858293344373
        0.2479804679535773,       0.0026066452794541,       0.0184537498776445,       0.0026066452794541,      -0.2950454416840840,    -371.4473126170645969,       0.0184537498776445,    -371.4473126170645969,       1.1363354213889452
        0.1973465785433281,      -0.0008667617287524,       0.0129829736513797,      -0.0008667617287524,      -0.3973481993035997,    -371.4477675952032882,       0.0129829736513797,    -371.4477675952032882,       1.0641569101979125
        0.3590356637432415,       0.0263474102403736,       0.0124147706043800,       0.0263474102403736,      -0.0765508471226787,    -371.4148919951501284,       0.0124147706043800,    -371.4148919951501284,       1.2717726548881885
        0.5423932967486280,       0.0000000000000947,      -0.0000000000000304,       0.0000000000000947,       0.3181109449773704,    -371.3790867524922419,      -0.0000000000000304,    -371.3790867524922419,       1.5411006226370985
        0.3590356637431877,      -0.0263474102404553,      -0.0124147706043579,      -0.0263474102404553,      -0.0765508471228399,    -371.4148919951508674,      -0.0124147706043579,    -371.4148919951508674,       1.2717726548878692
        0.1973465785433177,       0.0008667617288580,      -0.0129829736513768,       0.0008667617288580,      -0.3973481993033573,    -371.4477675952029472,      -0.0129829736513768,    -371.4477675952029472,       1.0641569101980015
        0.2479804679536147,      -0.0026066452796421,      -0.0184537498776027,      -0.0026066452796421,      -0.2950454416841994,    -371.4473126170643127,      -0.0184537498776027,    -371.4473126170643127,       1.1363354213888766
        0.2410858274686642,      -0.0068840906868519,      -0.0214704738754781,      -0.0068840906868519,      -0.3154948592552461,    -371.4585457234770729,      -0.0214704738754781,    -371.4585457234770729,       1.1161858293345557
        0.2362016364137088,      -0.0029437609989234,      -0.0209868600132316,      -0.0029437609989234,      -0.3240821808481723,    -371.4697749431595071,      -0.0209868600132316,    -371.4697749431595071,       1.1137068912289025
        0.2451182463638064,      -0.0051684128333410,      -0.0197869906525105,      -0.0051684128333410,      -0.3110079236969020,    -371.4785950985638578,      -0.0197869906525105,    -371.4785950985638578,       1.1197862069309445
        0.2382972064166953,      -0.0030450344735066,      -0.0162807957377660,      -0.0030450344735066,      -0.3236457721917053,    -371.4882717784322494,      -0.0162807957377660,    -371.4882717784322494,       1.1114735837458187
        0.2437331996703379,      -0.0026379778389632,      -0.0123025122033188,      -0.0026379778389632,      -0.3152869049763130,    -371.4945515190241849,      -0.0123025122033188,    -371.4945515190241849,       1.1168374919290083
        0.2405522001050778,      -0.0016755152841883,      -0.0074911538521889,      -0.0016755152841883,      -0.3208688243329734,    -371.4996483789136050,      -0.0074911538521889,    -371.4996483789136050,       1.1125461095813942
        0.2421298360146445,      -0.0003249146630306,      -0.0025524431283900,      -0.0003249146630306,      -0.3184596621925984,    -371.5018963394309139,      -0.0025524431283900,    -371.5018963394309139,       1.1143084919792945
        0.2421125363511474,       0.0005116932176907,       0.0032686712374295,       0.0005116932176907,      -0.3199716209704363,    -371.5074379174749311,       0.0032686712374295,    -371.5074379174749311,       1.1134414159365460
        0.2438405459182247,       0.0015931584478064,       0.0101534551394580,       0.0015931584478064,      -0.3170640116901809,    -371.5050043025328250,       0.0101534551394580,    -371.5050043025328250,       1.1151184547827111
        0.2402383997249612,       0.0020818908583731,       0.0162553370261741,       0.0020818908583731,      -0.3228553948745612,    -371.5010459775534741,       0.0162553370261741,    -371.5010459775534741,       1.1128834791913900
        0.2454435578514177,       0.0042125865709333,       0.0222260191251063,       0.0042125865709333,      -0.3128953103086426,    -371.4937541320903733,       0.0222260191251063,    -371.4937541320903733,       1.1174765844744279
        0.2379827109951214,       0.0026379944250597,       0.0262620655275092,       0.0026379944250597,      -0.3256485885622332,    -371.4865834628146786,       0.0262620655275092,    -371.4865834628146786,       1.1148749451027009
        0.2444739806226662,       0.0068889824444381,       0.0292122026861957,       0.0068889824444381,      -0.3105171897186465,    -371.4755893455919704,       0.0292122026861957,    -371.4755893455919704,       1.1184746488145387
        0.2401746002778573,       0.0020052579868941,       0.0285927632130242,       0.0020052579868941,      -0.3168281258447679,    -371.4661496935863170,       0.0285927632130242,    -371.4661496935863170,       1.1248954904061248
        0.2270036290325137,       0.0054917763660749,       0.0254624411067292,       0.0054917763660749,      -0.3414675193917034,    -371.4586208984795803,       0.0254624411067292,    -371.4586208984795803,       1.1056525785998226
        0.2807258756615395,       0.0093995857866673,       0.0203972479381215,       0.0093995857866673,      -0.2196437858084417,    -371.4393752655273602,       0.0203972479381215,    -371.4393752655273602,       1.1684951459964905
        0.1169831617449795,      -0.0295802190578186,       0.0063653966568137,      -0.0295802190578186,      -0.5868084367037313,    -371.4677585205627111,       0.0063653966568137,    -371.4677585205627111,       1.0163560525167872
       -0.0711045561847009,       0.0000000000000034,      -0.0000000000000277,       0.0000000000000034,      -1.0454220451313598,    -371.5085701486610219,      -0.0000000000000277,    -371.5085701486610219,       0.8003290113199147
        0.1169831617450483,       0.0295802190579536,      -0.0063653966568628,       0.0295802190579536,      -0.5868084367038230,    -371.4677585205627679,      -0.0063653966568628,    -371.4677585205627679,       1.0163560525167801
        0.2807258756614717,      -0.0093995857866233,      -0.0203972479380720,      -0.0093995857866233,      -0.2196437858086919,    -371.4393752655273033,      -0.0203972479380720,    -371.4393752655273033,       1.1684951459960906
        0.2270036290323972,      -0.0054917763662750,      -0.0254624411065594,      -0.0054917763662750,      -0.3414675193915726,    -371.4586208984795235,      -0.0254624411065594,    -371.4586208984795235,       1.1056525785997382
        0.2401746002777821,      -0.0020052579868005,      -0.0285927632131054,      -0.0020052579868005,      -0.3168281258448660,    -371.4661496935869422,      -0.0285927632131054,    -371.4661496935869422,       1.1248954904059447
        0.2444739806225910,      -0.0068889824443941,      -0.0292122026862875,      -0.0068889824443941,      -0.3105171897189458,    -371.4755893455920841,      -0.0292122026862875,    -371.4755893455920841,       1.1184746488143738
        0.2379827109952255,      -0.0026379944251747,      -0.0262620655276614,      -0.0026379944251747,      -0.3256485885618354,    -371.4865834628138259,      -0.0262620655276614,    -371.4865834628138259,       1.1148749451029683
        0.2454435578515545,      -0.0042125865708696,      -0.0222260191249712,      -0.0042125865708696,      -0.3128953103083663,    -371.4937541320904302,      -0.0222260191249712,    -371.4937541320904302,       1.1174765844744876
        0.2402383997248264,      -0.0020818908585673,      -0.0162553370262241,      -0.0020818908585673,      -0.3228553948749062,    -371.5010459775529625,      -0.0162553370262241,    -371.5010459775529625,       1.1128834791913249
        0.2438405459180543,      -0.0015931584477521,      -0.0101534551394232,      -0.0015931584477521,      -0.3170640116904818,    -371.5050043025325976,      -0.0101534551394232,    -371.5050043025325976,       1.1151184547823947
        0.2421125363510794,      -0.0005116932176047,      -0.0032686712373332,      -0.0005116932176047,      -0.3199716209705425,    -371.5074379174747037,      -0.0032686712373332,    -371.5074379174747037,       1.1134414159365058
        0.2435870928503512,       0.0011036625871352,       0.0042443282918081,       0.0011036625871352,      -0.3187646330696283,    -371.5143005556136586,       0.0042443282918081,    -371.5143005556136586,       1.1139497239084071
        0.2416965973867747,       0.0004954844786237,       0.0116953558910975,       0.0004954844786237,      -0.3218767111530105,    -371.5126513625290841,       0.0116953558910975,    -371.5126513625290841,       1.1138319194624857
        0.2454894225607090,       0.0033473678978708,       0.0198079955211037,       0.0033473678978708,      -0.3151317298165394,    -371.5083041602306366,       0.0198079955211037,    -371.5083041602306366,       1.1151051018263827
        0.2398441198518579,       0.0014401416142567,       0.0262335775996061,       0.0014401416142567,      -0.3253853100277015,    -371.5035125212613139,       0.0262335775996061,    -371.5035125212613139,       1.1161755869362970
        0.2458186518324295,       0.0060203310018819,       0.0321663110019708,       0.0060203310018819,      -0.3111552016403351,    -371.4949718654939943,       0.0321663110019708,    -371.4949718654939943,       1.1164471031942560
        0.2395313262715549,       0.0016099464285904,       0.0350482693687974,       0.0016099464285904,      -0.3250234189269916,    -371.4875428044141472,       0.0350482693687974,    -371.4875428044141472,       1.1234402039644413
        0.2378156269041775,       0.0069118107995729,       0.0350829950005324,       0.0069118107995729,      -0.3202032568086853,    -371.4780252940291234,       0.0350829950005324,    -371.4780252940291234,       1.1154455730425739
        0.2542509998635786,       0.0040154989003878,       0.0319047059063282,       0.0040154989003878,      -0.2854731431953617,    -371.4657424991667085,       0.0319047059063282,    -371.4657424991667085,       1.1399227617215575
        0.1918730215423654,      -0.0054990861290144,       0.0224348529151531,      -0.0054990861290144,      -0.4277349678470019,    -371.4714210918053823,       0.0224348529151531,    -371.4714210918053823,       1.0997134118056215
        0.3512457988427563,       0.0349849235757989,       0.0146998352389733,       0.0349849235757989,      -0.0133284265975407,    -371.4305749014964704,       0.0146998352389733,    -371.4305749014964704,       1.1908843416528685
        0.5429701314319797,       0.0000000000000230,       0.0000000000000871,       0.0000000000000230,       0.5155718248299270,    -371.3812861231652960,       0.0000000000000871,    -371.3812861231652960,       1.3403351452791001
        0.3512457988428200,      -0.0349849235757502,      -0.0146998352390239,      -0.0349849235757502,      -0.0133284265976821,    -371.4305749014968683,      -0.0146998352390239,    -371.4305749014968683,       1.1908843416526000
        0.1918730215425163,       0.0054990861292125,      -0.0224348529151000,       0.0054990861292125,      -0.4277349678467475,    -371.4714210918049844,      -0.0224348529151000,    -371.4714210918049844,       1.0997134118059049
        0.2542509998636760,      -0.0040154989006278,      -0.0319047059062008,      -0.0040154989006278,      -0.2854731431950178,    -371.4657424991665380,      -0.0319047059062008,    -371.4657424991665380,       1.1399227617218146
        0.2378156269043384,      -0.0069118107995769,      -0.0350829950004188,      -0.0069118107995769,      -0.3202032568085249,    -371.4780252940288392,      -0.0350829950004188,    -371.4780252940288392,       1.1154455730428274
        0.2395313262717723,      -0.0016099464284951,      -0.0350482693686286,      -0.0016099464284951,      -0.3250234189265001,    -371.4875428044143746,      -0.0350482693686286,    -371.4875428044143746,       1.1234402039646467
        0.2458186518324692,      -0.0060203310020319,      -0.0321663110019591,      -0.0060203310020319,      -0.3111552016399768,    -371.4949718654941080,      -0.0321663110019591,    -371.4949718654941080,       1.1164471031946341
        0.2398441198518579,      -0.0014401416141354,      -0.0262335775995930,      -0.0014401416141354,      -0.3253853100276763,    -371.5035125212612570,      -0.0262335775995930,    -371.5035125212612570,       1.1161755869363539
        0.2454894225609369,      -0.0033473678980524,      -0.0198079955210069,      -0.0033473678980524,      -0.3151317298162746,    -371.5083041602304661,      -0.0198079955210069,    -371.5083041602304661,       1.1151051018261167
        0.2416965973868502,      -0.0004954844786283,      -0.0116953558910208,      -0.0004954844786283,      -0.3218767111526999,    -371.5126513625287998,      -0.0116953558910208,    -371.5126513625287998,       1.1138319194627604
        0.2435870928503038,      -0.0011036625870526,      -0.0042443282917167,      -0.0011036625870526,      -0.3187646330693888,    -371.5143005556138860,      -0.0042443282917167,    -371.5143005556138860,       1.1139497239087830
        0.2428435342639288,      -0.0020052500037217,       0.0039188458881706,      -0.0020052500037217,      -0.3205551339201455,    -371.5224785749833813,       0.0039188458881706,    -371.5224785749833813,       1.1141541588967896
        0.2449447712756169,       0.0035333791962101,       0.0133241953923182,       0.0035333791962101,      -0.3171811257514758,    -371.5208097445929525,       0.0133241953923182,    -371.5208097445929525,       1.1132938750682890
        0.2411316770363786,      -0.0009916036759469,       0.0209153054801211,      -0.0009916036759469,      -0.3241254813631012,    -371.5184824434152233,       0.0209153054801211,    -371.5184824434152233,       1.1169718148602774
        0.2461668254150952,       0.0055106181217548,       0.0292204104482254,       0.0055106181217548,      -0.3135629158333034,    -371.5134189018271513,       0.0292204104482254,    -371.5134189018271513,       1.1133282790098051
        0.2405665677296835,      -0.0000497072012962,       0.0350239525642709,      -0.0000497072012962,      -0.3266708197166490,    -371.5086134175928692,       0.0350239525642709,    -371.5086134175928692,       1.1236002834224541
        0.2421481412647109,       0.0063975876234413,       0.0387614865235834,       0.0063975876234413,      -0.3148154292306469,    -371.5012736135256546,       0.0387614865235834,    -371.5012736135256546,       1.1147150614904855
        0.2466152393150040,       0.0023869269725478,       0.0397107685840285,       0.0023869269725478,      -0.3127799765180213,    -371.4930330543382411,       0.0397107685840285,    -371.4930330543382411,       1.1335347833230633
        0.2197950571141522,       0.0010238776185479,       0.0340699405939170,       0.0010238776185479,      -0.3588644110159591,    -371.4905948973424756,       0.0340699405939170,    -371.4905948973424756,       1.1195453301003229
        0.2845949536545263,       0.0130046584005672,       0.0273319103217890,       0.0130046584005672,      -0.1950839205605189,    -371.4708181104729761,       0.0273319103217890,    -371.4708181104729761,       1.1414213984169255
        0.1325413171173957,      -0.0266200107724798,       0.0155778368958270,      -0.0266200107724798,      -0.6389265332367450,    -371.4988187803341475,       0.0155778368958270,    -371.4988187803341475,       1.1193513300946707
       -0.0638885250812891,       0.0000000000000580,      -0.0000000000000484,       0.0000000000000580,      -1.2269017197267207,    -371.5433425346923286,      -0.0000000000000484,    -371.5433425346923286,       1.0482263814144450
        0.1325413171175304,       0.0266200107724930,      -0.0155778368958357,       0.0266200107724930,      -0.6389265332365813,    -371.4988187803343749,      -0.0155778368958357,    -371.4988187803343749,       1.1193513300947164
        0.2845949536545039,      -0.0130046584003781,      -0.0273319103220083,      -0.0130046584003781,      -0.1950839205604686,    -371.4708181104728624,      -0.0273319103220083,    -371.4708181104728624,       1.1414213984169632
        0.2197950571141896,      -0.0010238776188729,      -0.0340699405939266,      -0.0010238776188729,      -0.3588644110161097,    -371.4905948973419072,      -0.0340699405939266,    -371.4905948973419072,       1.1195453301003608
        0.2466152393150648,      -0.0023869269724981,      -0.0397107685841376,      -0.0023869269724981,      -0.3127799765178532,    -371.4930330543377863,      -0.0397107685841376,    -371.4930330543377863,       1.1335347833232476
        0.2421481412647674,      -0.0063975876232640,      -0.0387614865237759,      -0.0063975876232640,      -0.3148154292304219,    -371.5012736135259956,      -0.0387614865237759,    -371.5012736135259956,       1.1147150614907984
        0.2405665677298039,       0.0000497072011375,      -0.0350239525639965,       0.0000497072011375,      -0.3266708197163815,    -371.5086134175931534,      -0.0350239525639965,    -371.5086134175931534,       1.1236002834224295
        0.2461668254151986,      -0.0055106181216165,      -0.0292204104484836,      -0.0055106181216165,      -0.3135629158329977,    -371.5134189018273787,      -0.0292204104484836,    -371.5134189018273787,       1.1133282790099694
        0.2411316770364012,       0.0009916036757588,      -0.0209153054802545,       0.0009916036757588,      -0.3241254813630726,    -371.5184824434156212,      -0.0209153054802545,    -371.5184824434156212,       1.1169718148604639
        0.2449447712756365,      -0.0035333791962294,      -0.0133241953922911,      -0.0035333791962294,      -0.3171811257513111,    -371.5208097445928388,      -0.0133241953922911,    -371.5208097445928388,       1.1132938750683601
        0.2428435342639644,       0.0020052500037840,      -0.0039188458882924,       0.0020052500037840,      -0.3205551339200832,    -371.5224785749830971,      -0.0039188458882924,    -371.5224785749830971,       1.1141541588967092
        0.2437051206506532,       0.0057153116886271,       0.0047781433372916,       0.0057153116886271,      -0.3190155458545648,    -371.5308515041562032,       0.0047781433372916,    -371.5308515041562032,       1.1130652626522162
        0.2419767268327345,      -0.0048425932071096,       0.0122559236517490,      -0.0048425932071096,      -0.3221956603025129,    -371.5302312768221213,       0.0122559236517490,    -371.5302312768221213,       1.1169105943249198
        0.2453510307585464,       0.0065715085369663,       0.0214552803222497,       0.0065715085369663,      -0.3161696830941957,    -371.5283904283016341,       0.0214552803222497,    -371.5283904283016341,       1.1107864473892362
        0.2415272593174622,      -0.0034393768847047,       0.0285535481883627,      -0.0034393768847047,      -0.3250146035442694,    -371.5261638246164466,       0.0285535481883627,    -371.5261638246164466,       1.1231944368897631
        0.2436074474692614,       0.0061915053466740,       0.0350573080798622,       0.0061915053466740,      -0.3157954459928900,    -371.5228932961135797,       0.0350573080798622,    -371.5228932961135797,       1.1112683997258206
        0.2449633624882905,       0.0003118082250949,       0.0397031977438423,       0.0003118082250949,      -0.3209500617866726,    -371.5179657027217672,       0.0397031977438423,    -371.5179657027217672,       1.1309276612141324
        0.2310702212586928,       0.0013685779442307,       0.0384792608637320,       0.0013685779442307,      -0.3336408684507024,    -371.5159775086071363,       0.0384792608637320,    -371.5159775086071363,       1.1199663347204676
        0.2615787258268725,       0.0079924491651586,       0.0366299706896109,       0.0079924491651586,      -0.2734120238237480,    -371.5057478224606484,       0.0366299706896109,    -371.5057478224606484,       1.1312654420974018
        0.1932324699227624,      -0.0080754299355129,       0.0276118662705692,      -0.0080754299355129,      -0.4495538423645298,    -371.5133194152314218,       0.0276118662705692,    -371.5133194152314218,       1.1436350367047960
        0.3204964940956561,       0.0145432661377116,       0.0092680441606737,       0.0145432661377116,      -0.0102799791127829,    -371.4886918265310101,       0.0092680441606737,    -371.4886918265310101,       1.1174590849900110
        0.5202759467496918,       0.0000000000000273,       0.0000000000001155,       0.0000000000000273,       0.6051314175844276,    -371.4517640286387632,       0.0000000000001155,    -371.4517640286387632,       1.1142792443909868
        0.3204964940955484,      -0.0145432661376879,      -0.0092680441604534,      -0.0145432661376879,      -0.0102799791128019,    -371.4886918265312374,      -0.0092680441604534,    -371.4886918265312374,       1.1174590849901236
        0.1932324699227506,       0.0080754299356436,      -0.0276118662700729,       0.0080754299356436,      -0.4495538423647591,    -371.5133194152314218,      -0.0276118662700729,    -371.5133194152314218,       1.1436350367047208
        0.2615787258268004,      -0.0079924491654177,      -0.0366299706895325,      -0.0079924491654177,      -0.2734120238238993,    -371.5057478224607621,      -0.0366299706895325,    -371.5057478224607621,       1.1312654420972730
        0.2310702212586281,      -0.0013685779441133,      -0.0384792608635609,      -0.0013685779441133,      -0.3336408684506904,    -371.5159775086068521,      -0.0384792608635609,    -371.5159775086068521,       1.1199663347203694
        0.2449633624882428,      -0.0003118082249401,      -0.0397031977435596,      -0.0003118082249401,      -0.3209500617865931,    -371.5179657027210851,      -0.0397031977435596,    -371.5179657027210851,       1.1309276612139294
        0.2436074474692274,      -0.0061915053468044,      -0.0350573080796355,      -0.0061915053468044,      -0.3157954459928557,    -371.5228932961133523,      -0.0350573080796355,    -371.5228932961133523,       1.1112683997257577
        0.2415272593175022,       0.0034393768846207,      -0.0285535481879458,       0.0034393768846207,      -0.3250146035441850,    -371.5261638246162192,      -0.0285535481879458,    -371.5261638246162192,       1.1231944368899209
        0.2453510307587115,      -0.0065715085370555,      -0.0214552803223193,      -0.0065715085370555,      -0.3161696830937523,    -371.5283904283022594,      -0.0214552803223193,    -371.5283904283022594,       1.1107864473896840
        0.2419767268327984,       0.0048425932071526,      -0.0122559236515581,       0.0048425932071526,      -0.3221956603024327,    -371.5302312768224624,      -0.0122559236515581,    -371.5302312768224624,       1.1169105943250306
        0.2437051206505773,      -0.0057153116886004,      -0.0047781433369895,      -0.0057153116886004,      -0.3190155458547408,    -371.5308515041564306,      -0.0047781433369895,    -371.5308515041564306,       1.1130652626521598
        0.2424866563976374,      -0.0085094112342998,       0.0034794409701903,      -0.0085094112342998,      -0.3201233499079041,    -371.5388939587097070,       0.0034794409701903,    -371.5388939587097070,       1.1151771806096920
        0.2431628322122310,       0.0084516101376827,       0.0114282431767113,       0.0084516101376827,      -0.3185625094723380,    -371.5390170279689528,       0.0114282431767113,    -371.5390170279689528,       1.1106426022412585
        0.2426577372957884,      -0.0068666241522327,       0.0185310520051792,      -0.0068666241522327,      -0.3216653856224290,    -371.5383580657089624,       0.0185310520051792,    -371.5383580657089624,       1.1210357622460358
        0.2422419719231136,       0.0062109579894450,       0.0253314329609564,       0.0062109579894450,      -0.3188926185889081,    -371.5389720328074077,       0.0253314329609564,    -371.5389720328074077,       1.1094349407753978
        0.2454460480724584,      -0.0018486239019504,       0.0319479847977371,      -0.0018486239019504,      -0.3199716710202285,    -371.5366383828882704,       0.0319479847977371,    -371.5366383828882704,       1.1264541376068862
        0.2351103740263101,      -0.0003991843551121,       0.0339970478792404,      -0.0003991843551121,      -0.3274515538687826,    -371.5385193763431744,       0.0339970478792404,    -371.5385193763431744,       1.1172613676362388
        0.2535455112607466,       0.0072491978954093,       0.0366487067982336,       0.0072491978954093,      -0.3014611474952756,    -371.5335665209053104,       0.0366487067982336,    -371.5335665209053104,       1.1254821839521649
        0.2180583261585619,      -0.0080595845827587,       0.0321469627023588,      -0.0080595845827587,      -0.3724988707277074,    -371.5370588417840736,       0.0321469627023588,    -371.5370588417840736,       1.1404674611331582
        0.2700906802227227,       0.0063322694577194,       0.0211165236012309,       0.0063322694577194,      -0.2045025432883488,    -371.5307465845488082,       0.0211165236012309,    -371.5307465845488082,       1.1118015133456347
        0.1849764892678092,       0.0105750598792223,       0.0226003824777943,       0.0105750598792223,      -0.5878138296682796,    -371.5369281237676091,       0.0226003824777943,    -371.5369281237676091,       1.1711378003128030
       -0.0238054428273966,      -0.0000000000000074,       0.0000000000000508,      -0.0000000000000074,      -1.1781024905184529,    -371.5542619456410876,       0.0000000000000508,    -371.5542619456410876,       1.2386928190985587
        0.1849764892676509,      -0.0105750598791267,      -0.0226003824777956,      -0.0105750598791267,      -0.5878138296684249,    -371.5369281237674386,      -0.0226003824777956,    -371.5369281237674386,       1.1711378003127189
        0.2700906802226888,      -0.0063322694577234,      -0.0211165236011441,      -0.0063322694577234,      -0.2045025432885510,    -371.5307465845494335,      -0.0211165236011441,    -371.5307465845494335,       1.1118015133455303
        0.2180583261585468,       0.0080595845827330,      -0.0321469627023285,       0.0080595845827330,      -0.3724988707277405,    -371.5370588417845283,      -0.0321469627023285,    -371.5370588417845283,       1.1404674611330758
        0.2535455112607358,      -0.0072491978953533,      -0.0366487067980518,      -0.0072491978953533,      -0.3014611474950011,    -371.5335665209047988,      -0.0366487067980518,    -371.5335665209047988,       1.1254821839522573
        0.2351103740263795,       0.0003991843550996,      -0.0339970478793022,       0.0003991843550996,      -0.3274515538688751,    -371.5385193763430038,      -0.0339970478793022,    -371.5385193763430038,       1.1172613676363932
        0.2454460480723465,       0.0018486239017509,      -0.0319479847978797,       0.0018486239017509,      -0.3199716710206421,    -371.5366383828886683,      -0.0319479847978797,    -371.5366383828886683,       1.1264541376073045
        0.2422419719229948,      -0.0062109579893596,      -0.0253314329609254,      -0.0062109579893596,      -0.3188926185893647,    -371.5389720328078056,      -0.0253314329609254,    -371.5389720328078056,       1.1094349407753787
        0.2426577372956081,       0.0068666241521775,      -0.0185310520051456,       0.0068666241521775,      -0.3216653856230055,    -371.5383580657096445,      -0.0185310520051456,    -371.5383580657096445,       1.1210357622455045
        0.2431628322120699,      -0.0084516101376488,      -0.0114282431769441,      -0.0084516101376488,      -0.3185625094723801,    -371.5390170279697486,      -0.0114282431769441,    -371.5390170279697486,       1.1106426022412423
        0.2424866563976575,       0.0085094112343331,      -0.0034794409700640,       0.0085094112343331,      -0.3201233499075834,    -371.5388939587101618,      -0.0034794409700640,    -371.5388939587101618,       1.1151771806099013
        0.2406501992232608,      -0.0018898436568542,       0.0015097846074167,      -0.0018898436568542,      -0.3198147910892696,    -371.5458021831278757,       0.0015097846074167,    -371.5458021831278757,       1.1134360840232205
        0.2448918613411933,       0.0027716488776710,       0.0097162193434242,       0.0027716488776710,      -0.3180702224137461,    -371.5455650580518636,       0.0097162193434242,    -371.5455650580518636,       1.1153953778361818
