       -0.1357620101377353,       0.0002968182065590,       0.0002976747082094,       0.0002968182065590,       1.0232886565102395,     168.2738400005668780,       0.0002976747082094,     168.2738400005668780,       0.5050501691027564
       -0.1357252617518497,       0.0009261625288280,       0.0009288459087826,       0.0009261625288280,       1.0232905681187776,     168.2750919243741805,       0.0009288459087826,     168.2750919243742089,       0.5050535648219133
       -0.1356442736878153,       0.0014376279891406,       0.0014416176950145,       0.0014376279891406,       1.0236269854098898,     168.2774791995476846,       0.0014416176950145,     168.2774791995476846,       0.5053926613867213
       -0.1361743003268160,       0.0019093371063901,       0.0019147689514942,       0.0019093371063901,       1.0227934085169501,     168.2808169806168337,       0.0019147689514942,     168.2808169806168337,       0.5045628453542770
       -0.1346486513350530,       0.0022000863618820,       0.0022059239603782,       0.0022000863618820,       1.0252773675630185,     168.2848305226505659,       0.0022059239603782,     168.2848305226505659,       0.5070510148569054
       -0.1380956583113099,       0.0022384765919244,       0.0022444802639318,       0.0022384765919244,       1.0207174533726349,     168.2890510901227969,       0.0022444802639318,     168.2890510901227685,       0.5024953234552668
       -0.1324455504635678,       0.0023942137640712,       0.0024007866669583,       0.0023942137640712,       1.0282083206125343,     168.2934467854622085,       0.0024007866669583,     168.2934467854622369,       0.5099907373273368
       -0.1381585216110736,       0.0015538778265567,       0.0015569338492750,       0.0015538778265567,       1.0222629790446136,     168.2969490867779996,       0.0015569338492750,     168.2969490867779712,       0.5040478873885540
       -0.1470945866059939,       0.0015829857506421,       0.0015881176905290,       0.0015829857506421,       1.0072671514370586,     168.2997430757278892,       0.0015881176905290,     168.2997430757278892,       0.4890550723775226
       -0.0673133818937157,       0.0027186381532834,       0.0027294391152648,       0.0027186381532834,       1.1172064235688357,     168.3047525142303300,       0.0027294391152648,     168.3047525142303300,       0.5990046373350517
        0.0073530953878712,       0.0000000000043009,      -0.0000000000217230,       0.0000000000043009,       1.2232014708906991,     168.3081838240306638,      -0.0000000000217230,     168.3081838240306638,       0.7050070883036341
       -0.0673133821586980,      -0.0027186381530447,      -0.0027294391172236,      -0.0027186381530447,       1.1172064233657124,     168.3047525142320637,      -0.0027294391172236,     168.3047525142320353,       0.5990046371164630
       -0.1470945864466179,      -0.0015829857656775,      -0.0015881176684251,      -0.0015829857656775,       1.0072671515963669,     168.2997430757235406,      -0.0015881176684251,     168.2997430757235406,       0.4890550725419888
       -0.1381585213531743,      -0.0015538778290018,      -0.0015569338629432,      -0.0015538778290018,       1.0222629793385587,     168.2969490867771469,      -0.0015569338629432,     168.2969490867771754,       0.5040478875742926
       -0.1324455504600262,      -0.0023942137610647,      -0.0024007866699062,      -0.0023942137610647,       1.0282083206058512,     168.2934467854661591,      -0.0024007866699062,     168.2934467854661591,       0.5099907373051403
       -0.1380956585685656,      -0.0022384765969064,      -0.0022444802647588,      -0.0022384765969064,       1.0207174530430070,     168.2890510900994059,      -0.0022444802647588,     168.2890510900994059,       0.5024953231513959
       -0.1346486513009241,      -0.0022000863521434,      -0.0022059239602962,      -0.0022000863521434,       1.0252773675557849,     168.2848305226406751,      -0.0022059239602962,     168.2848305226406751,       0.5070510148806463
       -0.1361743001365309,      -0.0019093370788199,      -0.0019147689308214,      -0.0019093370788199,       1.0227934086455723,     168.2808169806286287,      -0.0019147689308214,     168.2808169806286287,       0.5045628455189078
       -0.1356442735419620,      -0.0014376280001277,      -0.0014416177221638,      -0.0014376280001277,       1.0236269855095059,     168.2774791995528005,      -0.0014416177221638,     168.2774791995528005,       0.5053926615737576
       -0.1357252616884207,      -0.0009261625491716,      -0.0009288458891783,      -0.0009261625491716,       1.0232905682698525,     168.2750919243869703,      -0.0009288458891783,     168.2750919243869987,       0.5050535650400845
       -0.1357620104059376,      -0.0002968181977261,      -0.0002976747024579,      -0.0002968181977261,       1.0232886562729717,     168.2738400005757171,      -0.0002976747024579,     168.2738400005757455,       0.5050501688708349
       -0.1351644361579917,       0.0003505971119631,       0.0009287415283420,       0.0003505971119631,       1.0232086436892500,     168.2727282741973625,       0.0009287415283420,     168.2727282741973909,       0.5049729505351165
       -0.1351431188011966,       0.0008567203899307,       0.0026692705532278,       0.0008567203899307,       1.0233486232195814,     168.2739532914588665,       0.0026692705532278,     168.2739532914588949,       0.5051728768840767
       -0.1352935428159848,       0.0015018064130819,       0.0043077144139975,       0.0015018064130819,       1.0231555810295994,     168.2763358947858876,       0.0043077144139975,     168.2763358947859160,       0.5049179393489759
       -0.1346682860887380,       0.0018686222617048,       0.0055870103806848,       0.0018686222617048,       1.0244195744128868,     168.2796554650624046,       0.0055870103806848,     168.2796554650624046,       0.5062849128021707
       -0.1364310433023459,       0.0021897213451460,       0.0064706137232207,       0.0021897213451460,       1.0221567173349291,     168.2835812029443048,       0.0064706137232207,     168.2835812029443616,       0.5041238957925297
       -0.1330632630942762,       0.0025548714266405,       0.0068901535546683,       0.0025548714266405,       1.0274156479787804,     168.2880820493521981,       0.0068901535546683,     168.2880820493522265,       0.5090504027731863
       -0.1389044041770855,       0.0017053546732742,       0.0063383917850081,       0.0017053546732742,       1.0200939920248429,     168.2918891090696718,       0.0063383917850081,     168.2918891090696718,       0.5027739151140739
       -0.1338894154604753,       0.0029214119408737,       0.0059336854173170,       0.0029214119408737,       1.0265652708183248,     168.2962372986388289,       0.0059336854173170,     168.2962372986388289,       0.5078887070071773
       -0.1244137562345242,       0.0009481967783246,       0.0039612880059511,       0.0009481967783246,       1.0431163780892561,     168.2997056373845908,       0.0039612880059511,     168.2997056373845908,       0.5239615995870452
       -0.2042801510857412,      -0.0049988505417057,       0.0001920013824237,      -0.0049988505417057,       0.9265025416458796,     168.2941984878026460,       0.0001920013824237,     168.2941984878026176,       0.4218744720999545
       -0.2796457201590862,      -0.0000000000167191,      -0.0000000000133545,      -0.0000000000167191,       0.8134816012442168,     168.2881367169111400,      -0.0000000000133545,     168.2881367169111400,       0.3213117194434665
       -0.2042801513368794,       0.0049988505263480,      -0.0001920013801893,       0.0049988505263480,       0.9265025413740586,     168.2941984878112294,      -0.0001920013801893,     168.2941984878112578,       0.4218744719109500
       -0.1244137558304500,      -0.0009481967563444,      -0.0039612880094917,      -0.0009481967563444,       1.0431163784004907,     168.2997056373908435,      -0.0039612880094917,     168.2997056373907867,       0.5239615999655708
       -0.1338894154843012,      -0.0029214119281446,      -0.0059336854279123,      -0.0029214119281446,       1.0265652707429522,     168.2962372986368962,      -0.0059336854279123,     168.2962372986368962,       0.5078887070554570
       -0.1389044042682037,      -0.0017053546911473,      -0.0063383917860069,      -0.0017053546911473,       1.0200939918718228,     168.2918891090576778,      -0.0063383917860069,     168.2918891090576494,       0.5027739149764163
       -0.1330632628569829,      -0.0025548714238549,      -0.0068901535615947,      -0.0025548714238549,       1.0274156482056942,     168.2880820493451779,      -0.0068901535615947,     168.2880820493451779,       0.5090504030464076
       -0.1364310432585576,      -0.0021897213281054,      -0.0064706137107784,      -0.0021897213281054,       1.0221567174301951,     168.2835812029408942,      -0.0064706137107784,     168.2835812029408942,       0.5041238958568656
       -0.1346682860005178,      -0.0018686222608861,      -0.0055870103684064,      -0.0018686222608861,       1.0244195745217199,     168.2796554650593919,      -0.0055870103684064,     168.2796554650593635,       0.5062849128593907
       -0.1352935429386558,      -0.0015018064258732,      -0.0043077144017652,      -0.0015018064258732,       1.0231555809895028,     168.2763358948011501,      -0.0043077144017652,     168.2763358948011216,       0.5049179392831887
       -0.1351431188253442,      -0.0008567203900968,      -0.0026692705471321,      -0.0008567203900968,       1.0233486232470497,     168.2739532914728500,      -0.0026692705471321,     168.2739532914728784,       0.5051728769065175
       -0.1351644361174232,      -0.0003505971044788,      -0.0009287415380686,      -0.0003505971044788,       1.0232086437246315,     168.2727282741939234,      -0.0009287415380686,     168.2727282741939234,       0.5049729506116886
       -0.1346534594231839,       0.0002092450849188,       0.0014446788797900,       0.0002092450849188,       1.0231198235203756,     168.2705389848587458,       0.0014446788797900,     168.2705389848587458,       0.5049906580230549
       -0.1347181496328068,       0.0009635672644726,       0.0043234279537510,       0.0009635672644726,       1.0230727447063899,     168.2717372733321497,       0.0043234279537510,     168.2717372733321497,       0.5048490929790732
       -0.1343614223544381,       0.0013289098429769,       0.0068715004545267,       0.0013289098429769,       1.0237343027999259,     168.2740147663957941,       0.0068715004545267,     168.2740147663957941,       0.5058126765271346
       -0.1352621578805525,       0.0019253156377326,       0.0090165679390109,       0.0019253156377326,       1.0227137679730629,     168.2772214113223583,       0.0090165679390109,     168.2772214113223868,       0.5047792676127036
       -0.1334071851480308,       0.0022827247403678,       0.0104695668509600,       0.0022827247403678,       1.0259120003491546,     168.2812256656822001,       0.0104695668509600,     168.2812256656821717,       0.5079114147225533
       -0.1372774736841368,       0.0019939280132400,       0.0109270737971686,       0.0019939280132400,       1.0208952156879754,     168.2851354711017109,       0.0109270737971686,     168.2851354711017109,       0.5043641729999578
       -0.1321264311626988,       0.0031810646407471,       0.0107364663925378,       0.0031810646407471,       1.0293631802467373,     168.2899652112424747,       0.0107364663925378,     168.2899652112424747,       0.5102174796038659
       -0.1367781799308897,       0.0005359622087600,       0.0087825825561761,       0.0005359622087600,       1.0235576858657416,     168.2929200504004541,       0.0087825825561761,     168.2929200504004825,       0.5086012852324239
       -0.1484033718187246,       0.0018967685184144,       0.0066212856607148,       0.0018967685184144,       1.0049622018830964,     168.2948631975109492,       0.0066212856607148,     168.2948631975109492,       0.4925211329345960
       -0.0695512085666033,       0.0096128367486605,       0.0052803609364680,       0.0096128367486605,       1.1337956518557815,     168.3077113925860431,       0.0052803609364680,     168.3077113925860147,       0.5802608327050566
        0.0065226802156081,      -0.0000000000183626,      -0.0000000000054772,      -0.0000000000183626,       1.2596749466295809,     168.3185694317007801,      -0.0000000000054772,     168.3185694317007801,       0.6701719419057348
       -0.0695512085530805,      -0.0096128367437994,      -0.0052803609328738,      -0.0096128367437994,       1.1337956519105727,     168.3077113925862989,      -0.0052803609328738,     168.3077113925862704,       0.5802608326876194
       -0.1484033716429277,      -0.0018967685151618,      -0.0066212856536446,      -0.0018967685151618,       1.0049622021413698,     168.2948631975154115,      -0.0066212856536446,     168.2948631975154115,       0.4925211331619206
       -0.1367781800226515,      -0.0005359622289576,      -0.0087825825935931,      -0.0005359622289576,       1.0235576857843562,     168.2929200504094354,      -0.0087825825935931,     168.2929200504094069,       0.5086012851768716
       -0.1321264308835499,      -0.0031810646179181,      -0.0107364663937424,      -0.0031810646179181,       1.0293631803815941,     168.2899652112482443,      -0.0107364663937424,     168.2899652112482443,       0.5102174797750032
       -0.1372774737997245,      -0.0019939280108182,      -0.0109270737808863,      -0.0019939280108182,       1.0208952155929663,     168.2851354711098111,      -0.0109270737808863,     168.2851354711098111,       0.5043641729309648
       -0.1334071848692036,      -0.0022827247440009,      -0.0104695668619441,      -0.0022827247440009,       1.0259120005661073,     168.2812256656818306,      -0.0104695668619441,     168.2812256656818306,       0.5079114148880709
       -0.1352621579214429,      -0.0019253156282671,      -0.0090165679191365,      -0.0019253156282671,       1.0227137679473732,     168.2772214113068685,      -0.0090165679191365,     168.2772214113068969,       0.5047792676026097
       -0.1343614223077518,      -0.0013289098475362,      -0.0068715004270753,      -0.0013289098475362,       1.0237343029287911,     168.2740147663836012,      -0.0068715004270753,     168.2740147663836012,       0.5058126766819304
       -0.1347181495452302,      -0.0009635672622965,      -0.0043234279578856,      -0.0009635672622965,       1.0230727448611203,     168.2717372733431489,      -0.0043234279578856,     168.2717372733431773,       0.5048490931439698
       -0.1346534595461767,      -0.0002092450830581,      -0.0014446788946578,      -0.0002092450830581,       1.0231198234697876,     168.2705389848760547,      -0.0014446788946578,     168.2705389848760547,       0.5049906580444264
       -0.1343276316385939,       0.0004098013984003,       0.0019327079122647,       0.0004098013984003,       1.0228945516133268,     168.2674092128158065,       0.0019327079122647,     168.2674092128158350,       0.5047695894762761
       -0.1340533211539791,       0.0006625489895220,       0.0056339981662146,       0.0006625489895220,       1.0232263080604362,     168.2684812686636064,       0.0056339981662146,     168.2684812686636064,       0.5054127330316075
       -0.1345871257682124,       0.0014192828644692,       0.0090652842826873,       0.0014192828644692,       1.0227019283504901,     168.2705819359177042,       0.0090652842826873,     168.2705819359177042,       0.5047779661738910
       -0.1333595924840813,       0.0017181121439564,       0.0118800392791585,       0.0017181121439564,       1.0245724503160316,     168.2735983947542877,       0.0118800392791585,     168.2735983947543161,       0.5070586933547557
       -0.1357939949707148,       0.0019299434031987,       0.0137656869894247,       0.0019299434031987,       1.0215903770471271,     168.2770419164754117,       0.0137656869894247,     168.2770419164754117,       0.5052771506987939
       -0.1323030105446426,       0.0027922292211180,       0.0146488615630031,       0.0027922292211180,       1.0278269072851332,     168.2814344674405334,       0.0146488615630031,     168.2814344674405334,       0.5094032774913464
       -0.1376692773765495,       0.0010656640485139,       0.0138321704418705,       0.0010656640485139,       1.0197786458819955,     168.2845744966715245,       0.0138321704418705,     168.2845744966715245,       0.5074142847175616
       -0.1354897191986909,       0.0034767931411628,       0.0121120036461572,       0.0034767931411628,       1.0256451337102939,     168.2888950980648985,       0.0121120036461572,     168.2888950980648701,       0.5071562466267839
       -0.1222497023206516,       0.0015128133314697,       0.0090290809335297,       0.0015128133314697,       1.0486980339619045,     168.2933973331825257,       0.0090290809335297,     168.2933973331825257,       0.5243711249549191
       -0.1997564941780110,      -0.0098220612181970,       0.0034116902695911,      -0.0098220612181970,       0.9068545302405266,     168.2820978745957916,       0.0034116902695911,     168.2820978745957916,       0.4583260318847446
       -0.2763135937907482,       0.0000000000212810,      -0.0000000000028029,       0.0000000000212810,       0.7655578445195436,     168.2699797896508187,      -0.0000000000028029,     168.2699797896508187,       0.3847809199124004
       -0.1997564941673863,       0.0098220612081804,      -0.0034116902744202,       0.0098220612081804,       0.9068545301737208,     168.2820978745826039,      -0.0034116902744202,     168.2820978745826039,       0.4583260318643140
       -0.1222497022424126,      -0.0015128133444103,      -0.0090290809380948,      -0.0015128133444103,       1.0486980340193970,     168.2933973331631137,      -0.0090290809380948,     168.2933973331630852,       0.5243711249967693
       -0.1354897189919850,      -0.0034767931442980,      -0.0121120036575670,      -0.0034767931442980,       1.0256451339580466,     168.2888950980509151,      -0.0121120036575670,     168.2888950980509151,       0.5071562468332871
       -0.1376692772983106,      -0.0010656640687253,      -0.0138321704392436,      -0.0010656640687253,       1.0197786459706581,     168.2845744966875827,      -0.0138321704392436,     168.2845744966875543,       0.5074142847290882
       -0.1323030104837898,      -0.0027922292045500,      -0.0146488615464957,      -0.0027922292045500,       1.0278269073562152,     168.2814344674364690,      -0.0146488615464957,     168.2814344674365259,       0.5094032775882215
       -0.1357939950038782,      -0.0019299434100615,      -0.0137656870024967,      -0.0019299434100615,       1.0215903769364745,     168.2770419164575912,      -0.0137656870024967,     168.2770419164575912,       0.5052771505624180
       -0.1333595925082290,      -0.0017181121617565,      -0.0118800392675029,      -0.0017181121617565,       1.0245724503381866,     168.2735983947495413,      -0.0118800392675029,     168.2735983947495697,       0.5070586933820643
       -0.1345871256803140,      -0.0014192828396864,      -0.0090652842715883,      -0.0014192828396864,       1.0227019284898486,     168.2705819359115935,      -0.0090652842715883,     168.2705819359116219,       0.5047779662771334
       -0.1340533213542454,      -0.0006625489921394,      -0.0056339981613738,      -0.0006625489921394,       1.0232263079267758,     168.2684812686390501,      -0.0056339981613738,     168.2684812686390217,       0.5054127328053926
       -0.1343276312480424,      -0.0004098013872968,      -0.0019327079223038,      -0.0004098013872968,       1.0228945519726114,     168.2674092127954282,      -0.0019327079223038,     168.2674092127953713,       0.5047695897687751
       -0.1339463551700096,       0.0000367270091524,       0.0022313389933547,       0.0000367270091524,       1.0228589087791362,     168.2635145411423423,       0.0022313389933547,     168.2635145411423707,       0.5049796682992493
       -0.1342912111517128,       0.0008230065836778,       0.0065728184201955,       0.0008230065836778,       1.0225398253201941,     168.2644080198784309,       0.0065728184201955,     168.2644080198784025,       0.5046269621321854
       -0.1332683494618763,       0.0009984039112202,       0.0105874957262184,       0.0009984039112202,       1.0236313593941755,     168.2661790437817331,       0.0105874957262184,     168.2661790437817615,       0.5062507066182854
       -0.1349254799342620,       0.0014442699736622,       0.0138542885787929,       0.0014442699736622,       1.0218232556088602,     168.2685838021424445,       0.0138542885787929,     168.2685838021424161,       0.5053525078162213
       -0.1324436883095132,       0.0020925409798035,       0.0162291341742260,       0.0020925409798035,       1.0257491107041474,     168.2719024039160729,       0.0162291341742260,     168.2719024039161013,       0.5081917951108696
       -0.1364579970934926,       0.0012550873513243,       0.0170244769482750,       0.0012550873513243,       1.0198518195531483,     168.2748004876990251,       0.0170244769482750,     168.2748004876990819,       0.5078240798507706
       -0.1331483449919342,       0.0030745190387117,       0.0164218746527157,       0.0030745190387117,       1.0282091459615939,     168.2789856296424205,       0.0164218746527157,     168.2789856296424205,       0.5088206564497524
       -0.1338431066191698,       0.0006414424900537,       0.0143153083328178,       0.0006414424900537,       1.0246755501297866,     168.2816684058313967,       0.0143153083328178,     168.2816684058313967,       0.5143273619913096
       -0.1510426144848731,       0.0002197702359097,       0.0098898651429990,       0.0002197702359097,       0.9972402901476031,     168.2818102393661377,       0.0098898651429990,     168.2818102393661661,       0.5006478575544361
       -0.0781749319992126,       0.0109367545651188,       0.0057220178857521,       0.0109367545651188,       1.1495266300389568,     168.2965267813039532,       0.0057220178857521,     168.2965267813039247,       0.5432098419335345
       -0.0031423939899601,      -0.0000000000025259,      -0.0000000000073226,      -0.0000000000025259,       1.3051411737556688,     168.3106903642818111,      -0.0000000000073226,     168.3106903642818395,       0.5967957414916297
       -0.0781749319988908,      -0.0109367545518235,      -0.0057220178992666,      -0.0109367545518235,       1.1495266300186384,     168.2965267812938635,      -0.0057220178992666,     168.2965267812938350,       0.5432098418769936
       -0.1510426144542858,      -0.0002197702504358,      -0.0098898651484966,      -0.0002197702504358,       0.9972402901679088,     168.2818102393675304,      -0.0098898651484966,     168.2818102393675304,       0.5006478575798790
       -0.1338431066088668,      -0.0006414424773897,      -0.0143153083204058,      -0.0006414424773897,       1.0246755500835381,     168.2816684058428223,      -0.0143153083204058,     168.2816684058428223,       0.5143273620275270
       -0.1331483449574835,      -0.0030745190362223,      -0.0164218746536813,      -0.0030745190362223,       1.0282091459446085,     168.2789856296390667,      -0.0164218746536813,     168.2789856296390951,       0.5088206564067805
       -0.1364579972428874,      -0.0012550873689645,      -0.0170244769463159,      -0.0012550873689645,       1.0198518194347388,     168.2748004877001335,      -0.0170244769463159,     168.2748004877001335,       0.5078240797116480
       -0.1324436880512921,      -0.0020925409823430,      -0.0162291341741000,      -0.0020925409823430,       1.0257491109313355,     168.2719024039100759,      -0.0162291341741000,     168.2719024039101043,       0.5081917952866202
       -0.1349254798296210,      -0.0014442699849103,      -0.0138542885563835,      -0.0014442699849103,       1.0218232557909308,     168.2685838021545806,      -0.0138542885563835,     168.2685838021545521,       0.5053525079621776
       -0.1332683497101162,      -0.0009984039087733,      -0.0105874957290260,      -0.0009984039087733,       1.0236313592491377,     168.2661790437982177,      -0.0105874957290260,     168.2661790437982461,       0.5062507064269550
       -0.1342912111423752,      -0.0008230065671386,      -0.0065728184274634,      -0.0008230065671386,       1.0225398254685858,     168.2644080198810741,      -0.0065728184274634,     168.2644080198811025,       0.5046269622034197
       -0.1339463547662570,      -0.0000367270079602,      -0.0022313389934516,      -0.0000367270079602,       1.0228589091520386,     168.2635145411494761,      -0.0022313389934516,     168.2635145411495046,       0.5049796686927500
       -0.1341549764674127,       0.0002481590927523,       0.0022999670642275,       0.0002481590927523,       1.0225095522613128,     168.2591587165039186,       0.0022999670642275,     168.2591587165038902,       0.5046765787786652
       -0.1334034321929244,       0.0004191807062718,       0.0070314611440195,       0.0004191807062718,       1.0230609082492292,     168.2598071814464333,       0.0070314611440195,     168.2598071814464333,       0.5053762732784475
       -0.1346548450945500,       0.0006897662285441,       0.0111339492619145,       0.0006897662285441,       1.0218993367766691,     168.2609644541091143,       0.0111339492619145,     168.2609644541091427,       0.5051928823730186
       -0.1325373215163068,       0.0013437258095929,       0.0148351052935245,       0.0013437258095929,       1.0242185645250517,     168.2629017872513089,       0.0148351052935245,     168.2629017872513089,       0.5067336173515374
       -0.1354713507724645,       0.0007700062422232,       0.0171383679457813,       0.0007700062422232,       1.0205131962840519,     168.2648730333723677,       0.0171383679457813,     168.2648730333723108,       0.5077400955934795
       -0.1328668402356662,       0.0022304537957811,       0.0181636920069694,       0.0022304537957811,       1.0263028979398703,     168.2678484521040332,       0.0181636920069694,     168.2678484521039763,       0.5077136941215491
       -0.1351906611141847,       0.0007923345577843,       0.0177825101303757,       0.0007923345577843,       1.0198750502755904,     168.2700942372164832,       0.0177825101303757,     168.2700942372164548,       0.5126004651783652
       -0.1394131009589731,       0.0011980554863178,       0.0144431213254703,       0.0011980554863178,       1.0204439293409588,     168.2723358364973478,       0.0144431213254703,     168.2723358364973478,       0.5073766081521600
       -0.1205202539129293,       0.0031091605723667,       0.0114943251265834,       0.0031091605723667,       1.0527011429138269,     168.2768927271865209,       0.0114943251265834,     168.2768927271865209,       0.5184868538308166
       -0.1877445179151722,      -0.0067885433566552,       0.0068903142021890,      -0.0067885433566552,       0.8984886011774442,     168.2675693040321789,       0.0068903142021890,     168.2675693040321789,       0.5014869174322417
       -0.2593463442659593,       0.0000000000033379,      -0.0000000000031772,       0.0000000000033379,       0.7349278988751472,     168.2558373488025438,      -0.0000000000031772,     168.2558373488025154,       0.4705858273577924
       -0.1877445179080890,       0.0067885433392859,      -0.0068903142237152,       0.0067885433392859,       0.8984886011590442,     168.2675693040473277,      -0.0068903142237152,     168.2675693040473277,       0.5014869173930533
       -0.1205202538176258,      -0.0031091605714021,      -0.0114943251074001,      -0.0031091605714021,       1.0527011429886972,     168.2768927271987707,      -0.0114943251074001,     168.2768927271987423,       0.5184868538644155
       -0.1394131009683108,      -0.0011980554942931,      -0.0144431213211459,      -0.0011980554942931,       1.0204439292184551,     168.2723358365124682,      -0.0144431213211459,     168.2723358365124113,       0.5073766080554617
       -0.1351906612352466,      -0.0007923345440581,      -0.0177825101366585,      -0.0007923345440581,       1.0198750500104696,     168.2700942372407269,      -0.0177825101366585,     168.2700942372406985,       0.5126004649547115
       -0.1328668402044353,      -0.0022304537851847,      -0.0181636920167282,      -0.0022304537851847,       1.0263028978783773,     168.2678484521128155,      -0.0181636920167282,     168.2678484521128439,       0.5077136940757269
       -0.1354713509047948,      -0.0007700062387765,      -0.0171383679499144,      -0.0007700062387765,       1.0205131961517140,     168.2648730333717140,      -0.0171383679499144,     168.2648730333717140,       0.5077400954766147
       -0.1325373212249223,      -0.0013437257970816,      -0.0148351052600126,      -0.0013437257970816,       1.0242185648472442,     168.2629017872420718,      -0.0148351052600126,     168.2629017872420434,       0.5067336176788113
       -0.1346548450781291,      -0.0006897662408755,      -0.0111339492505267,      -0.0006897662408755,       1.0218993368445293,     168.2609644541004457,      -0.0111339492505267,     168.2609644541004741,       0.5051928824665644
       -0.1334034323529441,      -0.0004191806998465,      -0.0070314611503492,      -0.0004191806998465,       1.0230609081513347,     168.2598071814672380,      -0.0070314611503492,     168.2598071814672380,       0.5053762732062006
       -0.1341549765559547,      -0.0002481591061374,      -0.0022999670810633,      -0.0002481591061374,       1.0225095522142318,     168.2591587165197495,      -0.0022999670810633,     168.2591587165197211,       0.5046765787366181
       -0.1339055133540075,       0.0005511343888830,       0.0024540658721033,       0.0005511343888830,       1.0226936837927245,     168.2547464054580075,       0.0024540658721033,     168.2547464054580075,       0.5047066593865929
       -0.1347325778331374,      -0.0003620683291382,       0.0065291147938839,      -0.0003620683291382,       1.0220981408990448,     168.2549693533252366,       0.0065291147938839,     168.2549693533252650,       0.5052438719361120
       -0.1328610356946695,       0.0010822906592792,       0.0109931720275632,       0.0010822906592792,       1.0233254052990426,     168.2556635806348595,       0.0109931720275632,     168.2556635806348879,       0.5050421295830532
       -0.1351607085284161,      -0.0003695765895199,       0.0141025104494759,      -0.0003695765895199,       1.0212237606897283,     168.2564005316129965,       0.0141025104494759,     168.2564005316130249,       0.5075792488090557
       -0.1329642206697458,       0.0016376506218098,       0.0166368213505487,       0.0016376506218098,       1.0242053888105063,     168.2577736760392781,       0.0166368213505487,     168.2577736760392781,       0.5055930679581125
       -0.1346747698044222,       0.0001776140076015,       0.0178904038781048,       0.0001776140076015,       1.0203119147178998,     168.2592791357703845,       0.0178904038781048,     168.2592791357703561,       0.5116644732880248
       -0.1368271429860111,       0.0005675953844196,       0.0162474508574922,       0.0005675953844196,       1.0234332301231794,     168.2605906928883428,       0.0162474508574922,     168.2605906928883428,       0.5069401303777590
       -0.1298421781848183,       0.0025085396027527,       0.0153951028825860,       0.0025085396027527,       1.0273629570214724,     168.2631099095061984,       0.0153951028825860,     168.2631099095061984,       0.5141195924037769
       -0.1518025821866292,      -0.0020022049590345,       0.0104957008719418,      -0.0020022049590345,       0.9927215511017703,     168.2626104910471270,       0.0104957008719419,     168.2626104910471270,       0.5113600273689645
       -0.0952126548379150,       0.0020559274909738,       0.0031593473493337,       0.0020559274909738,       1.1372077639359575,     168.2695650958199849,       0.0031593473493337,     168.2695650958199565,       0.5096273430673627
       -0.0305294998927483,      -0.0000000000155619,       0.0000000000018808,      -0.0000000000155619,       1.2978751320632340,     168.2780844044832520,       0.0000000000018808,     168.2780844044832236,       0.5200610650857456
       -0.0952126546337853,      -0.0020559274972865,      -0.0031593473498420,      -0.0020559274972865,       1.1372077640575893,     168.2695650958226281,      -0.0031593473498420,     168.2695650958226281,       0.5096273431994924
       -0.1518025823324824,       0.0020022049608796,      -0.0104957008813050,       0.0020022049608796,       0.9927215510126615,     168.2626104910566767,      -0.0104957008813050,     168.2626104910566767,       0.5113600271717699
       -0.1298421782115422,      -0.0025085395979138,      -0.0153951028599358,      -0.0025085395979138,       1.0273629569948062,     168.2631099095104616,      -0.0153951028599358,     168.2631099095104332,       0.5141195922792355
       -0.1368271430359172,      -0.0005675953892752,      -0.0162474508662534,      -0.0005675953892752,       1.0234332299754019,     168.2605906928916397,      -0.0162474508662534,     168.2605906928916397,       0.5069401301940184
       -0.1346747696991375,      -0.0001776139936645,      -0.0178904039132855,      -0.0001776139936645,       1.0203119148437889,     168.2592791357706119,      -0.0178904039132855,     168.2592791357706119,       0.5116644733366392
       -0.1329642204755972,      -0.0016376506058106,      -0.0166368213465822,      -0.0016376506058106,       1.0242053888914295,     168.2577736760446783,      -0.0166368213465822,     168.2577736760446214,       0.5055930680646951
       -0.1351607086134166,       0.0003695765835916,      -0.0141025104209562,       0.0003695765835916,       1.0212237605841201,     168.2564005316183113,      -0.0141025104209562,     168.2564005316183682,       0.5075792487963101
       -0.1328610355832671,      -0.0010822906642620,      -0.0109931720106522,      -0.0010822906642620,       1.0233254054310421,     168.2556635806406860,      -0.0109931720106522,     168.2556635806406860,       0.5050421297975999
       -0.1347325777957886,       0.0003620683284504,      -0.0065291147999555,       0.0003620683284504,       1.0220981409259751,     168.2549693533150617,      -0.0065291147999555,     168.2549693533150901,       0.5052438719733288
       -0.1339055135723037,      -0.0005511343871651,      -0.0024540658872770,      -0.0005511343871651,       1.0226936837391165,     168.2547464054454451,      -0.0024540658872770,     168.2547464054454451,       0.5047066593021003
       -0.1347562685955092,      -0.0022846054467374,       0.0016058157666977,      -0.0022846054467374,       1.0224738964700952,     168.2506338488851156,       0.0016058157666977,     168.2506338488851156,       0.5051367577758368
       -0.1336681516019058,       0.0022456829222000,       0.0061334084708801,       0.0022456829222000,       1.0228079703861108,     168.2506060631539526,       0.0061334084708801,     168.2506060631539526,       0.5037127711656800
       -0.1352532114687974,      -0.0024071765636357,       0.0090436540947236,      -0.0024071765636357,       1.0220722543275453,     168.2504390319385834,       0.0090436540947236,     168.2504390319385834,       0.5076413289691015
       -0.1334875939374749,       0.0021087139983057,       0.0124177153745641,       0.0021087139983057,       1.0227679672577361,     168.2503261073794079,       0.0124177153745641,     168.2503261073793510,       0.5031616305177050
       -0.1343304023290492,      -0.0015398661737623,       0.0145649917244518,      -0.0015398661737623,       1.0219438681069839,     168.2508554264654492,       0.0145649917244518,     168.2508554264654208,       0.5107835185599560
       -0.1362961260614275,       0.0004261135556195,       0.0146146237998770,       0.0004261135556195,       1.0219665124874209,     168.2503863314009038,       0.0146146237998770,     168.2503863314008754,       0.5049204609332950
       -0.1315819507191748,       0.0016453428359731,       0.0154697789578339,       0.0016453428359731,       1.0234054074458852,     168.2522727742773441,       0.0154697789578339,     168.2522727742773725,       0.5116912020427266
       -0.1425617703868566,      -0.0026944523175686,       0.0119459410519312,      -0.0026944523175686,       1.0152723344195851,     168.2520030842100027,       0.0119459410519312,     168.2520030842100311,       0.5103756153692296
       -0.1238550215390937,       0.0020536368152063,       0.0085759773808889,       0.0020536368152063,       1.0478323577168600,     168.2530666444374106,       0.0085759773808889,     168.2530666444374106,       0.5080235005377222
       -0.1667277641952054,       0.0060674933941397,       0.0084119498382982,       0.0060674933941397,       0.9268622440101963,     168.2532691002694492,       0.0084119498382982,     168.2532691002694207,       0.5227559199091147
       -0.2239917580731927,      -0.0000000000001800,      -0.0000000000053803,      -0.0000000000001800,       0.7830867195078641,     168.2515715144614887,      -0.0000000000053803,     168.2515715144614887,       0.5286359358787579
       -0.1667277641613983,      -0.0060674933847302,      -0.0084119498298840,      -0.0060674933847302,       0.9268622440644616,     168.2532691002599563,      -0.0084119498298840,     168.2532691002599847,       0.5227559199479882
       -0.1238550212918192,      -0.0020536368160896,      -0.0085759773973091,      -0.0020536368160896,       1.0478323580670010,     168.2530666444289977,      -0.0085759773973091,     168.2530666444289977,       0.5080235007540076
       -0.1425617705558921,       0.0026944523152012,      -0.0119459410253219,       0.0026944523152012,       1.0152723341782728,     168.2520030841965593,      -0.0119459410253219,     168.2520030841966161,       0.5103756151434030
       -0.1315819506918073,      -0.0016453428263233,      -0.0154697789673181,      -0.0016453428263233,       1.0234054074112096,     168.2522727742554594,      -0.0154697789673181,     168.2522727742554309,       0.5116912020749499
       -0.1362961262410877,      -0.0004261135793753,      -0.0146146238442720,      -0.0004261135793753,       1.0219665122819299,     168.2503863313921215,      -0.0146146238442720,     168.2503863313921215,       0.5049204607586806
       -0.1343304022678746,       0.0015398661674546,      -0.0145649917111119,       0.0015398661674546,       1.0219438682145494,     168.2508554264709062,      -0.0145649917111119,     168.2508554264709062,       0.5107835185439571
       -0.1334875940224754,      -0.0021087139963415,      -0.0124177153252414,      -0.0021087139963415,       1.0227679672347540,     168.2503261074004968,      -0.0124177153252414,     168.2503261074004683,       0.5031616304227123
       -0.1352532113847624,       0.0024071765514454,      -0.0090436540923615,       0.0024071765514454,       1.0220722544941825,     168.2504390319557217,      -0.0090436540923615,     168.2504390319556933,       0.5076413291512131
       -0.1336681513752374,      -0.0022456829098832,      -0.0061334084836695,      -0.0022456829098832,       1.0228079706901576,     168.2506060631630476,      -0.0061334084836695,     168.2506060631630476,       0.5037127714490760
       -0.1347562685320803,       0.0022846054588854,      -0.0016058157776449,       0.0022846054588854,       1.0224738966469744,     168.2506338488956317,      -0.0016058157776449,     168.2506338488956033,       0.5051367579681504
       -0.1350125059698083,       0.0040276954032419,       0.0017144479331999,       0.0040276954032419,       1.0225730770588575,     168.2473232286470193,       0.0017144479331999,     168.2473232286470193,       0.5040737508867972
       -0.1348219552169194,      -0.0041972261239925,       0.0040485032904081,      -0.0041972261239925,       1.0230713571334671,     168.2470616181896901,       0.0040485032904081,     168.2470616181896332,       0.5066819080442350
