        0.0000020007635868,      -0.0000000035224786,      -0.0020002448365325,      -0.0000000035224786,      -0.0000000031070932,      -0.0000000035153775,      -0.0020002448365325,      -0.0000000035153775,      -0.0000031114173563
        0.0000020037116606,      -0.0000000041808752,      -0.0020002314724551,      -0.0000000041808752,      -0.0000000103864658,      -0.0000000109792854,      -0.0020002314724551,      -0.0000000109792854,      -0.0000031084772908
        0.0000020067866695,      -0.0000000025427119,      -0.0020002052849734,      -0.0000000025427119,      -0.0000000164987955,      -0.0000000171072636,      -0.0020002052849734,      -0.0000000171072636,      -0.0000031069450935
        0.0000020097600387,      -0.0000000049636141,      -0.0020001678621558,      -0.0000000049636141,      -0.0000000222233151,      -0.0000000228216065,      -0.0020001678621558,      -0.0000000228216065,      -0.0000031041488415
        0.0000020126884609,      -0.0000000006108764,      -0.0020001213423245,      -0.0000000006108764,      -0.0000000261875595,      -0.0000000264979365,      -0.0020001213423245,      -0.0000000264979365,      -0.0000031051048178
        0.0000020148222677,      -0.0000000031470435,      -0.0020000693479505,      -0.0000000031470435,      -0.0000000271026568,      -0.0000000270667184,      -0.0020000693479505,      -0.0000000270667184,      -0.0000031042146844
        0.0000020144630429,      -0.0000000067887366,      -0.0020000166490520,      -0.0000000067887366,      -0.0000000296146529,      -0.0000000292484058,      -0.0020000166490520,      -0.0000000292484058,      -0.0000031030765879
        0.0000020156016037,       0.0000000268192558,      -0.0019999676015861,       0.0000000268192558,      -0.0000000200610334,      -0.0000000190570357,      -0.0019999676015861,      -0.0000000190570357,      -0.0000031122575897
        0.0000020099618007,      -0.0000000478478562,      -0.0019999281346995,      -0.0000000478478562,      -0.0000000215879124,      -0.0000000192275960,      -0.0019999281346995,      -0.0000000192275960,      -0.0000031017969052
        0.0000020032135141,      -0.0000002388926948,      -0.0019999047758655,      -0.0000002388926948,      -0.0000000360223841,      -0.0000000352456432,      -0.0019999047758655,      -0.0000000352456432,      -0.0000030851047350
        0.0000020009574224,      -0.0000003379782057,      -0.0019998969840575,      -0.0000003379782057,      -0.0000000026020880,      -0.0000000042068836,      -0.0019998969840575,      -0.0000000042068836,      -0.0000031117728074
        0.0000019985735690,      -0.0000002386170090,      -0.0019999049520460,      -0.0000002386170090,       0.0000000311671727,       0.0000000313624819,      -0.0019999049520460,       0.0000000313624819,      -0.0000031386029760
        0.0000019914538065,      -0.0000000476242449,      -0.0019999282561501,      -0.0000000476242449,       0.0000000173634009,       0.0000000199508293,      -0.0019999282561501,       0.0000000199508293,      -0.0000031221250056
        0.0000019852948299,       0.0000000270950763,      -0.0019999677527056,       0.0000000270950763,       0.0000000164483477,       0.0000000191131298,      -0.0019999677527056,       0.0000000191131298,      -0.0000031117352786
        0.0000019858400070,      -0.0000000064429282,      -0.0020000168844590,      -0.0000000064429282,       0.0000000267711282,       0.0000000290742046,      -0.0020000168844590,       0.0000000290742046,      -0.0000031210316924
        0.0000019849390890,      -0.0000000028522737,      -0.0020000695837023,      -0.0000000028522737,       0.0000000251012428,       0.0000000271930455,      -0.0020000695837023,       0.0000000271930455,      -0.0000031201149400
        0.0000019866340736,      -0.0000000003462700,      -0.0020001215815893,      -0.0000000003462700,       0.0000000249683281,       0.0000000264333277,      -0.0020001215815893,       0.0000000264333277,      -0.0000031194862309
        0.0000019892786740,      -0.0000000047677650,      -0.0020001680941221,      -0.0000000047677650,       0.0000000216904713,       0.0000000228526738,      -0.0020001680941221,       0.0000000228526738,      -0.0000031207450673
        0.0000019920961030,      -0.0000000024105294,      -0.0020002054574375,      -0.0000000024105294,       0.0000000164964866,       0.0000000170950913,      -0.0020002054574375,       0.0000000170950913,      -0.0000031182439105
        0.0000019951134943,      -0.0000000041059000,      -0.0020002315970539,      -0.0000000041059000,       0.0000000107421434,       0.0000000109745530,      -0.0020002315970539,       0.0000000109745530,      -0.0000031169432500
        0.0000019980466680,      -0.0000000034995341,      -0.0020002448711783,      -0.0000000034995341,       0.0000000036418901,       0.0000000035065422,      -0.0020002448711783,       0.0000000035065422,      -0.0000031141340523
        0.0000020009926793,      -0.0000000109861973,      -0.0020002597590538,      -0.0000000109861973,      -0.0000000035994371,      -0.0000000109639812,      -0.0020002597590538,      -0.0000000109639812,      -0.0000031111737976
        0.0000020031153665,      -0.0000000102246672,      -0.0020002461179562,      -0.0000000102246672,      -0.0000000093437864,      -0.0000000315743538,      -0.0020002461179562,      -0.0000000315743538,      -0.0000031098856085
        0.0000020065189924,      -0.0000000115859535,      -0.0020002195608420,      -0.0000000115859535,      -0.0000000165980684,      -0.0000000511194437,      -0.0020002195608420,      -0.0000000511194437,      -0.0000031057508342
        0.0000020097230822,      -0.0000000081718119,      -0.0020001806661960,      -0.0000000081718119,      -0.0000000213069343,      -0.0000000666979824,      -0.0020001806661960,      -0.0000000666979824,      -0.0000031086102207
        0.0000020133516954,      -0.0000000102276356,      -0.0020001320271835,      -0.0000000102276356,      -0.0000000250379501,      -0.0000000776950348,      -0.0020001320271835,      -0.0000000776950348,      -0.0000031039275249
        0.0000020145590710,      -0.0000000056173694,      -0.0020000770510540,      -0.0000000056173694,      -0.0000000302006780,      -0.0000000833612524,      -0.0020000770510540,      -0.0000000833612524,      -0.0000031066910161
        0.0000020196064552,       0.0000000035773441,      -0.0020000194148779,       0.0000000035773441,      -0.0000000205987095,      -0.0000000771969944,      -0.0020000194148779,      -0.0000000771969944,      -0.0000031147346777
        0.0000020110731463,      -0.0000000273016556,      -0.0019999672688535,      -0.0000000273016556,      -0.0000000361247099,      -0.0000000726335997,      -0.0019999672688535,      -0.0000000726335997,      -0.0000030917430314
        0.0000020155517489,       0.0000000491055285,      -0.0019999248836926,       0.0000000491055285,      -0.0000000111475166,      -0.0000000490471976,      -0.0019999248836926,      -0.0000000490471976,      -0.0000031275841164
        0.0000020173172631,       0.0000002530239308,      -0.0019998899182284,       0.0000002530239308,       0.0000000610250241,      -0.0000000014489499,      -0.0019998899182284,      -0.0000000014489499,      -0.0000031850346531
        0.0000020010709116,       0.0000003604794096,      -0.0019998766118530,       0.0000003604794096,      -0.0000000017905886,       0.0000000034994608,      -0.0019998766118530,       0.0000000034994608,      -0.0000031126369788
        0.0000019846554368,       0.0000002532604039,      -0.0019998896443462,       0.0000002532604039,      -0.0000000650424427,       0.0000000045768409,      -0.0019998896443462,       0.0000000045768409,      -0.0000030397664545
        0.0000019860051491,       0.0000000498051837,      -0.0019999249981952,       0.0000000498051837,       0.0000000069557335,       0.0000000483253325,      -0.0019999249981952,       0.0000000483253325,      -0.0000030966550648
        0.0000019898529178,      -0.0000000263910674,      -0.0019999674865134,      -0.0000000263910674,       0.0000000326668264,       0.0000000725573448,      -0.0019999674865134,       0.0000000725573448,      -0.0000031325009545
        0.0000019806662501,       0.0000000045113768,      -0.0020000195497150,       0.0000000045113768,       0.0000000179456857,       0.0000000773127463,      -0.0020000195497150,       0.0000000773127463,      -0.0000031095990088
        0.0000019850927883,      -0.0000000047018074,      -0.0020000772929636,      -0.0000000047018074,       0.0000000283221183,       0.0000000832620814,      -0.0020000772929636,       0.0000000832620814,      -0.0000031177107725
        0.0000019858606516,      -0.0000000094754501,      -0.0020001322721447,      -0.0000000094754501,       0.0000000239470993,       0.0000000777659568,      -0.0020001322721447,       0.0000000777659568,      -0.0000031206958770
        0.0000019892036084,      -0.0000000075966994,      -0.0020001808698715,      -0.0000000075966994,       0.0000000208543579,       0.0000000666748510,      -0.0020001808698715,       0.0000000666748510,      -0.0000031162757992
        0.0000019922981920,      -0.0000000112046904,      -0.0020002197683730,      -0.0000000112046904,       0.0000000166444707,       0.0000000511282344,      -0.0020002197683730,       0.0000000511282344,      -0.0000031194105843
        0.0000019956749421,      -0.0000000100119087,      -0.0020002462201602,      -0.0000000100119087,       0.0000000097184276,       0.0000000315533159,      -0.0020002462201602,       0.0000000315533159,      -0.0000031155148444
        0.0000019978100685,      -0.0000000109185799,      -0.0020002598195540,      -0.0000000109185799,       0.0000000041359343,       0.0000000109405277,      -0.0020002598195540,       0.0000000109405277,      -0.0000031143560401
        0.0000019991785871,      -0.0000000170493203,      -0.0020002883168679,      -0.0000000170493203,      -0.0000000020088390,      -0.0000000170162360,      -0.0020002883168679,      -0.0000000170162360,      -0.0000031129612050
        0.0000020037459907,      -0.0000000178835752,      -0.0020002745005329,      -0.0000000178835752,      -0.0000000096934419,      -0.0000000509186280,      -0.0020002745005329,      -0.0000000509186280,      -0.0000031082382333
        0.0000020045606912,      -0.0000000159933446,      -0.0020002467712200,      -0.0000000159933446,      -0.0000000140928269,      -0.0000000812952653,      -0.0020002467712200,      -0.0000000812952653,      -0.0000031119166606
        0.0000020107682717,      -0.0000000172794742,      -0.0020002057215871,      -0.0000000172794742,      -0.0000000201249826,      -0.0000001071943502,      -0.0020002057215871,      -0.0000001071943502,      -0.0000031057871679
        0.0000020118465716,      -0.0000000125884945,      -0.0020001531346620,      -0.0000000125884945,      -0.0000000252323805,      -0.0000001253327692,      -0.0020001531346620,      -0.0000001253327692,      -0.0000031130514882
        0.0000020212615882,      -0.0000000091567707,      -0.0020000910059887,      -0.0000000091567707,      -0.0000000216243667,      -0.0000001317348532,      -0.0020000910059887,      -0.0000001317348532,      -0.0000031144508047
        0.0000020132488462,      -0.0000000139795011,      -0.0020000276194089,      -0.0000000139795011,      -0.0000000366371751,      -0.0000001302670475,      -0.0020000276194089,      -0.0000001302670475,      -0.0000031008474101
        0.0000020277826326,       0.0000000273855594,      -0.0019999653631527,       0.0000000273855594,      -0.0000000055091952,      -0.0000001073832076,      -0.0019999653631527,      -0.0000001073832076,      -0.0000031439850506
        0.0000020122782129,      -0.0000000346739920,      -0.0019999116961067,      -0.0000000346739920,      -0.0000000256892094,      -0.0000000811799589,      -0.0019999116961067,      -0.0000000811799589,      -0.0000030927968465
        0.0000019932035729,      -0.0000002523374587,      -0.0019998890027746,      -0.0000002523374587,      -0.0000001206674641,      -0.0000000654000235,      -0.0019998890027746,      -0.0000000654000235,      -0.0000029964069061
        0.0000020012629357,      -0.0000003721204108,      -0.0019998838884230,      -0.0000003721204108,      -0.0000000029364133,      -0.0000000024926803,      -0.0019998838884230,      -0.0000000024926803,      -0.0000031119653837
        0.0000020091617501,      -0.0000002516231972,      -0.0019998894993079,      -0.0000002516231972,       0.0000001158300938,       0.0000000630932531,      -0.0019998894993079,       0.0000000630932531,      -0.0000032281940028
        0.0000019895044940,      -0.0000000335847300,      -0.0019999116749094,      -0.0000000335847300,       0.0000000221576653,       0.0000000814707590,      -0.0019999116749094,       0.0000000814707590,      -0.0000031324299756
        0.0000019732371372,       0.0000000287960793,      -0.0019999653542319,       0.0000000287960793,       0.0000000024390157,       0.0000001072555069,      -0.0019999653542319,       0.0000001072555069,      -0.0000030809352137
        0.0000019869207817,      -0.0000000124270514,      -0.0020000278316654,      -0.0000000124270514,       0.0000000342711817,       0.0000001301576177,      -0.0020000278316654,       0.0000001301576177,      -0.0000031237948422
        0.0000019782195114,      -0.0000000077364430,      -0.0020000911605055,      -0.0000000077364430,       0.0000000200748119,       0.0000001317959804,      -0.0020000911605055,       0.0000001317959804,      -0.0000031101795455
        0.0000019871187820,      -0.0000000113789653,      -0.0020001533420878,      -0.0000000113789653,       0.0000000243413579,       0.0000001253127091,      -0.0020001533420878,       0.0000001253127091,      -0.0000031116047210
        0.0000019879721700,      -0.0000000163920454,      -0.0020002059835764,      -0.0000000163920454,       0.0000000198283291,       0.0000001072432435,      -0.0020002059835764,       0.0000001072432435,      -0.0000031190674956
        0.0000019941180316,      -0.0000000154020273,      -0.0020002469228448,      -0.0000000154020273,       0.0000000142115795,       0.0000000812804046,      -0.0020002469228448,       0.0000000812804046,      -0.0000031131953638
        0.0000019949947273,      -0.0000000175621680,      -0.0020002746773771,      -0.0000000175621680,       0.0000000100860715,       0.0000000509081710,      -0.0020002746773771,       0.0000000509081710,      -0.0000031171021450
        0.0000019996152359,      -0.0000000169469774,      -0.0020002883210205,      -0.0000000169469774,       0.0000000025312867,       0.0000000169796322,      -0.0020002883210205,       0.0000000169796322,      -0.0000031125243392
        0.0000020031039254,      -0.0000000226232042,      -0.0020003280997827,      -0.0000000226232042,      -0.0000000032685878,      -0.0000000225781724,      -0.0020003280997827,      -0.0000000225781724,      -0.0000031089993635
        0.0000019981007413,      -0.0000000222273634,      -0.0020003141674974,      -0.0000000222273634,      -0.0000000062920241,      -0.0000000660602887,      -0.0020003141674974,      -0.0000000660602887,      -0.0000031152139393
        0.0000020080477418,      -0.0000000230657702,      -0.0020002849902716,      -0.0000000230657702,      -0.0000000126946120,      -0.0000001065936100,      -0.0020002849902716,      -0.0000001065936100,      -0.0000031079910400
        0.0000020042747453,      -0.0000000209274010,      -0.0020002416912376,      -0.0000000209274010,      -0.0000000169589683,      -0.0000001405348646,      -0.0020002416912376,      -0.0000001405348646,      -0.0000031179425580
        0.0000020210901716,      -0.0000000180212559,      -0.0020001819419256,      -0.0000000180212559,      -0.0000000177949264,      -0.0000001639055810,      -0.0020001819419256,      -0.0000001639055810,      -0.0000031169754017
        0.0000020107044089,      -0.0000000172013136,      -0.0020001140268362,      -0.0000000172013136,      -0.0000000289857273,      -0.0000001756159545,      -0.0020001140268362,      -0.0000001756159545,      -0.0000031139162140
        0.0000020363073153,       0.0000000029149003,      -0.0020000366591970,       0.0000000029149003,      -0.0000000090826222,      -0.0000001671741249,      -0.0020000366591970,      -0.0000001671741249,      -0.0000031462280237
        0.0000020106629349,      -0.0000000264121862,      -0.0019999642127503,      -0.0000000264121862,      -0.0000000391295554,      -0.0000001472085268,      -0.0019999642127503,      -0.0000001472085268,      -0.0000030875688655
        0.0000020210643873,       0.0000000320812741,      -0.0019999110148681,       0.0000000320812741,      -0.0000000136047223,      -0.0000001103720660,      -0.0019999110148681,      -0.0000001103720660,      -0.0000031422121461
        0.0000020324639706,       0.0000002843451692,      -0.0019998576945810,       0.0000002843451692,       0.0000001215210030,      -0.0000000422833696,      -0.0019998576945810,      -0.0000000422833696,      -0.0000032696372675
        0.0000020015765237,       0.0000004294298700,      -0.0019998332934281,       0.0000004294298700,      -0.0000000007636647,       0.0000000006279881,      -0.0019998332934281,       0.0000000006279881,      -0.0000031144026337
        0.0000019703475810,       0.0000002850827185,      -0.0019998570942099,       0.0000002850827185,      -0.0000001239789887,       0.0000000425215385,      -0.0019998570942099,       0.0000000425215385,      -0.0000029580561332
        0.0000019810581423,       0.0000000335422046,      -0.0019999110646644,       0.0000000335422046,       0.0000000104718378,       0.0000001098025732,      -0.0019999110646644,       0.0000001098025732,      -0.0000030840686340
        0.0000019904489308,      -0.0000000245454609,      -0.0019999642239295,      -0.0000000245454609,       0.0000000367336174,       0.0000001470375879,      -0.0019999642239295,       0.0000001470375879,      -0.0000031382571004
        0.0000019637647242,       0.0000000048978836,      -0.0020000366092294,       0.0000000048978836,       0.0000000073261185,       0.0000001670622197,      -0.0020000366092294,       0.0000001670622197,      -0.0000030791045716
        0.0000019884826610,      -0.0000000153193226,      -0.0020001141869132,      -0.0000000153193226,       0.0000000278090734,       0.0000001756018348,      -0.0020001141869132,       0.0000001756018348,      -0.0000031109358059
        0.0000019775812005,      -0.0000000164959157,      -0.0020001821412857,      -0.0000000164959157,       0.0000000172371628,       0.0000001639602556,      -0.0020001821412857,       0.0000001639602556,      -0.0000031077653947
        0.0000019941741451,      -0.0000000197859045,      -0.0020002418804668,      -0.0000000197859045,       0.0000000168203442,       0.0000001405578227,      -0.0020002418804668,       0.0000001405578227,      -0.0000031068445940
        0.0000019904731386,      -0.0000000223418754,      -0.0020002852627186,      -0.0000000223418754,       0.0000000128883124,       0.0000001066312417,      -0.0020002852627186,       0.0000001066312417,      -0.0000031170140471
        0.0000020005732594,      -0.0000000218310706,      -0.0020003142519593,      -0.0000000218310706,       0.0000000066673490,       0.0000000660339212,      -0.0020003142519593,       0.0000000660339212,      -0.0000031100373362
        0.0000019956999866,      -0.0000000225032282,      -0.0020003282220587,      -0.0000000225032282,       0.0000000037341199,       0.0000000225476808,      -0.0020003282220587,       0.0000000225476808,      -0.0000031164027021
        0.0000019924290457,      -0.0000000260565051,      -0.0020003760523608,      -0.0000000260565051,      -0.0000000005102787,      -0.0000000260080353,      -0.0020003760523608,      -0.0000000260080353,      -0.0000031196322332
        0.0000020073315493,      -0.0000000259846783,      -0.0020003609885281,      -0.0000000259846783,      -0.0000000052264044,      -0.0000000764546097,      -0.0020003609885281,      -0.0000000764546097,      -0.0000031072632838
        0.0000019932501293,      -0.0000000272905536,      -0.0020003327143355,      -0.0000000272905536,      -0.0000000079167167,      -0.0000001237818784,      -0.0020003327143355,      -0.0000001237818784,      -0.0000031214884369
        0.0000020196838908,      -0.0000000234258470,      -0.0020002828615791,      -0.0000000234258470,      -0.0000000095506534,      -0.0000001627942438,      -0.0020002828615791,      -0.0000001627942438,      -0.0000031196770325
        0.0000019996920176,      -0.0000000258096597,      -0.0020002214157930,      -0.0000000258096597,      -0.0000000176929681,      -0.0000001919642643,      -0.0020002214157930,      -0.0000001919642643,      -0.0000031224272156
        0.0000020424442190,      -0.0000000105209659,      -0.0020001378033724,      -0.0000000105209659,      -0.0000000071927944,      -0.0000002030045096,      -0.0020001378033724,      -0.0000002030045096,      -0.0000031511564076
        0.0000020057662615,      -0.0000000210471037,      -0.0020000531475837,      -0.0000000210471037,      -0.0000000283051788,      -0.0000001970942562,      -0.0020000531475837,      -0.0000001970942562,      -0.0000031058141081
        0.0000020455398622,       0.0000000166052789,      -0.0019999703734433,       0.0000000166052789,      -0.0000000015850018,      -0.0000001730411848,      -0.0019999703734433,      -0.0000001730411848,      -0.0000031775921717
        0.0000020267491998,      -0.0000000016575624,      -0.0019998854647966,      -0.0000000016575624,      -0.0000000018246530,      -0.0000001204384689,      -0.0019998854647966,      -0.0000001204384689,      -0.0000031286322686
        0.0000019928181121,      -0.0000002726115300,      -0.0019998488682711,      -0.0000002726115300,      -0.0000001323424440,      -0.0000000692426982,      -0.0019998488682711,      -0.0000000692426982,      -0.0000029643489051
        0.0000020018404940,      -0.0000004402130637,      -0.0019998460196550,      -0.0000004402130637,      -0.0000000020031186,       0.0000000003967474,      -0.0019998460196550,       0.0000000003967474,      -0.0000031136070014
        0.0000020106302210,      -0.0000002717098067,      -0.0019998492449472,      -0.0000002717098067,       0.0000001294440206,       0.0000000694004437,      -0.0019998492449472,       0.0000000694004437,      -0.0000032636218045
        0.0000019757241595,       0.0000000000281731,      -0.0019998851044697,       0.0000000000281731,       0.0000000001528550,       0.0000001199679845,      -0.0019998851044697,       0.0000001199679845,      -0.0000030995948431
        0.0000019556581526,       0.0000000187715752,      -0.0019999702441273,       0.0000000187715752,       0.0000000000918697,       0.0000001726598297,      -0.0019999702441273,       0.0000001726598297,      -0.0000030495174796
        0.0000019941682660,      -0.0000000187511236,      -0.0020000530427562,      -0.0000000187511236,       0.0000000272778619,       0.0000001969804622,      -0.0020000530427562,       0.0000001969804622,      -0.0000031202594651
        0.0000019564414054,      -0.0000000083993595,      -0.0020001378063701,      -0.0000000083993595,       0.0000000066224393,       0.0000002029370020,      -0.0020001378063701,       0.0000002029370020,      -0.0000030741393744
        0.0000019985858289,      -0.0000000240449608,      -0.0020002215614663,      -0.0000000240449608,       0.0000000174369951,       0.0000001920337043,      -0.0020002215614663,       0.0000001920337043,      -0.0000031023422929
        0.0000019784661569,      -0.0000000221762795,      -0.0020002831366085,      -0.0000000221762795,       0.0000000096082602,       0.0000001628690513,      -0.0020002831366085,       0.0000001628690513,      -0.0000031050231034
        0.0000020050725733,      -0.0000000264830085,      -0.0020003328872513,      -0.0000000264830085,       0.0000000081171099,       0.0000001238119036,      -0.0020003328872513,       0.0000001238119036,      -0.0000031033582666
        0.0000019912993252,      -0.0000000255715221,      -0.0020003612511764,      -0.0000000255715221,       0.0000000055361176,       0.0000000764672794,      -0.0020003612511764,       0.0000000764672794,      -0.0000031178426418
        0.0000020064099796,      -0.0000000259263656,      -0.0020003760230389,      -0.0000000259263656,       0.0000000008474983,       0.0000000259741812,      -0.0020003760230389,       0.0000000259741812,      -0.0000031056507050
        0.0000020105583760,      -0.0000000264893724,      -0.0020004266060263,      -0.0000000264893724,      -0.0000000000592879,      -0.0000000264394492,      -0.0020004266060263,      -0.0000000264394492,      -0.0000031014615359
        0.0000019835639397,      -0.0000000302685702,      -0.0020004144853766,      -0.0000000302685702,      -0.0000000017658248,      -0.0000000813930169,      -0.0020004144853766,      -0.0000000813930169,      -0.0000031259638577
        0.0000020181410335,      -0.0000000237968335,      -0.0020003795573016,      -0.0000000237968335,      -0.0000000003705071,      -0.0000001291787414,      -0.0020003795573016,      -0.0000001291787414,      -0.0000031176078006
        0.0000019826001540,      -0.0000000336124508,      -0.0020003350054972,      -0.0000000336124508,      -0.0000000063995849,      -0.0000001731490368,      -0.0020003350054972,      -0.0000001731490368,      -0.0000031257177371
        0.0000020453013049,      -0.0000000158486022,      -0.0020002562541194,      -0.0000000158486022,       0.0000000012569457,      -0.0000002014941627,      -0.0020002562541194,      -0.0000002014941627,      -0.0000031571206190
        0.0000019908224672,      -0.0000000278172877,      -0.0020001733533804,      -0.0000000278172877,      -0.0000000120389380,      -0.0000002149929082,      -0.0020001733533804,      -0.0000002149929082,      -0.0000031189051310
        0.0000020638653244,      -0.0000000037867658,      -0.0020000710045185,      -0.0000000037867658,       0.0000000001233145,      -0.0000002121789305,      -0.0020000710045185,      -0.0000002121789305,      -0.0000031939110196
        0.0000020155077317,      -0.0000000067528333,      -0.0019999655311727,      -0.0000000067528333,      -0.0000000018884709,      -0.0000001736302019,      -0.0019999655311727,      -0.0000001736302019,      -0.0000031247490825
        0.0000020189181693,      -0.0000000121572804,      -0.0019998988567562,      -0.0000000121572804,      -0.0000000259322951,      -0.0000001387896678,      -0.0019998988567562,      -0.0000001387896678,      -0.0000031312133741
        0.0000020333741083,       0.0000002916754344,      -0.0019998395794689,       0.0000002916754344,       0.0000000880605582,      -0.0000000846881507,      -0.0019998395794689,      -0.0000000846881507,      -0.0000032735659998
        0.0000020021957009,       0.0000004900243327,      -0.0019998022087489,       0.0000004900243327,       0.0000000004369297,      -0.0000000024656788,      -0.0019998022087489,      -0.0000000024656788,      -0.0000031166126163
        0.0000019705491371,       0.0000002927079274,      -0.0019998390409496,       0.0000002927079274,      -0.0000000879045620,       0.0000000819716752,      -0.0019998390409496,       0.0000000819716752,      -0.0000029584092576
        0.0000019839333107,      -0.0000000104540858,      -0.0019998986378274,      -0.0000000104540858,       0.0000000254764134,       0.0000001382333657,      -0.0019998986378274,       0.0000001382333657,      -0.0000030988939739
        0.0000019858491584,      -0.0000000045132512,      -0.0019999649544245,      -0.0000000045132512,       0.0000000016963102,       0.0000001732462880,      -0.0019999649544245,       0.0000001732462880,      -0.0000031039008767
        0.0000019358430503,      -0.0000000013687940,      -0.0020000708789984,      -0.0000000013687940,      -0.0000000002271752,       0.0000002119288056,      -0.0020000708789984,       0.0000002119288056,      -0.0000030331106856
        0.0000020077768316,      -0.0000000256189968,      -0.0020001732001580,      -0.0000000256189968,       0.0000000120770054,       0.0000002149780800,      -0.0020001732001580,       0.0000002149780800,      -0.0000031068306959
        0.0000019525784641,      -0.0000000140587368,      -0.0020002563564941,      -0.0000000140587368,      -0.0000000011087912,       0.0000002015286414,      -0.0020002563564941,       0.0000002015286414,      -0.0000030677634592
        0.0000020152274945,      -0.0000000323199428,      -0.0020003352488247,      -0.0000000323199428,       0.0000000065461537,       0.0000001732575180,      -0.0020003352488247,       0.0000001732575180,      -0.0000030988174811
        0.0000019800037940,      -0.0000000230157217,      -0.0020003798399718,      -0.0000000230157217,       0.0000000005606640,       0.0000001292461002,      -0.0020003798399718,       0.0000001292461002,      -0.0000031070515335
        0.0000020150384819,      -0.0000000298593379,      -0.0020004146735876,      -0.0000000298593379,       0.0000000019093426,       0.0000000814073053,      -0.0020004146735876,       0.0000000814073053,      -0.0000030989445610
        0.0000019883530243,      -0.0000000263739829,      -0.0020004267183489,      -0.0000000263739829,       0.0000000002007270,       0.0000000264231754,      -0.0020004267183489,       0.0000000264231754,      -0.0000031236667347
        0.0000019819355128,      -0.0000000283161741,      -0.0020004784405012,      -0.0000000283161741,      -0.0000000023878807,      -0.0000000282616354,      -0.0020004784405012,      -0.0000000282616354,      -0.0000031300410343
        0.0000020150328441,      -0.0000000201662237,      -0.0020004605092670,      -0.0000000201662237,       0.0000000068972215,      -0.0000000749094180,      -0.0020004605092670,      -0.0000000749094180,      -0.0000031094752603
        0.0000019705901763,      -0.0000000377820144,      -0.0020004365700820,      -0.0000000377820144,       0.0000000002101535,      -0.0000001267991101,      -0.0020004365700820,      -0.0000001267991101,      -0.0000031267954131
        0.0000020397122994,      -0.0000000130894086,      -0.0020003728899738,      -0.0000000130894086,       0.0000000118026032,      -0.0000001636075347,      -0.0020003728899738,      -0.0000001636075347,      -0.0000031562827800
        0.0000019729637659,      -0.0000000372406343,      -0.0020003060919907,      -0.0000000372406343,       0.0000000026500088,      -0.0000001942373282,      -0.0020003060919907,      -0.0000001942373282,      -0.0000031226816445
        0.0000020688661277,      -0.0000000107034494,      -0.0020001999535893,      -0.0000000107034494,       0.0000000077542663,      -0.0000002105490284,      -0.0020001999535893,      -0.0000002105490284,      -0.0000032056758553
        0.0000020041392532,      -0.0000000082707378,      -0.0020000875171251,      -0.0000000082707378,       0.0000000184106165,      -0.0000001927665052,      -0.0020000875171251,      -0.0000001927665052,      -0.0000031415307084
        0.0000020452941392,      -0.0000000209290510,      -0.0019999874917756,      -0.0000000209290510,      -0.0000000189549004,      -0.0000001838521319,      -0.0019999874917756,      -0.0000001838521319,      -0.0000031752214779
        0.0000020531217132,       0.0000000431624766,      -0.0019998788207881,       0.0000000431624766,       0.0000000349443308,      -0.0000001262447535,      -0.0019998788207881,      -0.0000001262447535,      -0.0000031992806662
        0.0000020150105222,      -0.0000002502533139,      -0.0019998001392443,      -0.0000002502533139,      -0.0000000221341264,      -0.0000000375825385,      -0.0019998001392443,      -0.0000000375825385,      -0.0000030562090739
        0.0000020024887513,      -0.0000004646857033,      -0.0019997986059210,      -0.0000004646857033,       0.0000000004454634,       0.0000000023492513,      -0.0019997986059210,       0.0000000023492513,      -0.0000031166155386
        0.0000019893898628,      -0.0000002494410635,      -0.0019997999098462,      -0.0000002494410635,       0.0000000232937395,       0.0000000393253870,      -0.0019997999098462,       0.0000000393253870,      -0.0000031769590201
        0.0000019500512369,       0.0000000448799781,      -0.0019998783050130,       0.0000000448799781,      -0.0000000336051437,       0.0000001254616608,      -0.0019998783050130,       0.0000001254616608,      -0.0000030329488926
        0.0000019560525761,      -0.0000000188253899,      -0.0019999871821606,      -0.0000000188253899,       0.0000000201052839,       0.0000001832432555,      -0.0019999871821606,       0.0000001832432555,      -0.0000030550818033
        0.0000019955873908,      -0.0000000060474688,      -0.0020000867166224,      -0.0000000060474688,      -0.0000000174439380,       0.0000001924973816,      -0.0020000867166224,       0.0000001924973816,      -0.0000030866088417
        0.0000019292688925,      -0.0000000085747240,      -0.0020001999838858,      -0.0000000085747240,      -0.0000000070720430,       0.0000002105555883,      -0.0020001999838858,       0.0000002105555883,      -0.0000030204709988
        0.0000020246648859,      -0.0000000355978878,      -0.0020003060560918,      -0.0000000355978878,      -0.0000000021799589,       0.0000001942689484,      -0.0020003060560918,       0.0000001942689484,      -0.0000031023192457
        0.0000019577713136,      -0.0000000118957416,      -0.0020003730729907,      -0.0000000118957416,      -0.0000000115409559,       0.0000001637126801,      -0.0020003730729907,       0.0000001637126801,      -0.0000030681255245
        0.0000020274185428,      -0.0000000370639963,      -0.0020004370016987,      -0.0000000370639963,      -0.0000000001570666,       0.0000001268978494,      -0.0020004370016987,       0.0000001268978494,      -0.0000030975940047
        0.0000019835636659,      -0.0000000198193373,      -0.0020004606183658,      -0.0000000198193373,      -0.0000000069439419,       0.0000000749319757,      -0.0020004606183658,       0.0000000749319757,      -0.0000031152415755
        0.0000020170778825,      -0.0000000282050141,      -0.0020004786850488,      -0.0000000282050141,       0.0000000022586890,       0.0000000282588393,      -0.0020004786850488,       0.0000000282588393,      -0.0000030948959070
        0.0000020005363884,      -0.0000000183584679,      -0.0020005215894032,      -0.0000000183584679,       0.0000000116480786,      -0.0000000183327941,      -0.0020005215894032,      -0.0000000183327941,      -0.0000031114113748
        0.0000019856637843,      -0.0000000345206642,      -0.0020005111452325,      -0.0000000345206642,      -0.0000000021094785,      -0.0000000699905586,      -0.0020005111452325,      -0.0000000699905586,      -0.0000031188970950
        0.0000020080776076,      -0.0000000064585797,      -0.0020004727130096,      -0.0000000064585797,       0.0000000208040540,      -0.0000001038399400,      -0.0020004727130096,      -0.0000001038399400,      -0.0000031498125481
        0.0000019849102922,      -0.0000000414147313,      -0.0020004240002848,      -0.0000000414147313,       0.0000000101581080,      -0.0000001431930548,      -0.0020004240002848,      -0.0000001431930548,      -0.0000031220731337
        0.0000020287704330,      -0.0000000083815177,      -0.0020003379240853,      -0.0000000083815177,       0.0000000182201015,      -0.0000001692034551,      -0.0020003379240853,      -0.0000001692034551,      -0.0000031978914525
        0.0000020262934893,      -0.0000000151892884,      -0.0020002275454120,      -0.0000000151892884,       0.0000000358233858,      -0.0000001712667065,      -0.0020002275454120,      -0.0000001712667065,      -0.0000031652155884
        0.0000020174970888,      -0.0000000309280491,      -0.0020001168795263,      -0.0000000309280491,      -0.0000000123479251,      -0.0000001825052485,      -0.0020001168795263,      -0.0000001825052485,      -0.0000031768674265
        0.0000020838445286,       0.0000000305727717,      -0.0019999847542959,       0.0000000305727717,       0.0000000647782530,      -0.0000001420034981,      -0.0019999847542959,      -0.0000001420034981,      -0.0000032380635022
        0.0000019790097123,      -0.0000000438463155,      -0.0019998828403731,      -0.0000000438463155,      -0.0000000099848499,      -0.0000001028269596,      -0.0019998828403731,      -0.0000001028269596,      -0.0000031071812534
        0.0000020183772006,       0.0000002101349218,      -0.0019998603362991,       0.0000002101349218,      -0.0000000524242982,      -0.0000001018639439,      -0.0019998603362991,      -0.0000001018639439,      -0.0000031559517366
        0.0000020025148810,       0.0000004528531873,      -0.0019998091042519,       0.0000004528531873,       0.0000000015952132,      -0.0000000032580140,      -0.0019998091042519,      -0.0000000032580140,      -0.0000031184094336
        0.0000019866743270,       0.0000002109292960,      -0.0019998601881748,       0.0000002109292960,       0.0000000556762244,       0.0000000981994303,      -0.0019998601881748,       0.0000000981994303,      -0.0000030804517049
        0.0000020242552918,      -0.0000000424915758,      -0.0019998817311119,      -0.0000000424915758,       0.0000000130905893,       0.0000001021781719,      -0.0019998817311119,       0.0000001021781719,      -0.0000031271920535
        0.0000019177054508,       0.0000000323807711,      -0.0019999841366593,       0.0000000323807711,      -0.0000000622723952,       0.0000001417881487,      -0.0019999841366593,       0.0000001417881487,      -0.0000029936212413
        0.0000019818992433,      -0.0000000290022107,      -0.0020001164239308,      -0.0000000290022107,       0.0000000142829079,       0.0000001822412880,      -0.0020001164239308,       0.0000001822412880,      -0.0000030522548179
        0.0000019718514547,      -0.0000000135092794,      -0.0020002269881333,      -0.0000000135092794,      -0.0000000344752807,       0.0000001710418755,      -0.0020002269881333,       0.0000001710418755,      -0.0000030615574855
        0.0000019683283602,      -0.0000000068872092,      -0.0020003379769494,      -0.0000000068872092,      -0.0000000174995760,       0.0000001694429913,      -0.0020003379769494,       0.0000001694429913,      -0.0000030270685399
        0.0000020124822484,      -0.0000000405006138,      -0.0020004244326035,      -0.0000000405006138,      -0.0000000098509654,       0.0000001431996122,      -0.0020004244326035,       0.0000001431996122,      -0.0000031022410089
        0.0000019897517318,      -0.0000000058483093,      -0.0020004726317135,      -0.0000000058483093,      -0.0000000208896638,       0.0000001039420493,      -0.0020004726317135,       0.0000001039420493,      -0.0000030743706210
        0.0000020129673964,      -0.0000000342330439,      -0.0020005120006216,      -0.0000000342330439,       0.0000000018103763,       0.0000000700487409,      -0.0020005120006216,       0.0000000700487409,      -0.0000031055558268
        0.0000019985906783,      -0.0000000182997891,      -0.0020005210834884,      -0.0000000182997891,      -0.0000000120612043,       0.0000000183249646,      -0.0020005210834884,       0.0000000183249646,      -0.0000031133595891
        0.0000020687187999,      -0.0000000187303893,      -0.0020005548127784,      -0.0000000187303893,      -0.0000000116229060,      -0.0000000186877488,      -0.0020005548127784,      -0.0000000186877488,      -0.0000030432046972
        0.0000019077285087,      -0.0000000111907426,      -0.0020005523811645,      -0.0000000111907426,       0.0000000246196893,      -0.0000000467524995,      -0.0020005523811645,      -0.0000000467524995,      -0.0000031896622653
