        0.0000001601752019,       0.0000000000304633,       0.0000099832812976,       0.0000000000304633,      -0.0000002483354454,       0.0000000000305279,       0.0000099832812976,       0.0000000000305279,       0.0000000881602435
        0.0000001600353374,       0.0000000000359763,       0.0000099830527168,       0.0000000000359763,      -0.0000002480575564,       0.0000000000953144,       0.0000099830527168,       0.0000000000953144,       0.0000000880222191
        0.0000001599107008,       0.0000000000214806,       0.0000099826030153,       0.0000000000214806,      -0.0000002478327119,       0.0000000001483376,       0.0000099826030153,       0.0000000001483376,       0.0000000879220111
        0.0000001597951970,       0.0000000000421231,       0.0000099819601948,       0.0000000000421231,      -0.0000002476063923,       0.0000000001983516,       0.0000099819601948,       0.0000000001983516,       0.0000000878111953
        0.0000001597064140,       0.0000000000038986,       0.0000099811603736,       0.0000000000038986,      -0.0000002474843003,       0.0000000002292610,       0.0000099811603736,       0.0000000002292610,       0.0000000877778862
        0.0000001596736966,       0.0000000000256620,       0.0000099802660039,       0.0000000000256620,      -0.0000002474342615,       0.0000000002359350,       0.0000099802660039,       0.0000000002359350,       0.0000000877605648
        0.0000001596559815,       0.0000000000568752,       0.0000099793598482,       0.0000000000568752,      -0.0000002473734565,       0.0000000002523832,       0.0000099793598482,       0.0000000002523832,       0.0000000877174750
        0.0000001597815532,      -0.0000000002343553,       0.0000099785154925,      -0.0000000002343553,      -0.0000002477640898,       0.0000000001648447,       0.0000099785154925,       0.0000000001648447,       0.0000000879825366
        0.0000001598512281,       0.0000000004137713,       0.0000099778358915,       0.0000000004137713,      -0.0000002476696566,       0.0000000001746623,       0.0000099778358915,       0.0000000001746623,       0.0000000878184285
        0.0000001597604872,       0.0000000020708138,       0.0000099774346491,       0.0000000020708138,      -0.0000002471545940,       0.0000000002802270,       0.0000099774346491,       0.0000000002802270,       0.0000000873941068
        0.0000001602518880,       0.0000000029314542,       0.0000099772994072,       0.0000000029314542,      -0.0000002484831063,      -0.0000000000248970,       0.0000099772994072,      -0.0000000000248970,       0.0000000882312182
        0.0000001607389916,       0.0000000020709221,       0.0000099774352114,       0.0000000020709221,      -0.0000002498024839,      -0.0000000002975897,       0.0000099774352114,      -0.0000000002975897,       0.0000000890634923
        0.0000001606411042,       0.0000000004143719,       0.0000099778364276,       0.0000000004143719,      -0.0000002492750773,      -0.0000000001651648,       0.0000099778364276,      -0.0000000001651648,       0.0000000886339731
        0.0000001607063836,      -0.0000000002332673,       0.0000099785146953,      -0.0000000002332673,      -0.0000002491776577,      -0.0000000001661846,       0.0000099785146953,      -0.0000000001661846,       0.0000000884712742
        0.0000001608270851,       0.0000000000578831,       0.0000099793586141,       0.0000000000578831,      -0.0000002495646648,      -0.0000000002534409,       0.0000099793586141,      -0.0000000002534409,       0.0000000887375797
        0.0000001608052391,       0.0000000000263688,       0.0000099802648306,       0.0000000000263688,      -0.0000002494994631,      -0.0000000002346381,       0.0000099802648306,      -0.0000000002346381,       0.0000000886942239
        0.0000001607704264,       0.0000000000043910,       0.0000099811586230,       0.0000000000043910,      -0.0000002494471152,      -0.0000000002297854,       0.0000099811586230,      -0.0000000002297854,       0.0000000886766888
        0.0000001606814521,       0.0000000000422684,       0.0000099819584741,       0.0000000000422684,      -0.0000002493238398,      -0.0000000001977542,       0.0000099819584741,      -0.0000000001977542,       0.0000000886423878
        0.0000001605670809,       0.0000000000214651,       0.0000099826015607,       0.0000000000214651,      -0.0000002490974128,      -0.0000000001482745,       0.0000099826015607,      -0.0000000001482745,       0.0000000885303320
        0.0000001604441278,       0.0000000000358816,       0.0000099830515845,       0.0000000000358816,      -0.0000002488732062,      -0.0000000000950753,       0.0000099830515845,      -0.0000000000950753,       0.0000000884290784
        0.0000001603053621,       0.0000000000304241,       0.0000099832810222,       0.0000000000304241,      -0.0000002485957425,      -0.0000000000303669,       0.0000099832810222,      -0.0000000000303669,       0.0000000882903804
        0.0000001601672135,       0.0000000000950476,       0.0000099835383177,       0.0000000000950476,      -0.0000002483196056,       0.0000000000952497,       0.0000099835383177,       0.0000000000952497,       0.0000000881523920
        0.0000001600589945,       0.0000000000878841,       0.0000099833043429,       0.0000000000878841,      -0.0000002481170553,       0.0000000002739806,       0.0000099833043429,       0.0000000002739806,       0.0000000880580608
        0.0000001599136905,       0.0000000000988970,       0.0000099828490113,       0.0000000000988970,      -0.0000002478192597,       0.0000000004437865,       0.0000099828490113,       0.0000000004437865,       0.0000000879055692
        0.0000001598065532,       0.0000000000681379,       0.0000099821803075,       0.0000000000681379,      -0.0000002476932910,       0.0000000005784998,       0.0000099821803075,       0.0000000005784998,       0.0000000878867378
        0.0000001597113938,       0.0000000000848178,       0.0000099813439696,       0.0000000000848178,      -0.0000002474880237,       0.0000000006747612,       0.0000099813439696,       0.0000000006747612,       0.0000000877766299
        0.0000001596321551,       0.0000000000436136,       0.0000099803989531,       0.0000000000436136,      -0.0000002473829387,       0.0000000007222829,       0.0000099803989531,       0.0000000007222829,       0.0000000877507836
        0.0000001597033565,      -0.0000000000364913,       0.0000099794060038,      -0.0000000000364913,      -0.0000002477030113,       0.0000000006703789,       0.0000099794060038,       0.0000000006703789,       0.0000000879996549
        0.0000001596260455,       0.0000000002313880,       0.0000099785098366,       0.0000000002313880,      -0.0000002470949309,       0.0000000006302057,       0.0000099785098366,       0.0000000006302057,       0.0000000874688854
        0.0000001599130377,      -0.0000000004303356,       0.0000099777815457,      -0.0000000004303356,      -0.0000002482305481,       0.0000000004174446,       0.0000099777815457,       0.0000000004174446,       0.0000000883175104
        0.0000001608685150,      -0.0000000021965575,       0.0000099771766762,      -0.0000000021965575,      -0.0000002509652431,       0.0000000000309986,       0.0000099771766762,       0.0000000000309986,       0.0000000900967281
        0.0000001602396403,      -0.0000000031266257,       0.0000099769489894,      -0.0000000031266257,      -0.0000002484449046,       0.0000000000180085,       0.0000099769489894,       0.0000000000180085,       0.0000000882052643
        0.0000001596180402,      -0.0000000021947408,       0.0000099771743331,      -0.0000000021947408,      -0.0000002459480592,      -0.0000000000211493,       0.0000099771743331,      -0.0000000000211493,       0.0000000863300190
        0.0000001605799809,      -0.0000000004275968,       0.0000099777788397,      -0.0000000004275968,      -0.0000002487090975,      -0.0000000004270407,       0.0000099777788397,      -0.0000000004270407,       0.0000000881291166
        0.0000001608601519,       0.0000000002343259,       0.0000099785100347,       0.0000000002343259,      -0.0000002498393585,      -0.0000000006290397,       0.0000099785100347,      -0.0000000006290397,       0.0000000889792066
        0.0000001607774750,      -0.0000000000336630,       0.0000099794058377,      -0.0000000000336630,      -0.0000002492278434,      -0.0000000006696482,       0.0000099794058377,      -0.0000000006696482,       0.0000000884503684
        0.0000001608457307,       0.0000000000458733,       0.0000099803969079,       0.0000000000458733,      -0.0000002495491204,      -0.0000000007227872,       0.0000099803969079,      -0.0000000007227872,       0.0000000887033898
        0.0000001607651244,       0.0000000000860480,       0.0000099813425923,       0.0000000000860480,      -0.0000002494437295,      -0.0000000006734789,       0.0000099813425923,      -0.0000000006734789,       0.0000000886786051
        0.0000001606709802,       0.0000000000685898,       0.0000099821782256,       0.0000000000685898,      -0.0000002492402698,      -0.0000000005781641,       0.0000099821782256,      -0.0000000005781641,       0.0000000885692896
        0.0000001605664644,       0.0000000000987304,       0.0000099828471411,       0.0000000000987304,      -0.0000002491167845,      -0.0000000004429392,       0.0000099828471411,      -0.0000000004429392,       0.0000000885503201
        0.0000001604237711,       0.0000000000875868,       0.0000099833032577,       0.0000000000875868,      -0.0000002488209424,      -0.0000000002734780,       0.0000099833032577,      -0.0000000002734780,       0.0000000883971713
        0.0000001603173502,       0.0000000000948910,       0.0000099835376611,       0.0000000000948910,      -0.0000002486198503,      -0.0000000000947121,       0.0000099835376611,      -0.0000000000947121,       0.0000000883025000
        0.0000001602180537,       0.0000000001475252,       0.0000099840287504,       0.0000000001475252,      -0.0000002484215168,       0.0000000001478267,       0.0000099840287504,       0.0000000001478267,       0.0000000882034631
        0.0000001600486862,       0.0000000001540135,       0.0000099837934717,       0.0000000001540135,      -0.0000002480834745,       0.0000000004420913,       0.0000099837934717,       0.0000000004420913,       0.0000000880347882
        0.0000001599750885,       0.0000000001363136,       0.0000099833167026,       0.0000000001363136,      -0.0000002480040590,       0.0000000007054248,       0.0000099833167026,       0.0000000007054248,       0.0000000880289705
        0.0000001598075098,       0.0000000001457903,       0.0000099826117150,       0.0000000001457903,      -0.0000002476730001,       0.0000000009306336,       0.0000099826117150,       0.0000000009306336,       0.0000000878654903
        0.0000001597246869,       0.0000000001029386,       0.0000099817073738,       0.0000000001029386,      -0.0000002476252279,       0.0000000010871934,       0.0000099817073738,       0.0000000010871934,       0.0000000879005410
        0.0000001596501831,       0.0000000000715784,       0.0000099806371903,       0.0000000000715784,      -0.0000002476226022,       0.0000000011433179,       0.0000099806371903,       0.0000000011433179,       0.0000000879724191
        0.0000001595699933,       0.0000000001122243,       0.0000099795482039,       0.0000000001122243,      -0.0000002471469967,       0.0000000011292966,       0.0000099795482039,       0.0000000011292966,       0.0000000875770035
        0.0000001597997728,      -0.0000000002460876,       0.0000099784756541,      -0.0000000002460876,      -0.0000002484065707,       0.0000000009292723,       0.0000099784756541,       0.0000000009292723,       0.0000000886067979
        0.0000001597577639,       0.0000000002941133,       0.0000099775496518,       0.0000000002941133,      -0.0000002473645737,       0.0000000007077728,       0.0000099775496518,       0.0000000007077728,       0.0000000876068098
        0.0000001587587888,       0.0000000021847390,       0.0000099771637947,       0.0000000021847390,      -0.0000002437345431,       0.0000000005558768,       0.0000099771637947,       0.0000000005558768,       0.0000000849757544
        0.0000001602589813,       0.0000000032276663,       0.0000099770742053,       0.0000000032276663,      -0.0000002484902783,      -0.0000000000088833,       0.0000099770742053,      -0.0000000000088833,       0.0000000882312970
        0.0000001617443646,       0.0000000021865059,       0.0000099771690091,       0.0000000021865059,      -0.0000002532091815,      -0.0000000005586658,       0.0000099771690091,      -0.0000000005586658,       0.0000000914648169
        0.0000001607258452,       0.0000000002980048,       0.0000099775547411,       0.0000000002980048,      -0.0000002495392219,      -0.0000000007029357,       0.0000099775547411,      -0.0000000007029357,       0.0000000888133767
        0.0000001606819894,      -0.0000000002411833,       0.0000099784747382,      -0.0000000002411833,      -0.0000002485079651,      -0.0000000009322781,       0.0000099784747382,      -0.0000000009322781,       0.0000000878259757
        0.0000001609078279,       0.0000000001168028,       0.0000099795471221,       0.0000000001168028,      -0.0000002497748228,      -0.0000000011293372,       0.0000099795471221,      -0.0000000011293372,       0.0000000888669948
        0.0000001608247199,       0.0000000000749145,       0.0000099806370895,       0.0000000000749145,      -0.0000002493025153,      -0.0000000011422111,       0.0000099806370895,      -0.0000000011422111,       0.0000000884777953
        0.0000001607515159,       0.0000000001048941,       0.0000099817044714,       0.0000000001048941,      -0.0000002493086890,      -0.0000000010865515,       0.0000099817044714,      -0.0000000010865515,       0.0000000885571731
        0.0000001606722421,       0.0000000001461942,       0.0000099826095263,       0.0000000001461942,      -0.0000002492678113,      -0.0000000009290690,       0.0000099826095263,      -0.0000000009290690,       0.0000000885955692
        0.0000001605096665,       0.0000000001359192,       0.0000099833143081,       0.0000000001359192,      -0.0000002489435670,      -0.0000000007044906,       0.0000099833143081,      -0.0000000007044906,       0.0000000884339005
        0.0000001604409976,       0.0000000001533451,       0.0000099837915522,       0.0000000001533451,      -0.0000002488696336,      -0.0000000004409826,       0.0000099837915522,      -0.0000000004409826,       0.0000000884286360
        0.0000001602744628,       0.0000000001472595,       0.0000099840284253,       0.0000000001472595,      -0.0000002485343249,      -0.0000000001469939,       0.0000099840284253,      -0.0000000001469939,       0.0000000882598621
        0.0000001601531546,       0.0000000001958949,       0.0000099847141314,       0.0000000001958949,      -0.0000002482920640,       0.0000000001963047,       0.0000099847141314,       0.0000000001963047,       0.0000000881389094
        0.0000001601776275,       0.0000000001915426,       0.0000099844751931,       0.0000000001915426,      -0.0000002483621565,       0.0000000005734150,       0.0000099844751931,       0.0000000005734150,       0.0000000881845291
        0.0000001599484791,       0.0000000001973554,       0.0000099839751839,       0.0000000001973554,      -0.0000002479481952,       0.0000000009255205,       0.0000099839751839,       0.0000000009255205,       0.0000000879997162
        0.0000001599380009,       0.0000000001763518,       0.0000099832308097,       0.0000000001763518,      -0.0000002480188811,       0.0000000012196807,       0.0000099832308097,       0.0000000012196807,       0.0000000880808802
        0.0000001596926010,       0.0000000001486264,       0.0000099822017691,       0.0000000001486264,      -0.0000002477500696,       0.0000000014225575,       0.0000099822017691,       0.0000000014225575,       0.0000000880574686
        0.0000001596903353,       0.0000000001388393,       0.0000099810344425,       0.0000000001388393,      -0.0000002475468598,       0.0000000015235170,       0.0000099810344425,       0.0000000015235170,       0.0000000878565245
        0.0000001596101274,      -0.0000000000367847,       0.0000099797003576,      -0.0000000000367847,      -0.0000002481866387,       0.0000000014487964,       0.0000099797003576,       0.0000000014487964,       0.0000000885765112
        0.0000001595791242,       0.0000000002179186,       0.0000099784533416,       0.0000000002179186,      -0.0000002469111753,       0.0000000012761578,       0.0000099784533416,       0.0000000012761578,       0.0000000873320511
        0.0000001597913575,      -0.0000000002871735,       0.0000099775428144,      -0.0000000002871735,      -0.0000002482351861,       0.0000000009512497,       0.0000099775428144,       0.0000000009512497,       0.0000000884438285
        0.0000001614593282,      -0.0000000024712455,       0.0000099766216623,      -0.0000000024712455,      -0.0000002535048485,       0.0000000003590742,       0.0000099766216623,       0.0000000003590742,       0.0000000920455203
        0.0000001602268982,      -0.0000000037247597,       0.0000099762038773,      -0.0000000037247597,      -0.0000002483874809,      -0.0000000000092050,       0.0000099762038773,      -0.0000000000092050,       0.0000000881605827
        0.0000001590090637,      -0.0000000024678021,       0.0000099766151652,      -0.0000000024678021,      -0.0000002433196029,      -0.0000000003764021,       0.0000099766151652,      -0.0000000003764021,       0.0000000843105392
        0.0000001606915701,      -0.0000000002820200,       0.0000099775393164,      -0.0000000002820200,      -0.0000002486475001,      -0.0000000009583774,       0.0000099775393164,      -0.0000000009583774,       0.0000000879559300
        0.0000001608945322,       0.0000000002240665,       0.0000099784577375,       0.0000000002240665,      -0.0000002499730213,      -0.0000000012758866,       0.0000099784577375,      -0.0000000012758866,       0.0000000890784892
        0.0000001608605793,      -0.0000000000309867,       0.0000099797013093,      -0.0000000000309867,      -0.0000002487124581,      -0.0000000014500251,       0.0000099797013093,      -0.0000000014500251,       0.0000000878518788
        0.0000001607818086,       0.0000000001431910,       0.0000099810316776,       0.0000000001431910,      -0.0000002493734972,      -0.0000000015225301,       0.0000099810316776,      -0.0000000015225301,       0.0000000885916886
        0.0000001607829465,       0.0000000001506935,       0.0000099822006836,       0.0000000001506935,      -0.0000002491851866,      -0.0000000014209103,       0.0000099822006836,      -0.0000000014209103,       0.0000000884022401
        0.0000001605454806,       0.0000000001766925,       0.0000099832262754,       0.0000000001766925,      -0.0000002489340872,      -0.0000000012181034,       0.0000099832262754,      -0.0000000012181034,       0.0000000883886066
        0.0000001605436348,       0.0000000001963906,       0.0000099839723560,       0.0000000001963906,      -0.0000002490175072,      -0.0000000009236570,       0.0000099839723560,      -0.0000000009236570,       0.0000000884738724
        0.0000001603223164,       0.0000000001904965,       0.0000099844724947,       0.0000000001904965,      -0.0000002486132893,      -0.0000000005721535,       0.0000099844724947,      -0.0000000005721535,       0.0000000882909728
        0.0000001603512909,       0.0000000001954046,       0.0000099847133170,       0.0000000001954046,      -0.0000002486882945,      -0.0000000001950421,       0.0000099847133170,      -0.0000000001950421,       0.0000000883370036
        0.0000001603467798,       0.0000000002256955,       0.0000099855382606,       0.0000000002256955,      -0.0000002486796470,       0.0000000002261381,       0.0000099855382606,       0.0000000002261381,       0.0000000883328672
        0.0000001600718163,       0.0000000002243312,       0.0000099852816027,       0.0000000002243312,      -0.0000002481710995,       0.0000000006640287,       0.0000099852816027,       0.0000000006640287,       0.0000000880992831
        0.0000001602216957,       0.0000000002338512,       0.0000099847969192,       0.0000000002338512,      -0.0000002484809731,       0.0000000010746664,       0.0000099847969192,       0.0000000010746664,       0.0000000882592774
        0.0000001598234208,       0.0000000001978339,       0.0000099839385702,       0.0000000001978339,      -0.0000002480374189,       0.0000000014132693,       0.0000099839385702,       0.0000000014132693,       0.0000000882139982
        0.0000001599872824,       0.0000000002150521,       0.0000099828824346,       0.0000000002150521,      -0.0000002481187484,       0.0000000016663007,       0.0000099828824346,       0.0000000016663007,       0.0000000881314660
        0.0000001595309043,       0.0000000000797453,       0.0000099814403051,       0.0000000000797453,      -0.0000002482013548,       0.0000000017603773,       0.0000099814403051,       0.0000000017603773,       0.0000000886704505
        0.0000001597701269,       0.0000000001693451,       0.0000099799826376,       0.0000000001693451,      -0.0000002474944769,       0.0000000017091137,       0.0000099799826376,       0.0000000017091137,       0.0000000877243500
        0.0000001595814250,      -0.0000000001569109,       0.0000099785610099,      -0.0000000001569109,      -0.0000002486626633,       0.0000000014969285,       0.0000099785610099,       0.0000000014969285,       0.0000000890812383
        0.0000001598581542,       0.0000000000038866,       0.0000099770937910,       0.0000000000038866,      -0.0000002482245581,       0.0000000010405466,       0.0000099770937910,       0.0000000010405466,       0.0000000883664039
        0.0000001585932713,       0.0000000023591823,       0.0000099764684149,       0.0000000023591823,      -0.0000002428817827,       0.0000000006112384,       0.0000099764684149,       0.0000000006112384,       0.0000000842885114
        0.0000001602492856,       0.0000000038183699,       0.0000099764227564,       0.0000000038183699,      -0.0000002484396201,       0.0000000000184595,       0.0000099764227564,       0.0000000000184595,       0.0000000881903345
        0.0000001618878272,       0.0000000023622184,       0.0000099764815134,       0.0000000023622184,      -0.0000002539551602,      -0.0000000005913183,       0.0000099764815134,      -0.0000000005913183,       0.0000000920673331
        0.0000001606027756,       0.0000000000102991,       0.0000099771022449,       0.0000000000102991,      -0.0000002485818741,      -0.0000000010446024,       0.0000099771022449,      -0.0000000010446024,       0.0000000879790985
        0.0000001608829959,      -0.0000000001499202,       0.0000099785594369,      -0.0000000001499202,      -0.0000002481835921,      -0.0000000015014381,       0.0000099785594369,      -0.0000000015014381,       0.0000000873005962
        0.0000001606933984,       0.0000000001758194,       0.0000099799851327,       0.0000000001758194,      -0.0000002493815193,      -0.0000000017087353,       0.0000099799851327,      -0.0000000017087353,       0.0000000886881210
        0.0000001609353878,       0.0000000000843142,       0.0000099814408343,       0.0000000000843142,      -0.0000002487050174,      -0.0000000017603147,       0.0000099814408343,      -0.0000000017603147,       0.0000000877696296
        0.0000001604896164,       0.0000000002172856,       0.0000099828767477,       0.0000000002172856,      -0.0000002488239348,      -0.0000000016640111,       0.0000099828767477,      -0.0000000016640111,       0.0000000883343184
        0.0000001606646164,       0.0000000001975988,       0.0000099839359652,       0.0000000001975988,      -0.0000002489296854,      -0.0000000014110761,       0.0000099839359652,      -0.0000000014110761,       0.0000000882650691
        0.0000001602807517,       0.0000000002324455,       0.0000099847903042,       0.0000000002324455,      -0.0000002485099549,      -0.0000000010725896,       0.0000099847903042,      -0.0000000010725896,       0.0000000882292032
        0.0000001604413828,       0.0000000002227251,       0.0000099852794733,       0.0000000002227251,      -0.0000002488330668,      -0.0000000006621743,       0.0000099852794733,      -0.0000000006621743,       0.0000000883916840
        0.0000001601731398,       0.0000000002250612,       0.0000099855358292,       0.0000000002250612,      -0.0000002483323937,      -0.0000000002246731,       0.0000099855358292,      -0.0000000002246731,       0.0000000881592539
        0.0000001601142826,       0.0000000002295910,       0.0000099864063059,       0.0000000002295910,      -0.0000002482150398,       0.0000000002300460,       0.0000099864063059,       0.0000000002300460,       0.0000000881007572
        0.0000001604565627,       0.0000000002616882,       0.0000099862045819,       0.0000000002616882,      -0.0000002488717933,       0.0000000007070219,       0.0000099862045819,       0.0000000007070219,       0.0000000884152306
        0.0000001599831076,       0.0000000002039577,       0.0000099856010950,       0.0000000002039577,      -0.0000002483058961,       0.0000000011216834,       0.0000099856010950,       0.0000000011216834,       0.0000000883227885
        0.0000001603843674,       0.0000000002861647,       0.0000099848391130,       0.0000000002861647,      -0.0000002487267714,       0.0000000015037175,       0.0000099848391130,       0.0000000015037175,       0.0000000883424040
        0.0000001595986522,       0.0000000001287605,       0.0000099834789001,       0.0000000001287605,      -0.0000002484809771,       0.0000000017483262,       0.0000099834789001,       0.0000000017483262,       0.0000000888823249
        0.0000001601832758,       0.0000000002294997,       0.0000099820512010,       0.0000000002294997,      -0.0000002483174212,       0.0000000018654077,       0.0000099820512010,       0.0000000018654077,       0.0000000881341454
        0.0000001593203574,       0.0000000000190935,       0.0000099802912121,       0.0000000000190935,      -0.0000002486521199,       0.0000000018381918,       0.0000099802912121,       0.0000000018381918,       0.0000000893317625
        0.0000001599903651,       0.0000000000450617,       0.0000099784676616,       0.0000000000450617,      -0.0000002482843543,       0.0000000015028285,       0.0000099784676616,       0.0000000015028285,       0.0000000882939892
        0.0000001596262144,       0.0000000000953958,       0.0000099773283084,       0.0000000000953958,      -0.0000002476545372,       0.0000000011994117,       0.0000099773283084,       0.0000000011994117,       0.0000000880283228
        0.0000001609634586,      -0.0000000025360378,       0.0000099763122803,      -0.0000000025360378,      -0.0000002525053486,       0.0000000007010803,       0.0000099763122803,       0.0000000007010803,       0.0000000915418900
        0.0000001602151534,      -0.0000000042504421,       0.0000099756689647,      -0.0000000042504421,      -0.0000002483240334,      -0.0000000000380749,       0.0000099756689647,      -0.0000000000380749,       0.0000000881088800
        0.0000001594803925,      -0.0000000025328198,       0.0000099763020227,      -0.0000000025328198,      -0.0000002441937992,      -0.0000000007445033,       0.0000099763020227,      -0.0000000007445033,       0.0000000847134067
        0.0000001608274810,       0.0000000001007169,       0.0000099773305863,       0.0000000001007169,      -0.0000002491052948,      -0.0000000012033835,       0.0000099773305863,      -0.0000000012033835,       0.0000000882778137
        0.0000001604572969,       0.0000000000526511,       0.0000099784783591,       0.0000000000526511,      -0.0000002485043520,      -0.0000000015057556,       0.0000099784783591,      -0.0000000015057556,       0.0000000880470551
        0.0000001611324878,       0.0000000000256043,       0.0000099802902848,       0.0000000000256043,      -0.0000002481920655,      -0.0000000018401846,       0.0000099802902848,      -0.0000000018401846,       0.0000000870595777
        0.0000001602806467,       0.0000000002339188,       0.0000099820499645,       0.0000000002339188,      -0.0000002485816211,      -0.0000000018637259,       0.0000099820499645,      -0.0000000018637259,       0.0000000883009745
        0.0000001608768318,       0.0000000001305694,       0.0000099834777490,       0.0000000001305694,      -0.0000002484624877,      -0.0000000017470160,       0.0000099834777490,      -0.0000000017470160,       0.0000000875856559
        0.0000001601124028,       0.0000000002855993,       0.0000099848283456,       0.0000000002855993,      -0.0000002482641317,      -0.0000000015005522,       0.0000099848283456,      -0.0000000015005522,       0.0000000881517288
        0.0000001605299492,       0.0000000002019582,       0.0000099855991168,       0.0000000002019582,      -0.0000002487109378,      -0.0000000011195181,       0.0000099855991168,      -0.0000000011195181,       0.0000000881809886
        0.0000001600732856,       0.0000000002597145,       0.0000099861951958,       0.0000000002597145,      -0.0000002481683460,      -0.0000000007048662,       0.0000099861951958,      -0.0000000007048662,       0.0000000880950604
        0.0000001604233018,       0.0000000002287993,       0.0000099864089572,       0.0000000002287993,      -0.0000002488330165,      -0.0000000002283988,       0.0000099864089572,      -0.0000000002283988,       0.0000000884097148
        0.0000001604882437,       0.0000000002455379,       0.0000099873059791,       0.0000000002455379,      -0.0000002489632972,       0.0000000002460351,       0.0000099873059791,       0.0000000002460351,       0.0000000884750534
        0.0000001601487787,       0.0000000001743912,       0.0000099869894525,       0.0000000001743912,      -0.0000002484706932,       0.0000000006505220,       0.0000099869894525,       0.0000000006505220,       0.0000000883219145
        0.0000001606604338,       0.0000000003257232,       0.0000099865899921,       0.0000000003257232,      -0.0000002491233609,       0.0000000011018053,       0.0000099865899921,       0.0000000011018053,       0.0000000884629271
        0.0000001598309064,       0.0000000001086977,       0.0000099854861113,       0.0000000001086977,      -0.0000002488662465,       0.0000000014202550,       0.0000099854861113,       0.0000000014202550,       0.0000000890353402
        0.0000001606325583,       0.0000000003153216,       0.0000099843375656,       0.0000000003153216,      -0.0000002490402078,       0.0000000016861079,       0.0000099843375656,       0.0000000016861079,       0.0000000884076494
        0.0000001593383952,       0.0000000000815208,       0.0000099825117693,       0.0000000000815208,      -0.0000002489590934,       0.0000000018264975,       0.0000099825117693,       0.0000000018264975,       0.0000000896206982
        0.0000001604032171,       0.0000000000590031,       0.0000099805637471,       0.0000000000590031,      -0.0000002492160026,       0.0000000016698206,       0.0000099805637471,       0.0000000016698206,       0.0000000888127855
        0.0000001593150088,       0.0000000001695341,       0.0000099788523967,       0.0000000001695341,      -0.0000002480454036,       0.0000000015900527,       0.0000099788523967,       0.0000000015900527,       0.0000000887303949
        0.0000001599505784,      -0.0000000003849761,       0.0000099769795953,      -0.0000000003849761,      -0.0000002497149071,       0.0000000010866691,       0.0000099769795953,       0.0000000010866691,       0.0000000897643287
        0.0000001597336050,       0.0000000021649731,       0.0000099756226439,       0.0000000021649731,      -0.0000002466884967,       0.0000000003495471,       0.0000099756226439,       0.0000000003495471,       0.0000000869548917
        0.0000001602186565,       0.0000000040306984,       0.0000099756068587,       0.0000000040306984,      -0.0000002483268283,       0.0000000000362158,       0.0000099756068587,       0.0000000000362158,       0.0000000881081718
        0.0000001606923483,       0.0000000021693681,       0.0000099756399830,       0.0000000021693681,      -0.0000002499515694,      -0.0000000003174453,       0.0000099756399830,      -0.0000000003174453,       0.0000000892592211
        0.0000001604776823,      -0.0000000003786761,       0.0000099769846192,      -0.0000000003786761,      -0.0000002469595799,      -0.0000000010965303,       0.0000099769846192,      -0.0000000010965303,       0.0000000864818976
        0.0000001611205745,       0.0000000001752626,       0.0000099788533580,       0.0000000001752626,      -0.0000002486955945,      -0.0000000015939709,       0.0000099788533580,      -0.0000000015939709,       0.0000000875750200
        0.0000001600399059,       0.0000000000651541,       0.0000099805740065,       0.0000000000651541,      -0.0000002475924233,      -0.0000000016716694,       0.0000099805740065,      -0.0000000016716694,       0.0000000875525174
        0.0000001611177033,       0.0000000000856432,       0.0000099825074014,       0.0000000000856432,      -0.0000002479246847,      -0.0000000018257934,       0.0000099825074014,      -0.0000000018257934,       0.0000000868069814
        0.0000001598488758,       0.0000000003163555,       0.0000099843309051,       0.0000000003163555,      -0.0000002479164912,      -0.0000000016833744,       0.0000099843309051,      -0.0000000016833744,       0.0000000880676154
        0.0000001606699424,       0.0000000001079303,       0.0000099854833347,       0.0000000001079303,      -0.0000002481390397,      -0.0000000014185094,       0.0000099854833347,      -0.0000000014185094,       0.0000000874690972
        0.0000001598683846,       0.0000000003233402,       0.0000099865737412,       0.0000000003233402,      -0.0000002479301521,      -0.0000000010984214,       0.0000099865737412,      -0.0000000010984214,       0.0000000880617676
        0.0000001603962672,       0.0000000001723200,       0.0000099869919415,       0.0000000001723200,      -0.0000002486021845,      -0.0000000006489791,       0.0000099869919415,      -0.0000000006489791,       0.0000000882059173
        0.0000001600687880,       0.0000000002445858,       0.0000099872943930,       0.0000000002445858,      -0.0000002481244289,      -0.0000000002441474,       0.0000099872943930,      -0.0000000002441474,       0.0000000880556409
        0.0000001604367133,       0.0000000001592979,       0.0000099880308325,       0.0000000001592979,      -0.0000002488603887,       0.0000000001595358,       0.0000099880308325,       0.0000000001595358,       0.0000000884236754
        0.0000001604437714,       0.0000000002992459,       0.0000099878774491,       0.0000000002992459,      -0.0000002487815126,       0.0000000006086781,       0.0000099878774491,       0.0000000006086781,       0.0000000883377412
        0.0000001604204828,       0.0000000000542094,       0.0000099872004639,       0.0000000000542094,      -0.0000002495044240,       0.0000000009016552,       0.0000099872004639,       0.0000000009016552,       0.0000000890839413
        0.0000001605846628,       0.0000000003561040,       0.0000099863716882,       0.0000000003561040,      -0.0000002491170802,       0.0000000012433429,       0.0000099863716882,       0.0000000012433429,       0.0000000885324174
        0.0000001600470234,       0.0000000000654610,       0.0000099848877700,       0.0000000000654610,      -0.0000002497300213,       0.0000000014698343,       0.0000099848877700,       0.0000000014698343,       0.0000000896829980
        0.0000001603212461,       0.0000000001229824,       0.0000099829755192,       0.0000000001229824,      -0.0000002497409167,       0.0000000014839583,       0.0000099829755192,       0.0000000014839583,       0.0000000894196707
        0.0000001597730227,       0.0000000002577406,       0.0000099810777661,       0.0000000002577406,      -0.0000002486352180,       0.0000000015816795,       0.0000099810777661,       0.0000000015816795,       0.0000000888621953
        0.0000001599011063,      -0.0000000002760321,       0.0000099787993344,      -0.0000000002760321,      -0.0000002506285691,       0.0000000012287194,       0.0000099787993344,       0.0000000012287194,       0.0000000907274628
        0.0000001603619633,       0.0000000003720751,       0.0000099770381869,       0.0000000003720751,      -0.0000002481555516,       0.0000000008877748,       0.0000099770381869,       0.0000000008877748,       0.0000000877935884
        0.0000001592398040,      -0.0000000018262145,       0.0000099766699554,      -0.0000000018262145,      -0.0000002471038375,       0.0000000008446957,       0.0000099766699554,       0.0000000008446957,       0.0000000878640335
        0.0000001602050569,      -0.0000000039280429,       0.0000099757871723,      -0.0000000039280429,      -0.0000002482737735,      -0.0000000000436889,       0.0000099757871723,      -0.0000000000436889,       0.0000000880687166
        0.0000001611840353,      -0.0000000018261289,       0.0000099766642973,      -0.0000000018261289,      -0.0000002494763720,      -0.0000000008907577,       0.0000099766642973,      -0.0000000008907577,       0.0000000882923367
        0.0000001600447676,       0.0000000003768271,       0.0000099770537727,       0.0000000003768271,      -0.0000002484441227,      -0.0000000008903954,       0.0000099770537727,      -0.0000000008903954,       0.0000000883993551
        0.0000001605181333,      -0.0000000002700355,       0.0000099788067016,      -0.0000000002700355,      -0.0000002460571908,      -0.0000000012327476,       0.0000099788067016,      -0.0000000012327476,       0.0000000855390575
        0.0000001606606276,       0.0000000002620194,       0.0000099810756870,       0.0000000002620194,      -0.0000002481446025,      -0.0000000015819460,       0.0000099810756870,      -0.0000000015819460,       0.0000000874839748
        0.0000001601335498,       0.0000000001259047,       0.0000099829826104,       0.0000000001259047,      -0.0000002471308846,      -0.0000000014849461,       0.0000099829826104,      -0.0000000014849461,       0.0000000869973347
        0.0000001604324251,       0.0000000000669075,       0.0000099848770472,       0.0000000000669075,      -0.0000002472303306,      -0.0000000014672655,       0.0000099848770472,      -0.0000000014672655,       0.0000000867979054
        0.0000001599284903,       0.0000000003543106,       0.0000099863600998,       0.0000000003543106,      -0.0000002479148798,      -0.0000000012405157,       0.0000099863600998,      -0.0000000012405157,       0.0000000879863895
        0.0000001601176087,       0.0000000000524555,       0.0000099871975856,       0.0000000000524555,      -0.0000002475726912,      -0.0000000009003723,       0.0000099871975856,      -0.0000000009003723,       0.0000000874550825
        0.0000001601192818,       0.0000000002969938,       0.0000099878584630,       0.0000000002969938,      -0.0000002483301249,      -0.0000000006058461,       0.0000099878584630,      -0.0000000006058461,       0.0000000882108431
        0.0000001601375694,       0.0000000001585674,       0.0000099880407593,       0.0000000001585674,      -0.0000002482621781,      -0.0000000001583674,       0.0000099880407593,      -0.0000000001583674,       0.0000000881246087
        0.0000001591882265,       0.0000000001623556,       0.0000099886061866,       0.0000000001623556,      -0.0000002463638894,       0.0000000001627404,       0.0000099886061866,       0.0000000001627404,       0.0000000871756629
        0.0000001618942502,       0.0000000000968553,       0.0000099885873319,       0.0000000000968553,      -0.0000002515835511,       0.0000000004064474,       0.0000099885873319,       0.0000000004064474,       0.0000000896893009
