       -0.1419499841577878,      -0.0003041828653102,     247.6647129304544137,      -0.0003041828653102,       0.1058146652156084,      -0.0003038438411252,     247.6647129304544137,      -0.0003038438411252,       0.4948333442615339
       -0.1411440553763622,      -0.0004650560893340,     247.6659557752636829,      -0.0004650560893340,       0.1055823652106598,      -0.0010758833005083,     247.6659557752636829,      -0.0010758833005083,       0.4955894664311367
       -0.1417856846860293,      -0.0002012552475772,     247.6684062454587547,      -0.0002012552475772,       0.1044715131984069,      -0.0016569462899341,     247.6684062454587547,      -0.0016569462899341,       0.4949653009976290
       -0.1407677486124837,      -0.0003436746503165,     247.6720626979644635,      -0.0003436746503165,       0.1044455008223357,      -0.0022206689329098,     247.6720626979644635,      -0.0022206689329098,       0.4955176584665102
       -0.1415380726210350,      -0.0007193262645281,     247.6766367197871261,      -0.0007193262645281,       0.1034130680747453,      -0.0027454184883704,     247.6766367197871261,      -0.0027454184883704,       0.4951441385084857
       -0.1403000543729452,       0.0013167449136481,     247.6820600256234002,       0.0013167449136481,       0.1038408092750021,      -0.0026699094137831,     247.6820600256234002,      -0.0026699094137831,       0.4949704789390985
       -0.1412589685422047,      -0.0037897701850524,     247.6876140251794425,      -0.0037897701850524,       0.1031872818726098,      -0.0031553005699587,     247.6876140251794425,      -0.0031553005699587,       0.4956336466580022
       -0.1404481763313264,       0.0056370903015286,     247.6929776480212695,       0.0056370903015286,       0.1039252914789613,      -0.0021339487081870,     247.6929776480212695,      -0.0021339487081870,       0.4941927418595505
       -0.1405887502432287,       0.0012311001028406,     247.6975529513946697,       0.0012311001028406,       0.1050604952925882,      -0.0016547302227768,     247.6975529513946697,      -0.0016547302227768,       0.4952996814466566
       -0.1422113464295733,      -0.0631832099479371,     247.7001348803492817,      -0.0631832099479371,       0.1017124976571679,      -0.0038407432528549,     247.7001348803492817,      -0.0038407432528549,       0.4978604927920535
       -0.1414898101638140,      -0.1075641564794495,     247.7008749917186208,      -0.1075641564794495,       0.1062080882963432,       0.0017594266142835,     247.7008749917186208,       0.0017594266142835,       0.4949948877577346
       -0.1407867704141176,      -0.0632429956320073,     247.7001844895755482,      -0.0632429956320073,       0.1106751034108766,       0.0051392926723689,     247.7001844895755482,       0.0051392926723689,       0.4921570484730314
       -0.1424482788489820,       0.0012490987329158,     247.6975631553140431,       0.0012490987329158,       0.1073313691236341,       0.0011318412615356,     247.6975631553140431,       0.0011318412615356,       0.4947719464857186
       -0.1426405386501293,       0.0056507134732043,     247.6929762189927544,       0.0056507134732043,       0.1085349626139044,       0.0022764536437480,     247.6929762189927544,       0.0022764536437480,       0.4959192441579912
       -0.1418896309258890,      -0.0037956191518394,     247.6876289224062191,      -0.0037956191518394,       0.1093307213240732,       0.0031707120976149,     247.6876289224062191,       0.0031707120976149,       0.4945090878736917
       -0.1428998197950898,       0.0013290005575668,     247.6820678802159819,       0.0013290005575668,       0.1087425602536640,       0.0026166755096400,     247.6820678802159819,       0.0026166755096400,       0.4952209108412317
       -0.1417005783786062,      -0.0007303208259167,     247.6766365383820698,      -0.0007303208259167,       0.1092237774772781,       0.0028050788719127,     247.6766365383820698,       0.0028050788719127,       0.4950780323200057
       -0.1424960616568663,      -0.0003408326205264,     247.6720743055217042,      -0.0003408326205264,       0.1082339437788148,       0.0021813101082340,     247.6720743055217042,       0.0021813101082340,       0.4947335437058697
       -0.1414888968470429,      -0.0002129017934835,     247.6683976395205491,      -0.0002129017934835,       0.1082381571222157,       0.0016880586543870,     247.6683976395205491,       0.0016880586543870,       0.4953050925638324
       -0.1421351210761839,      -0.0004637017905370,     247.6659670044161885,      -0.0004637017905370,       0.1071451100466253,       0.0010633534542890,     247.6659670044161885,       0.0010633534542890,       0.4946921304323624
       -0.1413292058457205,      -0.0003109851606920,     247.6647021043596624,      -0.0003109851606920,       0.1069216101357743,       0.0003113206089818,     247.6647021043596624,       0.0003113206089818,       0.4954541425592492
       -0.1405032572740567,      -0.0010696702116614,     247.6630370652205499,      -0.0010696702116614,       0.1066990160221331,      -0.0010679544906110,     247.6630370652205499,      -0.0010679544906110,       0.4962813699024068
       -0.1427010301535483,      -0.0009434730648074,     247.6642902025159572,      -0.0009434730648074,       0.1046302173761123,      -0.0030405741739019,     247.6642902025159572,      -0.0030405741739019,       0.4941399184885916
       -0.1401691830919308,      -0.0010995003296116,     247.6668621925095692,      -0.0010995003296116,       0.1054886848442822,      -0.0049974709796765,     247.6668621925095692,      -0.0049974709796765,       0.4961703274207984
       -0.1426867515853472,      -0.0010301734258850,     247.6704923240089045,      -0.0010301734258850,       0.1032729301035540,      -0.0066834100017078,     247.6704923240089045,      -0.0066834100017078,       0.4944397625967896
       -0.1394681796741375,      -0.0003310374975718,     247.6755146911191900,      -0.0003310374975718,       0.1046514450697036,      -0.0078176404991154,     247.6755146911191900,      -0.0078176404991154,       0.4952703719503569
       -0.1425453693861321,      -0.0023381094700686,     247.6809554279186614,      -0.0023381094700686,       0.1024270395588224,      -0.0087814647167915,     247.6809554279186614,      -0.0087814647167915,       0.4955661971604944
       -0.1391476461322780,       0.0031866096693761,     247.6872311279074097,       0.0031866096693761,       0.1043385225274957,      -0.0081333725694265,     247.6872311279074097,      -0.0081333725694265,       0.4931435120041837
       -0.1414983161906508,      -0.0056327246904213,     247.6930086744954167,      -0.0056327246904213,       0.1034530925288831,      -0.0077665102613902,     247.6930086744954167,      -0.0077665102613902,       0.4972127675017525
       -0.1417469211633878,      -0.0018484897203009,     247.6974048700383833,      -0.0018484897203009,       0.1022867715035564,      -0.0058330005112162,     247.6974048700383833,      -0.0058330005112162,       0.4940206250524709
       -0.1381078586557949,       0.0643052951171403,     247.7016140868208822,       0.0643052951171403,       0.1154469582326291,      -0.0000917833173366,     247.7016140868208822,      -0.0000917833173366,       0.4862005328448736
       -0.1414976709325567,       0.1099800918344970,     247.7036220219833353,       0.1099800918344970,       0.1060770613970629,      -0.0016347006083467,     247.7036220219833353,      -0.0016347006083467,       0.4951013933144316
       -0.1448906901978331,       0.0643827121494128,     247.7014810525145379,       0.0643827121494128,       0.0968442710342066,      -0.0010912595017087,     247.7014810525145379,      -0.0010912595017087,       0.5039512928003096
       -0.1412893273750906,      -0.0018411255510134,     247.6974072944735212,      -0.0018411255510134,       0.1101406896502887,       0.0063322793142661,     247.6974072944735212,       0.0063322793142661,       0.4960694646373063
       -0.1416007642759910,      -0.0056189774865220,     247.6930480084899671,      -0.0056189774865220,       0.1089888134416254,       0.0076270409091502,     247.6930480084899671,       0.0076270409091502,       0.4929051168084021
       -0.1440022466910293,       0.0032112608644978,     247.6872226518703428,       0.0032112608644978,       0.1081817303547907,       0.0081406670045769,     247.6872226518703428,       0.0081406670045769,       0.4970509203141101
       -0.1406573450142669,      -0.0023454627541969,     247.6809599040179819,      -0.0023454627541969,       0.1101421629596546,       0.0088382184188579,     247.6809599040179819,       0.0088382184188579,       0.4946448403235952
       -0.1437685031472555,      -0.0003297383339000,     247.6755357009517127,      -0.0003297383339000,       0.1079712522217323,       0.0077794279081901,     247.6755357009517127,       0.0077794279081901,       0.4949902961132397
       -0.1405668750778750,      -0.0010527659617050,     247.6704666708646982,      -0.0010527659617050,       0.1093867932128184,       0.0067332898902072,     247.6704666708646982,       0.0067332898902072,       0.4958406329772551
       -0.1430923145962912,      -0.0011105790254472,     247.6668941734932901,      -0.0011105790254472,       0.1071962448954997,       0.0049809290855321,     247.6668941734932901,       0.0049809290855321,       0.4941277382308366
       -0.1405577129518523,      -0.0009621625518612,     247.6642551430646222,      -0.0009621625518612,       0.1080711153659423,       0.0030640620104090,     247.6642551430646222,       0.0030640620104090,       0.4961685604663444
       -0.1427543732455787,      -0.0010695920349032,     247.6630720048870842,      -0.0010695920349032,       0.1060086647406074,       0.0010712890557300,     247.6630720048870842,       0.0010712890557300,       0.4940302336112757
       -0.1436203648265700,      -0.0016658154575179,     247.6597946266841461,      -0.0016658154575179,       0.1047239550852122,      -0.0016634247520866,     247.6597946266841461,      -0.0016634247520866,       0.4931667714274068
       -0.1395131452797240,      -0.0016876176016239,     247.6611100702878900,      -0.0016876176016239,       0.1066522505311722,      -0.0049882063551130,     247.6611100702878900,      -0.0049882063551130,       0.4970329350646624
       -0.1438392642296001,      -0.0017057131339866,     247.6635858086423241,      -0.0017057131339866,       0.1033140517131499,      -0.0081237054821337,     247.6635858086423241,      -0.0081237054821337,       0.4933899117230849
       -0.1388184394825002,      -0.0013551676147924,     247.6677814507083610,      -0.0013551676147924,       0.1056139792483616,      -0.0108133369218789,     247.6677814507083610,      -0.0108133369218789,       0.4960097202859335
       -0.1439443417784289,      -0.0021907865882353,     247.6726835751582598,      -0.0021907865882353,       0.1020840729341253,      -0.0130891982520981,     247.6726835751582598,      -0.0130891982520981,       0.4944901110174438
       -0.1379299280488944,       0.0006454280964901,     247.6794113069796310,       0.0006454280964901,       0.1049413120443946,      -0.0139017058071289,     247.6794113069796310,      -0.0139017058071289,       0.4932446516178107
       -0.1431763235068105,      -0.0043755302971534,     247.6859485794839770,      -0.0043755302971534,       0.1020540032949778,      -0.0142574171412174,     247.6859485794839770,      -0.0142574171412174,       0.4972408766617331
       -0.1394307394547986,       0.0045192624410311,     247.6926687176214728,       0.0045192624410311,       0.1038196608294164,      -0.0121062166995402,     247.6926687176214728,      -0.0121062166995402,       0.4904357107999004
       -0.1389192749605084,       0.0035195197367146,     247.6992485013940666,       0.0035195197367146,       0.1077815549510500,      -0.0088440062385614,     247.6992485013940666,      -0.0088440062385614,       0.4951453638542445
       -0.1453219043400974,      -0.0647661725749805,     247.7018164347003619,      -0.0647661725749805,       0.0889520147741864,      -0.0077835291443269,     247.7018164347003619,      -0.0077835291443269,       0.5092629950659914
       -0.1414901853828627,      -0.1125804501732412,     247.7017389406944403,      -0.1125804501732412,       0.1063333662523314,       0.0013898623129167,     247.7017389406944403,       0.0013898623129167,       0.4949229486574244
       -0.1376854509405950,      -0.0648148435976385,     247.7020526969605783,      -0.0648148435976385,       0.1235298474506154,       0.0087479709431159,     247.7020526969605783,       0.0087479709431159,       0.4807068341427528
       -0.1441381032509815,       0.0035633636198725,     247.6992611050885955,       0.0035633636198725,       0.1045735175139450,       0.0084111073695486,     247.6992611050885955,       0.0084111073695486,       0.4950113738709576
       -0.1436637418566382,       0.0045541589274628,     247.6926293938174126,       0.0045541589274628,       0.1086469078195477,       0.0122709639121996,     247.6926293938174126,       0.0122709639121996,       0.4997848098300179
       -0.1399932662178809,      -0.0043678148976787,     247.6859877892680402,      -0.0043678148976787,       0.1104322177074865,       0.0142548983267988,     247.6859877892680402,       0.0142548983267988,       0.4929769577655365
       -0.1452714789628381,       0.0006560221372486,     247.6794142365510254,       0.0006560221372486,       0.1076124079310050,       0.0138966974619756,     247.6794142365510254,       0.0138966974619756,       0.4970640236680660
       -0.1392881036788239,      -0.0022172442276591,     247.6726587269948539,      -0.0022172442276591,       0.1105005973516066,       0.0131458184073329,     247.6726587269948539,       0.0131458184073329,       0.4958236429367997
       -0.1444182670821036,      -0.0013778036996908,     247.6678209276765301,      -0.0013778036996908,       0.1070039647723197,       0.0108021865232899,     247.6678209276765301,       0.0108021865232899,       0.4943391806651372
       -0.1393914880021049,      -0.0017433066861276,     247.6635297552225836,      -0.0017433066861276,       0.1093215757077960,       0.0081634991534569,     247.6635297552225836,       0.0081634991534569,       0.4969648820054380
       -0.1437079748304287,      -0.0017067946372135,     247.6611641732852149,      -0.0017067946372135,       0.1059933952886848,       0.0049902407015984,     247.6611641732852149,       0.0049902407015984,       0.4933265605422067
       -0.1395929745687315,      -0.0016792335228184,     247.6597342988858657,      -0.0016792335228184,       0.1079265253618036,       0.0016815968912740,     247.6597342988858657,       0.0016815968912740,       0.4971942500900757
       -0.1385841993312837,      -0.0021959462292163,     247.6550989602553159,      -0.0021959462292163,       0.1079852105600606,      -0.0021927572966304,     247.6550989602553159,      -0.0021927572966304,       0.4982065048657776
       -0.1449455844651264,      -0.0023710237802902,     247.6563169134999214,      -0.0023710237802902,       0.1033149458323792,      -0.0066924854297586,     247.6563169134999214,      -0.0066924854297586,       0.4921663069596830
       -0.1382283004497930,      -0.0019673539632389,     247.6592681675755045,      -0.0019673539632389,       0.1068302170072415,      -0.0108021724306255,     247.6592681675755045,      -0.0108021724306255,       0.4970676902822997
       -0.1454094403892734,      -0.0027308603848227,     247.6630666086223016,      -0.0027308603848227,       0.1020630674758709,      -0.0147065874299247,     247.6630666086223016,      -0.0147065874299247,       0.4930623417000455
       -0.1371087693258471,      -0.0009256250674313,     247.6694428474275469,      -0.0009256250674313,       0.1057751406885987,      -0.0174029028930376,     247.6694428474275469,      -0.0174029028930376,       0.4939478522161120
       -0.1449765908996325,      -0.0036384744636382,     247.6760420217759417,      -0.0036384744636382,       0.1015149890285155,      -0.0193749305047359,     247.6760420217759417,      -0.0193749305047359,       0.4957421248669558
       -0.1372847259975517,       0.0022527336385633,     247.6845702829175195,       0.0022527336385633,       0.1045922535377481,      -0.0188685269004774,     247.6845702829175195,      -0.0188685269004774,       0.4892169203205647
       -0.1413345120063720,      -0.0041657142371176,     247.6929369142913799,      -0.0041657142371176,       0.1040031753853621,      -0.0169894490608188,     247.6929369142913799,      -0.0169894490608188,       0.4981918387227082
       -0.1435320139444192,      -0.0055298840020825,     247.6986699782252970,      -0.0055298840020825,       0.0990235797789940,      -0.0133093976054043,     247.6986699782252970,      -0.0133093976054043,       0.4938524813816210
       -0.1364008693306470,       0.0666018637466641,     247.7045669351871595,       0.0666018637466641,       0.1253350380129445,      -0.0044405636495223,     247.7045669351871595,      -0.0044405636495223,       0.4741217597135468
       -0.1414962903946233,       0.1181023945184841,     247.7082831328973214,       0.1181023945184841,       0.1059745987722957,      -0.0010330386716646,     247.7082831328973214,      -0.0010330386716646,       0.4952718997356750
       -0.1466109640689018,       0.0666905611169651,     247.7042526475092359,       0.0666905611169651,       0.0868756036804506,       0.0037998960499729,     247.7042526475092359,       0.0037998960499729,       0.5162639450472611
       -0.1395086774444142,      -0.0055110520564306,     247.6986903788825600,      -0.0055110520564306,       0.1134206044706851,       0.0136799431529833,     247.6986903788825600,       0.0136799431529833,       0.4963610458616328
       -0.1418086244439706,      -0.0041346022099304,     247.6930098670711402,      -0.0041346022099304,       0.1083892757861958,       0.0168610217677490,     247.6930098670711402,       0.0168610217677490,       0.4920677611110656
       -0.1458733042286628,       0.0022787776491251,     247.6845284925192914,       0.0022787776491251,       0.1078917627157911,       0.0189500835881824,     247.6845284925192914,       0.0189500835881824,       0.5011767277022049
       -0.1382473817508758,      -0.0036565626401306,     247.6760489262497060,      -0.0036565626401306,       0.1109740810164076,       0.0194055561825705,     247.6760489262497060,       0.0194055561825705,       0.4946290792375670
       -0.1461050661071135,      -0.0009508230272421,     247.6694641717055561,      -0.0009508230272421,       0.1067614914993974,       0.0174235436527666,     247.6694641717055561,       0.0174235436527666,       0.4965012661771357
       -0.1378058391395460,      -0.0027853072263135,     247.6630020032095842,      -0.0027853072263135,       0.1104805671250061,       0.0147543674036857,     247.6630020032095842,       0.0147543674036857,       0.4973707131860549
       -0.1449558510970013,      -0.0020121907539007,     247.6593290518180481,      -0.0020121907539007,       0.1057289360138692,       0.0108134872935344,     247.6593290518180481,       0.0108134872935344,       0.4933791090379274
       -0.1382188602917638,      -0.0024112822448427,     247.6562294328433609,      -0.0024112822448427,       0.1092459409667325,       0.0067243410190711,     247.6562294328433609,       0.0067243410190711,       0.4982696421356680
       -0.1445637049885123,      -0.0022061365527239,     247.6551803087882035,      -0.0022061365527239,       0.1045778792153987,       0.0022092910127420,     247.6551803087882035,       0.0022092910127420,       0.4922268810656391
       -0.1457061865753619,      -0.0027659390545386,     247.6492441920572674,      -0.0027659390545386,       0.1031406684362840,      -0.0027618383655609,     247.6492441920572674,      -0.0027618383655609,       0.4910888935421756
       -0.1376764848823940,      -0.0023122665232360,     247.6507056250450489,      -0.0023122665232360,       0.1082085158365221,      -0.0077858777762465,     247.6507056250450489,      -0.0077858777762465,       0.4983978135121273
       -0.1465691564345614,      -0.0033456456233148,     247.6530291325726409,      -0.0033456456233148,       0.1021547477159940,      -0.0130989147890192,     247.6530291325726409,      -0.0130989147890192,       0.4916691866250242
       -0.1368681037443255,      -0.0016718462063760,     247.6581902231377512,      -0.0016718462063760,       0.1069133645661204,      -0.0173905299203436,     247.6581902231377512,      -0.0173905299203436,       0.4949924871983499
       -0.1465851924825180,      -0.0039272671928660,     247.6638328626936243,      -0.0039272671928660,       0.1016685872955477,      -0.0213304570252392,     247.6638328626936243,      -0.0213304570252392,       0.4938891956344947
       -0.1362250883780309,       0.0000516602998280,     247.6729089604361889,       0.0000516602998280,       0.1051869370807118,      -0.0231551238198287,     247.6729089604361889,      -0.0231551238198287,       0.4892065309679995
       -0.1435031159699314,      -0.0041187180768296,     247.6822569007842105,      -0.0041187180768296,       0.1030751000379842,      -0.0233304047536596,     247.6822569007842105,      -0.0233304047536596,       0.4972192341962178
       -0.1405611184790977,       0.0011898560326722,     247.6915575424996234,       0.0011898560326722,       0.1019133467962009,      -0.0209959336578273,     247.6915575424996234,      -0.0209959336578273,       0.4871561904625355
       -0.1353467226451471,       0.0087998805966926,     247.7020774902421181,       0.0087998805966926,       0.1111689200434330,      -0.0149561864351458,     247.7020774902421181,      -0.0149561864351458,       0.4903289577828759
       -0.1440611202239415,      -0.0644408395350202,     247.7080360011980531,      -0.0644408395350202,       0.0841667267057121,      -0.0097533467952644,     247.7080360011980531,      -0.0097533467952644,       0.5181945709713218
       -0.1415188087690414,      -0.1198647916476822,     247.7076746010862394,      -0.1198647916476822,       0.1063801870854641,       0.0006240809115991,     247.7076746010862394,       0.0006240809115991,       0.4949039190810133
       -0.1389629137782757,      -0.0644721257331064,     247.7084377633225927,      -0.0644721257331064,       0.1283255708777910,       0.0100768894915563,     247.7084377633225927,       0.0100768894915563,       0.4718787295569310
       -0.1477695460343976,       0.0088613623554792,     247.7020534000478165,       0.0088613623554792,       0.1011143149268974,       0.0147603296033658,     247.7020534000478165,       0.0147603296033658,       0.5000754636949828
       -0.1425377334375189,       0.0012212102744831,     247.6914928995265086,       0.0012212102744831,       0.1105098004977944,       0.0211801745738100,     247.6914928995265086,       0.0211801745738100,       0.5033214318784957
       -0.1397281732921381,      -0.0041145870433419,     247.6823277664252601,      -0.0041145870433419,       0.1093012124838591,       0.0232986796830908,     247.6823277664252601,       0.0232986796830908,       0.4932386465950123
       -0.1469655797575254,       0.0000366249641338,     247.6728682984918066,       0.0000366249641338,       0.1072622311725253,       0.0232462955617251,     247.6728682984918066,       0.0232462955617251,       0.5013957553251639
       -0.1366451275000324,      -0.0039854443330122,     247.6638024127775282,      -0.0039854443330122,       0.1107585812359623,       0.0213622913521979,     247.6638024127775282,       0.0213622913521979,       0.4966590083502985
       -0.1462927241210594,      -0.0017368688949951,     247.6582161527039432,      -0.0017368688949951,       0.1055443390911872,       0.0174361678312755,     247.6582161527039432,       0.0174361678312755,       0.4956021208381444
       -0.1365696061093157,      -0.0034163917217918,     247.6529376068050965,      -0.0034163917217918,       0.1102893106808724,       0.0131364245624010,     247.6529376068050965,       0.0131364245624010,       0.4988781665443220
       -0.1454061867909765,      -0.0023603256476967,     247.6507781418208367,      -0.0023603256476967,       0.1042426694473565,       0.0078114813462858,     247.6507781418208367,       0.0078114813462858,       0.4921457938658287
       -0.1373596783358187,      -0.0027846892418318,     247.6491463752057598,      -0.0027846892418318,       0.1093054491854581,       0.0027887415336895,     247.6491463752057598,       0.0027887415336895,       0.4994356575731236
       -0.1376168617098778,      -0.0026309478498181,     247.6427459504932358,      -0.0026309478498181,       0.1091881682474171,      -0.0026277029072857,     247.6427459504932358,      -0.0026277029072857,       0.4991830135246614
       -0.1464267979936087,      -0.0035907684959049,     247.6437157888164506,      -0.0035907684959049,       0.1024317823282221,      -0.0087962149369428,     247.6437157888164506,      -0.0087962149369428,       0.4911045271407857
       -0.1377588031103489,      -0.0018498013614577,     247.6470503643283791,      -0.0018498013614577,       0.1079342015027149,      -0.0138705748551080,     247.6470503643283791,      -0.0138705748551080,       0.4959218235749149
       -0.1469268128695780,      -0.0044665970261262,     247.6509733890204927,      -0.0044665970261262,       0.1024065481860956,      -0.0193791985248030,     247.6509733890204927,      -0.0193791985248030,       0.4927371231808362
       -0.1372740929226069,      -0.0009849519834444,     247.6589419671316818,      -0.0009849519834444,       0.1057505566549298,      -0.0231447274876691,     247.6589419671316818,      -0.0231447274876691,       0.4895724255839979
       -0.1442169100979638,      -0.0042004194924710,     247.6679182366252974,      -0.0042004194924710,       0.1039360101996755,      -0.0257635094367657,     247.6679182366252974,      -0.0257635094367657,       0.4952301767730963
       -0.1399749024750888,      -0.0002060486959727,     247.6792038244108767,      -0.0002060486959727,       0.1021593025657506,      -0.0261746882005003,     247.6792038244108767,      -0.0261746882005003,       0.4845506901954418
       -0.1357745131567820,       0.0002164714990570,     247.6926325786970438,       0.0002164714990570,       0.1085694585865778,      -0.0226437071614776,     247.6926325786970438,      -0.0226437071614776,       0.4934197495404931
       -0.1481273067923912,      -0.0114421602647598,     247.7014482263995205,      -0.0114421602647598,       0.0964178329722535,      -0.0181145048012699,     247.7014482263995205,      -0.0181145048012699,       0.4965982577244176
       -0.1400503828181953,       0.0621076832578062,     247.7069816068640762,       0.0621076832578062,       0.1220866432805937,      -0.0100236988197291,     247.7069816068640762,      -0.0100236988197291,       0.4666554876476634
       -0.1414676845329132,       0.1233296325727045,     247.7126183261261190,       0.1233296325727045,       0.1059495585005682,      -0.0001523487433870,     247.7126183261261190,      -0.0001523487433870,       0.4955041342332246
       -0.1429997738491842,       0.0621718072162789,     247.7065590604695728,       0.0621718072162789,       0.0900692712863270,       0.0101020167991579,     247.7065590604695728,       0.0101020167991579,       0.5240695103514177
       -0.1349073924783737,      -0.0114310713600082,     247.7015350110489749,      -0.0114310713600082,       0.1159585873152284,       0.0182312137313544,     247.7015350110489749,       0.0182312137313544,       0.4938836626500783
       -0.1474689547552573,       0.0002552271362161,     247.6927083524206523,       0.0002552271362161,       0.1036851937433910,       0.0225976194125477,     247.6927083524206523,       0.0225976194125477,       0.4971828916456000
       -0.1431756045394025,      -0.0002067549270191,     247.6790975593998212,      -0.0002067549270191,       0.1102037913436210,       0.0263376344414101,     247.6790975593998212,       0.0263376344414101,       0.5062215476252400
       -0.1390634287640271,      -0.0042406174489899,     247.6679690235729367,      -0.0042406174489899,       0.1083538691033243,       0.0257540099564697,     247.6679690235729367,       0.0257540099564697,       0.4954707775878635
       -0.1458801022732272,      -0.0010530339840106,     247.6588760768960640,      -0.0010530339840106,       0.1065989173759739,       0.0232570441030325,     247.6588760768960640,       0.0232570441030325,       0.5012387560221798
       -0.1362361559215157,      -0.0045552014706147,     247.6509288515944434,      -0.0045552014706147,       0.1098964419239479,       0.0194018262512453,     247.6509288515944434,       0.0194018262512453,       0.4979689805589057
       -0.1452816545377825,      -0.0019349822560105,     247.6470549068276057,      -0.0019349822560105,       0.1043929052199452,       0.0139284228315988,     247.6470549068276057,       0.0139284228315988,       0.4947960603002496
       -0.1365852941288596,      -0.0036483063095010,     247.6436360524822646,      -0.0036483063095010,       0.1098726131398158,       0.0088238584702021,     247.6436360524822646,       0.0088238584702021,       0.4995416607257760
       -0.1453447237180702,      -0.0026558612069228,     247.6428052962179720,      -0.0026558612069228,       0.1031218429611380,       0.0026590691092724,     247.6428052962179720,       0.0026590691092724,       0.4914548695283084
       -0.1427939641864496,      -0.0031556093640179,     247.6358564204538482,      -0.0031556093640179,       0.1040137915552934,      -0.0031505395725896,     247.6358564204538482,      -0.0031505395725896,       0.4940108683387159
       -0.1414396947881133,      -0.0018941709439087,     247.6372903640030358,      -0.0018941709439087,       0.1073728371151194,      -0.0081094795969593,     247.6372903640030358,      -0.0081094795969593,       0.4944784531130827
       -0.1434482481943678,      -0.0044666951039953,     247.6395319909230750,      -0.0044666951039953,       0.1044603919797921,      -0.0142515085481296,     247.6395319909230750,      -0.0142515085481296,       0.4943914289440534
       -0.1425696093831195,      -0.0012039246124329,     247.6448769377524286,      -0.0012039246124329,       0.1051394304059241,      -0.0188520682815371,     247.6448769377524286,      -0.0188520682815371,       0.4888017618642638
       -0.1406003370903384,      -0.0044947584325623,     247.6524088301043776,      -0.0044947584325623,       0.1066323324371674,      -0.0233197242435864,     247.6524088301043776,      -0.0233197242435864,       0.4950107670151204
       -0.1453953597449955,      -0.0015173294836113,     247.6627691559647815,      -0.0015173294836113,       0.1009144359345998,      -0.0261717596070294,     247.6627691559647815,      -0.0261717596070294,       0.4831698852860306
       -0.1318005013055126,      -0.0009117915414163,     247.6775849882681939,      -0.0009117915414163,       0.1111178548021146,      -0.0255688024615266,     247.6775849882681939,      -0.0255688024615266,       0.4919892127922820
       -0.1528282895312017,      -0.0048148551412785,     247.6895180186504035,      -0.0048148551412785,       0.0963577837425249,      -0.0242393811865772,     247.6895180186504035,      -0.0242393811865772,       0.4882886850095730
       -0.1256584247724740,       0.0134100760782398,     247.7042086873029234,       0.0134100760782398,       0.1134291119360116,      -0.0180728780625478,     247.7042086873029234,      -0.0180728780625478,       0.4796614750624267
       -0.1372600844518737,      -0.0512181997822925,     247.7187539244824848,      -0.0512181997822925,       0.0990812475261261,      -0.0065787127106235,     247.7187539244824848,      -0.0065787127106235,       0.5158278749091068
       -0.1415943088607391,      -0.1188206194536054,     247.7190028922251201,      -0.1188206194536054,       0.1062470406107270,      -0.0001973031170116,     247.7190028922251201,      -0.0001973031170116,       0.4950101440102317
       -0.1457708317404318,      -0.0512053441323546,     247.7191687007750431,      -0.0512053441323546,       0.1132348899742709,       0.0063266945829655,     247.7191687007750431,       0.0063266945829655,       0.4745758963510328
       -0.1575664983351402,       0.0134686209588375,     247.7041133670931288,       0.0134686209588375,       0.0987299429061463,       0.0182389117487890,     247.7041133670931288,       0.0182389117487890,       0.5111736744408502
       -0.1302465814020972,      -0.0048156061244686,     247.6894521929246764,      -0.0048156061244686,       0.1159251236016255,       0.0243270883344566,     247.6894521929246764,       0.0243270883344566,       0.5025795701987457
       -0.1515519779778571,      -0.0009098785050449,     247.6777177323943704,      -0.0009098785050449,       0.1010288044929953,       0.0255649307227372,     247.6777177323943704,       0.0255649307227372,       0.4989096575760881
       -0.1377495550844666,      -0.0015722925973941,     247.6625588689778397,      -0.0015722925973941,       0.1113301550338957,       0.0263409336773461,     247.6625588689778397,       0.0263409336773461,       0.5078849077633116
       -0.1426485331936878,      -0.0045730111516831,     247.6525108757520286,      -0.0045730111516831,       0.1055122143569538,       0.0233100328668825,     247.6525108757520286,       0.0233100328668825,       0.4959055859476911
       -0.1404650644833392,      -0.0013070395619106,     247.6446928928219791,      -0.0013070395619106,       0.1070622378468581,       0.0189673723502952,     247.6446928928219791,       0.0189673723502952,       0.5021670570762420
       -0.1395753043871165,      -0.0045526419991968,     247.6395823913116487,      -0.0045526419991968,       0.1076850322544373,       0.0142615452086848,     247.6395823913116487,       0.0142615452086848,       0.4964236984526936
       -0.1414452053705818,      -0.0019668140763817,     247.6371793515038462,      -0.0019668140763817,       0.1047977368396989,       0.0081651222512607,     247.6371793515038462,       0.0081651222512607,       0.4963269677231974
       -0.1400735690763446,      -0.0031706126357692,     247.6359126352147371,      -0.0031706126357692,       0.1081391755928273,       0.0031756258389459,     247.6359126352147371,       0.0031756258389459,       0.4967315852934093
       -0.1527029603328863,      -0.0021880174020153,     247.6297472214520212,      -0.0021880174020153,       0.1014172208810199,      -0.0021860006617484,     247.6297472214520212,      -0.0021860006617484,       0.4841062165172872
       -0.1308953665960554,      -0.0033117771853561,     247.6309150276410094,      -0.0033117771853561,       0.1110094265282393,      -0.0076951290418288,     247.6309150276410094,      -0.0076951290418288,       0.5049847102962293
       -0.1568307742225691,      -0.0016072706816168,     247.6327292922236154,      -0.0016072706816168,       0.0997534322794521,      -0.0121416068748828,     247.6327292922236154,      -0.0121416068748828,       0.4812938674573470
       -0.1263111910623450,      -0.0035454958626408,     247.6392266335702459,      -0.0035454958626408,       0.1136130257851864,      -0.0169321754362158,     247.6392266335702459,      -0.0169321754362158,       0.5016765683288310
       -0.1634282950937231,      -0.0025472372105406,     247.6449607112709543,      -0.0025472372105406,       0.0956445993351782,      -0.0210162368460976,     247.6449607112709543,      -0.0210162368460976,       0.4791661377147595
       -0.1150791548591867,      -0.0006410104449421,     247.6605400737907416,      -0.0006410104449421,       0.1184154571810217,      -0.0226119140383543,     247.6605400737907416,      -0.0226119140383543,       0.4926194103653373
       -0.1714948044033400,      -0.0052545404777426,     247.6712722320208968,      -0.0052545404777426,       0.0908575310554239,      -0.0242480765685853,     247.6712722320208968,      -0.0242480765685853,       0.4848698735360602
       -0.1060385919100335,       0.0053011396101574,     247.6916789929235847,       0.0053011396101574,       0.1196401733809927,      -0.0211168180652876,     247.6916789929235847,      -0.0211168180652876,       0.4786648331299087
       -0.1657221471462023,      -0.0104790356575291,     247.7064299424982607,      -0.0104790356575291,       0.0992862446547326,      -0.0143186337995787,     247.7064299424982607,      -0.0143186337995787,       0.5005107915324671
       -0.1455108640998994,       0.0360434038183800,     247.7073622728101157,       0.0360434038183800,       0.0962656311671915,      -0.0144266137999182,     247.7073622728101157,      -0.0144266137999182,       0.4735588595990707
       -0.1413981388181648,       0.1148419610723201,     247.7140104272166070,       0.1148419610723201,       0.1060498040154858,       0.0004957430009946,     247.7140104272166070,       0.0004957430009946,       0.4956992419842809
       -0.1376148386133552,       0.0360402185715308,     247.7070767202397690,       0.0360402185715308,       0.1158743030385787,       0.0149045676165053,     247.7070767202397690,       0.0149045676165053,       0.5175521346126961
       -0.1172888601500892,      -0.0104692295215226,     247.7065504433721514,      -0.0104692295215226,       0.1128829040195086,       0.0141061214179796,     247.7065504433721514,       0.0141061214179796,       0.4903496708751017
       -0.1773577917000139,       0.0053440601036408,     247.6917408800424312,       0.0053440601036408,       0.0924069783674897,       0.0213095852423176,     247.6917408800424312,       0.0213095852423176,       0.5124696660037455
       -0.1116061003899544,      -0.0052989143610983,     247.6710168867274149,      -0.0052989143610983,       0.1212941205550599,       0.0243187059893359,     247.6710168867274149,       0.0243187059893359,       0.5063390320229562
       -0.1683007749602164,      -0.0006727837794869,     247.6608184016739642,      -0.0006727837794869,       0.0935770013213260,       0.0226300166705517,     247.6608184016739642,       0.0226300166705517,       0.4985630280970982
       -0.1196293631610201,      -0.0026439106409655,     247.6444918219411306,      -0.0026439106409655,       0.1164417457988235,       0.0211607534611683,     247.6444918219411306,       0.0211607534611683,       0.5120819607784708
       -0.1568061339569631,      -0.0036285819567900,     247.6395621792713371,      -0.0036285819567900,       0.0983697465142925,       0.0169192096763152,     247.6395621792713371,       0.0169192096763152,       0.4893698895823922
       -0.1260349981304528,      -0.0017071805241103,     247.6322511220282934,      -0.0017071805241103,       0.1122872002663650,       0.0122364225057043,     247.6322511220282934,       0.0122364225057043,       0.5097488009003948
       -0.1519493472761083,      -0.0033611016212522,     247.6312767568425670,      -0.0033611016212522,       0.1009848992482981,       0.0076989440046206,     247.6312767568425670,       0.0076989440046206,       0.4858960828703915
       -0.1300475592778505,      -0.0022226541402046,     247.6293326644857018,      -0.0022226541402046,       0.1105969483374923,       0.0022246376019765,     247.6293326644857018,       0.0022246376019765,       0.5067619182091305
       -0.0972269324001405,      -0.0013894577447424,     247.6247276270421480,      -0.0013894577447424,       0.1310830433613627,      -0.0013875118948386,     247.6247276270421480,      -0.0013875118948386,       0.5395857225206114
       -0.1909681025332711,      -0.0033466414146203,     247.6237882330885327,      -0.0033466414146203,       0.0804651033241053,      -0.0060552098160807,     247.6237882330885327,      -0.0060552098160807,       0.4513499074066193
