        0.4593162126106132,      -0.0001968867550013,    -112.6494785170810644,      -0.0001968867550013,      -0.0613454945944808,      -0.0001964845795558,    -112.6494785170810644,      -0.0001964845795558,       0.2254350041251765
        0.4593578360069817,      -0.0002322193808123,    -112.6487360232421793,      -0.0002322193808123,      -0.0617549560668195,      -0.0006151529984094,    -112.6487360232421793,      -0.0006151529984094,       0.2254728103752162
        0.4593951984379770,      -0.0001389765637464,    -112.6472799388544530,      -0.0001389765637464,      -0.0621195273735085,      -0.0009593507585663,    -112.6472799388544530,      -0.0009593507585663,       0.2254330589606190
        0.4595190296067496,      -0.0002735881594058,    -112.6451992901265697,      -0.0002735881594058,      -0.0623714639313023,      -0.0012795756445840,    -112.6451992901265697,      -0.0012795756445840,       0.2255398652443842
        0.4595147839095929,      -0.0000285504149883,    -112.6426116062444436,      -0.0000285504149883,      -0.0626704548992299,      -0.0014866593040002,    -112.6426116062444436,      -0.0014866593040002,       0.2253474625071968
        0.4597237444172074,      -0.0001707447145939,    -112.6397201436677733,      -0.0001707447145939,      -0.0625814616787301,      -0.0015183034936889,    -112.6397201436677591,      -0.0015183034936889,       0.2254887045555274
        0.4595832162967307,      -0.0003745978513564,    -112.6367885451108037,      -0.0003745978513564,      -0.0627999391228400,      -0.0016401438375421,    -112.6367885451108037,      -0.0016401438375421,       0.2254061120213912
        0.4597170919241248,       0.0015089230224090,    -112.6340588512859711,       0.0015089230224090,      -0.0622820137813070,      -0.0010734589762656,    -112.6340588512859853,      -0.0010734589762656,       0.2250590834785707
        0.4596455289010234,      -0.0026805311551814,    -112.6318647617745938,      -0.0026805311551814,      -0.0621472854143161,      -0.0010722321977734,    -112.6318647617746080,      -0.0010722321977734,       0.2257172166253741
        0.4590470396569091,      -0.0133965846131371,    -112.6305666237568062,      -0.0133965846131371,      -0.0630657937940921,      -0.0019518541871719,    -112.6305666237567920,      -0.0019518541871719,       0.2261856718834571
        0.4592367142114432,      -0.0189632142216121,    -112.6301283616193132,      -0.0189632142216120,      -0.0613023970338271,      -0.0002037352244199,    -112.6301283616193132,      -0.0002037352244199,       0.2252561242429228
        0.4594284775274813,      -0.0133958273671421,    -112.6305667328689566,      -0.0133958273671421,      -0.0595198092463698,       0.0017854046627152,    -112.6305667328689566,       0.0017854046627152,       0.2243321325661676
        0.4588304938443151,      -0.0026765720341978,    -112.6318642352442509,      -0.0026765720341978,      -0.0604074185706337,       0.0011259816768096,    -112.6318642352442509,       0.0011259816768096,       0.2248189072012256
        0.4587634030760735,       0.0015161951109365,    -112.6340625767689403,       0.0015161951109365,      -0.0602440247901618,       0.0010681711052253,    -112.6340625767689687,       0.0010681711052253,       0.2255156024823190
        0.4589068667354845,      -0.0003677986376541,    -112.6367942230329078,      -0.0003677986376541,      -0.0596880278188133,       0.0016322037324343,    -112.6367942230329078,       0.0016322037324343,       0.2252177139474432
        0.4587808015653231,      -0.0001659029717791,    -112.6397255286750152,      -0.0001659029717791,      -0.0598640268189707,       0.0015260905892487,    -112.6397255286750152,       0.0015260905892487,       0.2251853689333187
        0.4590082135091716,      -0.0000251409565906,    -112.6426187772259766,      -0.0000251409565906,      -0.0597350480901494,       0.0014831996707373,    -112.6426187772259766,       0.0014831996707373,       0.2253748319309096
        0.4590262610300517,      -0.0002724431296555,    -112.6452061571693264,      -0.0002724431296555,      -0.0599972371498730,       0.0012831153332507,    -112.6452061571693406,       0.0012831153332507,       0.2252248035968328
        0.4591707605203282,      -0.0001389440328050,    -112.6472856027842795,      -0.0001389440328050,      -0.0602205746244648,       0.0009596761402002,    -112.6472856027843079,       0.0009596761402002,       0.2253637632794309
        0.4592254386731938,      -0.0002327467242984,    -112.6487403012484947,      -0.0002327467242984,      -0.0605649116495339,       0.0006166357395376,    -112.6487403012485089,       0.0006166357395376,       0.2253464567022341
        0.4592763109522010,      -0.0001971125699398,    -112.6494796023569620,      -0.0001971125699398,      -0.0609643150014267,       0.0001975021413182,    -112.6494796023569762,       0.0001975021413182,       0.2253951115866187
        0.4593314790982322,      -0.0006140568376964,    -112.6503087043252549,      -0.0006140568376964,      -0.0613685894696088,      -0.0006127986333669,    -112.6503087043252549,      -0.0006127986333669,       0.2254509330072841
        0.4592789496196199,      -0.0005668599828568,    -112.6495502065923660,      -0.0005668599828568,      -0.0617677487708400,      -0.0017694308343425,    -112.6495502065923944,      -0.0017694308343425,       0.2253564894638225
        0.4594397104127569,      -0.0006390125584251,    -112.6480743546844252,      -0.0006390125584251,      -0.0620730129952655,      -0.0028659173310705,    -112.6480743546844110,      -0.0028659173310705,       0.2255436349079712
        0.4593059351549489,      -0.0004440426528044,    -112.6459102115060773,      -0.0004440426528044,      -0.0625511097743501,      -0.0037407832241071,    -112.6459102115060773,      -0.0037407832241071,       0.2251228016235240
        0.4597335824674396,      -0.0005570221694940,    -112.6432067292219017,      -0.0005570221694940,      -0.0624352887281132,      -0.0043577043806197,    -112.6432067292218875,      -0.0043577043806197,       0.2255875722037879
        0.4593590952467516,      -0.0002970729054675,    -112.6401473355940652,      -0.0002970729054675,      -0.0630785032771850,      -0.0046765454649648,    -112.6401473355940794,      -0.0046765454649648,       0.2250195193189353
        0.4599793596722007,       0.0002175133280435,    -112.6369415154812259,       0.0002175133280435,      -0.0622449281318456,      -0.0043325433163413,    -112.6369415154812259,      -0.0043325433163413,       0.2250303497826328
        0.4594971668308293,      -0.0015161269057798,    -112.6340433337789335,      -0.0015161269057798,      -0.0630013897983399,      -0.0040721884575878,    -112.6340433337789335,      -0.0040721884575878,       0.2259803121701880
        0.4593147995789182,       0.0027660034725783,    -112.6316787890242352,       0.0027660034725783,      -0.0622832664251060,      -0.0027600303489651,    -112.6316787890242352,      -0.0027600303489651,       0.2239458945301644
        0.4604314188670526,       0.0141976977788546,    -112.6297255292101909,       0.0141976977788546,      -0.0580580430709225,      -0.0001105327320868,    -112.6297255292101909,      -0.0001105327320868,       0.2223518859838050
        0.4592364788621700,       0.0202258870806654,    -112.6289949768272862,       0.0202258870806654,      -0.0612625673189931,       0.0001593762203142,    -112.6289949768272720,       0.0001593762203142,       0.2252132517138620
        0.4580379624741923,       0.0142093799400755,    -112.6297296256015699,       0.0142093799400755,      -0.0644946212392651,       0.0002275146881190,    -112.6297296256015699,       0.0002275146881190,       0.2280975949055301
        0.4591615422137696,       0.0027840090212281,    -112.6316880731111780,       0.0027840090212281,      -0.0602788039794737,       0.0027032950341073,    -112.6316880731111922,       0.0027032950341073,       0.2265589581368284
        0.4589848803488066,      -0.0014965726977460,    -112.6340447223009988,      -0.0014965726977460,      -0.0595218629448915,       0.0040741319526524,    -112.6340447223010131,       0.0040741319526524,       0.2245742542544943
        0.4585111041007375,       0.0002363126831136,    -112.6369433092458365,       0.0002363126831136,      -0.0602385684984759,       0.0043366357909963,    -112.6369433092458223,       0.0043366357909963,       0.2255782675309644
        0.4591467536233995,      -0.0002819181337216,    -112.6401556410751539,      -0.0002819181337216,      -0.0593651153924700,       0.0046723152653401,    -112.6401556410751539,       0.0046723152653401,       0.2256509364672040
        0.4587948118787829,      -0.0005485283420594,    -112.6432126821863591,      -0.0005485283420594,      -0.0599653434852507,       0.0043648800505820,    -112.6432126821863875,       0.0043648800505820,       0.2251392785186072
        0.4592452061392591,      -0.0004407166713011,    -112.6459181487567776,      -0.0004407166713011,      -0.0598154540530944,       0.0037424938954628,    -112.6459181487567776,       0.0037424938954628,       0.2256500319522099
        0.4591368038862308,      -0.0006397621215867,    -112.6480813902855687,      -0.0006397621215867,      -0.0602642251757200,       0.0028710020010795,    -112.6480813902855687,       0.0028710020010795,       0.2252663826436730
        0.4593156399557826,      -0.0005685988928543,    -112.6495542521931412,      -0.0005685988928543,      -0.0605509782540789,       0.0017725443682600,    -112.6495542521931412,       0.0017725443682600,       0.2254760233644561
        0.4592742658538955,      -0.0006150036244556,    -112.6503110605119389,      -0.0006150036244556,      -0.0609401359164052,       0.0006162236861984,    -112.6503110605119389,       0.0006162236861984,       0.2253937351353223
        0.4591390635379621,      -0.0009529141891014,    -112.6518963508281814,      -0.0009529141891014,      -0.0614215422948598,      -0.0009510399517260,    -112.6518963508281672,      -0.0009510399517260,       0.2252597409530322
        0.4594372905149487,      -0.0009923361267734,    -112.6511297459853438,      -0.0009923361267734,      -0.0616645985951333,      -0.0028531835998123,    -112.6511297459853438,      -0.0028531835998123,       0.2255607717661037
        0.4590217843439271,      -0.0008796050360654,    -112.6495857042962143,      -0.0008796050360654,      -0.0623073090441358,      -0.0045580898949450,    -112.6495857042962001,      -0.0045580898949450,       0.2249315680793786
        0.4596741478883025,      -0.0009461068438613,    -112.6473053910473965,      -0.0009461068438613,      -0.0621877124076628,      -0.0060113101557435,    -112.6473053910474107,      -0.0060113101557435,       0.2255693721162181
        0.4590166919628008,      -0.0006788259108683,    -112.6443774089623133,      -0.0006788259108683,      -0.0631099743379737,      -0.0070300845207069,    -112.6443774089622991,      -0.0070300845207069,       0.2245173170120049
        0.4601378031126873,      -0.0004848453033919,    -112.6409244348757852,      -0.0004848453033919,      -0.0622342455123016,      -0.0073904750223520,    -112.6409244348757852,      -0.0073904750223520,       0.2251309777917813
        0.4591676275371328,      -0.0007557374619666,    -112.6373981642878874,      -0.0007557374619666,      -0.0634820173717743,      -0.0073076631302028,    -112.6373981642878874,      -0.0073076631302028,       0.2251367164147762
        0.4599844897457540,       0.0015604184788365,    -112.6339299727571444,       0.0015604184788365,      -0.0619420232674086,      -0.0060302970955657,    -112.6339299727571301,      -0.0060302970955657,       0.2233055680976782
        0.4601876257896522,      -0.0019277679313228,    -112.6309534288212149,      -0.0019277679313228,      -0.0618857358463675,      -0.0045520563192416,    -112.6309534288212291,      -0.0045520563192416,       0.2265526756602246
        0.4581741809054866,      -0.0141449235123517,    -112.6297031765115548,      -0.0141449235123517,      -0.0671979054836355,      -0.0036439677355010,    -112.6297031765115406,      -0.0036439677355010,       0.2298124302388133
        0.4592410474897017,      -0.0208793064726770,    -112.6293998665194636,      -0.0208793064726770,      -0.0613309158634306,      -0.0001051393698717,    -112.6293998665194920,      -0.0001051393698717,       0.2252185282840905
        0.4603121651657250,      -0.0141320052705994,    -112.6296930520100261,      -0.0141320052705994,      -0.0554052251016509,       0.0035655111260687,    -112.6296930520100261,       0.0035655111260687,       0.2206176243109583
        0.4582891355749283,      -0.0019023282570742,    -112.6309385377432761,      -0.0019023282570742,      -0.0606532376825151,       0.0045738734141165,    -112.6309385377432761,       0.0045738734141165,       0.2238829842912505
        0.4584964821045927,       0.0015919351091844,    -112.6339333164121541,       0.0015919351091844,      -0.0605759708080319,       0.0060125533017400,    -112.6339333164121541,       0.0060125533017400,       0.2271967612251178
        0.4593256766533305,      -0.0007259232911649,    -112.6374036579813520,      -0.0007259232911649,      -0.0589963496773309,       0.0073041547823086,    -112.6374036579813804,       0.0073041547823086,       0.2254493205933927
        0.4583735690169124,      -0.0004630479436367,    -112.6409261435663467,      -0.0004630479436367,      -0.0601990206321683,       0.0073956487898681,    -112.6409261435663325,       0.0073956487898681,       0.2255310103315473
        0.4595183280453116,      -0.0006659790334435,    -112.6443881545929884,      -0.0006659790334435,      -0.0592866296250556,       0.0070330961088960,    -112.6443881545930026,       0.0070330961088960,       0.2262162079846487
        0.4588927670094586,      -0.0009431996120766,    -112.6473137140038716,      -0.0009431996120766,      -0.0601717827983471,       0.0060203513637312,    -112.6473137140038716,       0.0060203513637312,       0.2252232597750762
        0.4595720437702498,      -0.0008819710233255,    -112.6495941956394375,      -0.0008819710233255,      -0.0600276670126343,       0.0045637183269129,    -112.6495941956394375,       0.0045637183269129,       0.2259009936955320
        0.4591813283681450,      -0.0009965043681051,    -112.6511365684953887,      -0.0009965043681051,      -0.0606515022067044,       0.0028601319042618,    -112.6511365684953745,       0.0028601319042618,       0.2252996500940842
        0.4594916387625801,      -0.0009545920572039,    -112.6518974834771143,      -0.0009545920572039,      -0.0608864227444817,       0.0009564067955153,    -112.6518974834771143,       0.0009564067955153,       0.2256123206947603
        0.4597382890075729,      -0.0012644156119368,    -112.6541117561113339,      -0.0012644156119368,      -0.0610696886762210,      -0.0012618647642248,    -112.6541117561113197,      -0.0012618647642248,       0.2258606335943383
        0.4586368058736658,      -0.0012325950503816,    -112.6533326879722381,      -0.0012325950503816,      -0.0620805926703775,      -0.0037017506930962,    -112.6533326879722239,      -0.0037017506930962,       0.2246985772162295
        0.4597361607198212,      -0.0012706901361877,    -112.6517143227220430,      -0.0012706901361877,      -0.0617028464859082,      -0.0059761372877909,    -112.6517143227220572,      -0.0059761372877909,       0.2256636136919864
        0.4584535641558087,      -0.0011430612547473,    -112.6493006727941122,      -0.0011430612547473,      -0.0629996206785442,      -0.0078811316465621,    -112.6493006727941122,      -0.0078811316465621,       0.2240851272161790
        0.4602366704553512,      -0.0009747588829959,    -112.6459826161150346,      -0.0009747588829959,      -0.0619940134559629,      -0.0091936178508460,    -112.6459826161150062,      -0.0091936178508460,       0.2251284065069839
        0.4586058898778548,      -0.0009259676553198,    -112.6422007684056581,      -0.0009259676553198,      -0.0636314734164703,      -0.0098510643817608,    -112.6422007684056723,      -0.0098510643817608,       0.2240968935418855
        0.4605674085313288,       0.0002010786734017,    -112.6378975361274826,       0.0002010786734017,      -0.0619342197200261,      -0.0093815324504353,    -112.6378975361275110,      -0.0093815324504353,       0.2233955729946400
        0.4595314806627117,      -0.0014491808514611,    -112.6338741316682786,      -0.0014491808514611,      -0.0630883401691634,      -0.0082579856892401,    -112.6338741316682928,      -0.0082579856892401,       0.2262042785274727
        0.4588660685445964,       0.0018251005028575,    -112.6309040011304603,       0.0018251005028575,      -0.0631047477745760,      -0.0061988724666525,    -112.6309040011304461,      -0.0061988724666525,       0.2225531060717060
        0.4606140771662583,       0.0159653516141614,    -112.6279187264323127,       0.0159653516141614,      -0.0559182478077154,      -0.0024072560163141,    -112.6279187264322843,      -0.0024072560163141,       0.2179495586019117
        0.4592379868965029,       0.0240952697844704,    -112.6265850057297939,       0.0240952697844704,      -0.0612312669661226,      -0.0000126414242530,    -112.6265850057297655,      -0.0000126414242530,       0.2250904423038233
        0.4578593524867147,       0.0159852745499775,    -112.6279327539639041,       0.0159852745499775,      -0.0665954974156120,       0.0023508917735902,    -112.6279327539639041,       0.0023508917735902,       0.2322890546970614
        0.4596224497528670,       0.0018571264933403,    -112.6309159299094773,       0.0018571264933403,      -0.0594358968122616,       0.0061545793989966,    -112.6309159299094773,       0.0061545793989966,       0.2277991044304651
        0.4589567675359745,      -0.0014100421299287,    -112.6338621032813592,      -0.0014100421299287,      -0.0594082247395060,       0.0082514467018000,    -112.6338621032813592,       0.0082514467018000,       0.2242354948858911
        0.4579287023131520,       0.0002373005536279,    -112.6378952361896921,       0.0002373005536279,      -0.0605279783529794,       0.0093716776876230,    -112.6378952361897063,       0.0093716776876230,       0.2271456702020165
        0.4599125971923337,      -0.0008987639228969,    -112.6422111731592679,      -0.0008987639228969,      -0.0587939219895130,       0.0098549725358570,    -112.6422111731592821,       0.0098549725358570,       0.2265563156698305
        0.4583131944104042,      -0.0009620034664441,    -112.6459873615124110,      -0.0009620034664441,      -0.0603904708263383,       0.0092022384990652,    -112.6459873615123968,       0.0092022384990652,       0.2256164652516094
        0.4601311122247850,      -0.0011413526734344,    -112.6493161257084807,      -0.0011413526734344,      -0.0593568089877347,       0.0078904140674163,    -112.6493161257084950,       0.0078904140674163,       0.2267322983991086
        0.4588866491673661,      -0.0012771198134861,    -112.6517243430576514,      -0.0012771198134861,      -0.0606272148224847,       0.0059875089182961,    -112.6517243430576798,       0.0059875089182961,       0.2252052694716365
        0.4600133565434092,      -0.0012394958827524,    -112.6533416323687931,      -0.0012394958827524,      -0.0602358637040499,       0.0037098176437816,    -112.6533416323687646,       0.0037098176437816,       0.2261987952317601
        0.4589286937374252,      -0.0012675981425652,    -112.6541147125390978,      -0.0012675981425652,      -0.0612384520577504,       0.0012700687365792,    -112.6541147125390836,       0.0012700687365792,       0.2250510679417308
        0.4581421144425545,      -0.0014562174793028,    -112.6567727020325833,      -0.0014562174793028,      -0.0620884332021143,      -0.0014534706372982,    -112.6567727020325833,      -0.0014534706372982,       0.2242663960053622
        0.4601914463376962,      -0.0014409667198820,    -112.6559429344450081,      -0.0014409667198820,      -0.0609102240645529,      -0.0042841653075522,    -112.6559429344450223,      -0.0042841653075522,       0.2261935632302191
        0.4576515801160265,      -0.0015035535417075,    -112.6543605650310838,      -0.0015035535417075,      -0.0629374520491005,      -0.0069394786667121,    -112.6543605650310695,      -0.0069394786667121,       0.2236353520333570
        0.4604674884480366,      -0.0012778812278021,    -112.6515963106611764,      -0.0012778812278021,      -0.0613725791046949,      -0.0091297801821623,    -112.6515963106611764,      -0.0091297801821623,       0.2253090982410823
        0.4576498527020612,      -0.0014048041126361,    -112.6481697502835715,      -0.0014048041126361,      -0.0636354633562087,      -0.0107661603363979,    -112.6481697502835715,      -0.0107661603363979,       0.2232620441667255
        0.4610795955407690,      -0.0005442198369185,    -112.6435245742908222,      -0.0005442198369185,      -0.0616593384954714,      -0.0113894246609424,    -112.6435245742908080,      -0.0113894246609424,       0.2234038262558175
        0.4586026609472105,      -0.0011361600887053,    -112.6388153182659977,      -0.0011361600887053,      -0.0633646880708556,      -0.0110567275893636,    -112.6388153182660261,      -0.0110567275893636,       0.2246626626992930
        0.4600893418484212,       0.0009716764420145,    -112.6342040634826702,       0.0009716764420145,      -0.0625013231539333,      -0.0097127029129310,    -112.6342040634826702,      -0.0097127029129310,       0.2210320927830240
        0.4610200991304366,      -0.0000654640427850,    -112.6294905597108311,      -0.0000654640427850,      -0.0606702663485709,      -0.0067622655827252,    -112.6294905597108453,      -0.0067622655827252,       0.2250553824197288
        0.4593647307813493,      -0.0152817832807071,    -112.6274792595844190,      -0.0152817832807071,      -0.0664866841924553,      -0.0038585360619583,    -112.6274792595844190,      -0.0038585360619583,       0.2324581800816758
        0.4592582216235093,      -0.0247005429261830,    -112.6272930926616027,      -0.0247005429261830,      -0.0612974782190513,       0.0000650372422215,    -112.6272930926616027,       0.0000650372422215,       0.2251059698288216
        0.4591461010270579,      -0.0152602555494343,    -112.6274446373453912,      -0.0152602555494343,      -0.0560516684506793,       0.0039203911517089,    -112.6274446373453770,       0.0039203911517089,       0.2177349945195499
        0.4574682984156693,      -0.0000259271934333,    -112.6294636569940906,      -0.0000259271934333,      -0.0618136936758132,       0.0067263109552502,    -112.6294636569940906,       0.0067263109552502,       0.2251659433417529
        0.4584072625383032,       0.0010133730399577,    -112.6342094802642180,       0.0010133730399577,      -0.0599731827281209,       0.0096837304000374,    -112.6342094802642180,       0.0096837304000374,       0.2293200409502795
        0.4599063673682880,      -0.0010969022826594,    -112.6388086148317313,      -0.0010969022826594,      -0.0590742012370561,       0.0110538685300732,    -112.6388086148317171,       0.0110538685300732,       0.2258359765413672
        0.4574483518519737,      -0.0005173941780613,    -112.6435237127527529,      -0.0005173941780613,      -0.0607475589968851,       0.0113870376218038,    -112.6435237127527529,       0.0113870376218038,       0.2272296623128228
        0.4609172048952959,      -0.0013925429004308,    -112.6481887935665185,      -0.0013925429004308,      -0.0587428977305822,       0.0107791474245355,    -112.6481887935665043,       0.0107791474245355,       0.2274986002581706
        0.4581431860927871,      -0.0012808533722398,    -112.6516056115686553,      -0.0012808533722398,      -0.0609759695104532,       0.0091425441620749,    -112.6516056115686411,       0.0091425441620749,       0.2255405447195278
        0.4610035773696296,      -0.0015136649377780,    -112.6543820806713967,      -0.0015136649377780,      -0.0593942252607551,       0.0069525487677436,    -112.6543820806713825,       0.0069525487677436,       0.2272758053704703
        0.4584996047611304,      -0.0014518280389713,    -112.6559503861111011,      -0.0014518280389713,      -0.0614067780312416,       0.0042960155231056,    -112.6559503861111153,       0.0042960155231056,       0.2247511538859455
        0.4605683779698255,      -0.0014605072375572,    -112.6567803213044385,      -0.0014605072375572,      -0.0602236987494296,       0.0014631634882052,    -112.6567803213044243,       0.0014631634882052,       0.2266926611988997
        0.4612315175586183,      -0.0014803686316062,    -112.6595967009194794,      -0.0014803686316062,      -0.0598066929397876,      -0.0014775393899594,    -112.6595967009194936,      -0.0014775393899594,       0.2273576670839886
        0.4567536786304108,      -0.0016799918242510,    -112.6589055278486171,      -0.0016799918242510,      -0.0631566919081226,      -0.0045601629616864,    -112.6589055278486313,      -0.0045601629616864,       0.2229863475202112
        0.4610286366940324,      -0.0013059885843144,    -112.6569766707662552,      -0.0013059885843144,      -0.0603667418783522,      -0.0072431539360228,    -112.6569766707662694,      -0.0072431539360228,       0.2260476139828012
        0.4563636933583126,      -0.0018465309589090,    -112.6544833868230171,      -0.0018465309589090,      -0.0636922472735811,      -0.0097083364277537,    -112.6544833868230171,      -0.0097083364277537,       0.2226186951125917
        0.4615871971949730,      -0.0008430244558429,    -112.6501138294727440,      -0.0008430244558429,      -0.0609545087661878,      -0.0113032388373169,    -112.6501138294727298,      -0.0113032388373169,       0.2235155110939419
        0.4572614868607420,      -0.0015112876107909,    -112.6454951846022539,      -0.0015112876107909,      -0.0633651318591707,      -0.0120586197222890,    -112.6454951846022539,      -0.0120586197222890,       0.2234096922021388
        0.4611990270053957,      -0.0001629527559550,    -112.6398027896023422,      -0.0001629527559550,      -0.0621965712553998,      -0.0119055683937266,    -112.6398027896023422,      -0.0119055683937266,       0.2205538113815520
        0.4600918868946670,      -0.0003385931791616,    -112.6339420478121838,      -0.0003385931791616,      -0.0611297339307720,      -0.0097454303553094,    -112.6339420478121696,      -0.0097454303553094,       0.2248103118790743
        0.4585618250763908,      -0.0006495818322859,    -112.6302288490049364,      -0.0006495818322859,      -0.0638669878007121,      -0.0077858945316614,    -112.6302288490049506,      -0.0077858945316614,       0.2228131749489870
        0.4584253616534333,       0.0163870700513404,    -112.6269054747677103,       0.0163870700513404,      -0.0596516353630210,      -0.0047887258765564,    -112.6269054747677245,      -0.0047887258765564,       0.2154989651610642
        0.4592533276158944,       0.0274958006784291,    -112.6248554694848281,       0.0274958006784291,      -0.0612018865699345,      -0.0001970673257040,    -112.6248554694848423,      -0.0001970673257040,       0.2249300702724209
        0.4600919979639758,       0.0164032690994691,    -112.6269333391123268,       0.0164032690994691,      -0.0627800511813257,       0.0045621401782811,    -112.6269333391123268,       0.0045621401782811,       0.2344556796348789
        0.4599627153108009,      -0.0006190060477933,    -112.6302228070698277,      -0.0006190060477933,      -0.0585804350951820,       0.0077571823236941,    -112.6302228070698277,       0.0077571823236941,       0.2272926588501623
        0.4584189490500449,      -0.0002935032397983,    -112.6339075939559962,      -0.0002935032397983,      -0.0612918394409643,       0.0097169256193166,    -112.6339075939559962,       0.0097169256193166,       0.2254476625407043
        0.4573176780869263,      -0.0001262932577282,    -112.6398063891659120,      -0.0001262932577282,      -0.0602166083337792,       0.0118901063591059,    -112.6398063891659120,       0.0118901063591059,       0.2298841463201186
        0.4612892481093396,      -0.0014870112098002,    -112.6454993560902835,      -0.0014870112098002,      -0.0590218535980050,       0.0120660797606384,    -112.6454993560902977,       0.0120660797606384,       0.2272140360558738
        0.4569951711382557,      -0.0008350840371299,    -112.6501181152702884,      -0.0008350840371299,      -0.0614124542288766,       0.0113095167398381,    -112.6501181152702600,       0.0113095167398381,       0.2272524183978977
        0.4622788064421680,      -0.0018529375084099,    -112.6545179879157530,      -0.0018529375084099,      -0.0586564239665382,       0.0097278543076563,    -112.6545179879157530,       0.0097278543076563,       0.2282716653704525
        0.4576615873419531,      -0.0013206572493835,    -112.6569835835934015,      -0.0013206572493835,      -0.0619653149895137,       0.0072565944994832,    -112.6569835835933731,       0.0072565944994832,       0.2249079668882993
        0.4619825305221621,      -0.0016937605419512,    -112.6589354646456940,      -0.0016937605419512,      -0.0591673924386573,       0.0045742863146014,    -112.6589354646457082,       0.0045742863146014,       0.2280113215016480
        0.4575267919496389,      -0.0014857628158720,    -112.6595885872312692,      -0.0014857628158720,      -0.0625120974374720,       0.0014884954870629,    -112.6595885872312692,       0.0014884954870629,       0.2236529744847893
        0.4563166082417948,      -0.0015823988590649,    -112.6624612544228938,      -0.0015823988590649,      -0.0635736817549115,      -0.0015793084823576,    -112.6624612544229080,      -0.0015793084823576,       0.2224447956948724
        0.4616674906296422,      -0.0011144210418296,    -112.6614824455473212,      -0.0011144210418296,      -0.0592868912879767,      -0.0041985872217645,    -112.6614824455473212,      -0.0041985872217645,       0.2272134551405017
        0.4554591556136768,      -0.0020909164842470,    -112.6601298252627998,      -0.0020909164842470,      -0.0637967233800367,      -0.0071064082020203,    -112.6601298252627856,      -0.0071064082020203,       0.2222294576166683
        0.4617332578378312,      -0.0006966009132152,    -112.6566018832106266,      -0.0006966009132152,      -0.0601286426183151,      -0.0091775245581144,    -112.6566018832106266,      -0.0091775245581144,       0.2239696881006457
        0.4560811620102400,      -0.0020445016621130,    -112.6528740812174334,      -0.0020445016621130,      -0.0631389752464867,      -0.0108912490032016,    -112.6528740812174618,      -0.0108912490032016,       0.2228846549848988
        0.4615376702630238,      -0.0005509946740733,    -112.6469747397333094,      -0.0005509946740733,      -0.0618035806379607,      -0.0118127096211234,    -112.6469747397332952,      -0.0118127096211234,       0.2201297815838674
        0.4591584621962561,      -0.0004186648554512,    -112.6407214503113181,      -0.0004186648554512,      -0.0607096886098758,      -0.0108168461892823,    -112.6407214503113039,      -0.0108168461892823,       0.2236281236587274
        0.4591655113228146,      -0.0011304825751243,    -112.6351546145546081,      -0.0011304825751243,      -0.0642121432264729,      -0.0103120467550423,    -112.6351546145546081,      -0.0103120467550423,       0.2201885763817753
        0.4618088553087261,       0.0024520575225898,    -112.6291116057925166,       0.0024520575225898,      -0.0594965202589761,      -0.0070967106990900,    -112.6291116057925166,      -0.0070967106990900,       0.2213674931149918
        0.4629160464068935,      -0.0140332142647476,    -112.6247609998066679,      -0.0140332142647476,      -0.0590892034767262,      -0.0020852016543309,    -112.6247609998066821,      -0.0020852016543309,       0.2307561818252984
        0.4592875788254290,      -0.0260740078209432,    -112.6246551447534330,      -0.0260740078209432,      -0.0611831365578498,       0.0001804306831074,    -112.6246551447534472,       0.0001804306831074,       0.2249424432859487
        0.4556241869016578,      -0.0140050400685155,    -112.6247069831147485,      -0.0140050400685155,      -0.0632802113126513,       0.0022298298139337,    -112.6247069831147485,       0.0022298298139337,       0.2191128703333656
        0.4567285219429726,       0.0024880811683967,    -112.6290940852829578,       0.0024880811683967,      -0.0628714185560654,       0.0070258683504200,    -112.6290940852829578,       0.0070258683504200,       0.2286106099459471
        0.4593688893192794,      -0.0010999933610039,    -112.6351527287295227,      -0.0010999933610039,      -0.0581693737817612,       0.0102847843019023,    -112.6351527287295227,       0.0102847843019023,       0.2299695933111579
        0.4593849014548081,      -0.0003846881426439,    -112.6406870635510558,      -0.0003846881426439,      -0.0616575957343746,       0.0107993701076366,    -112.6406870635510700,       0.0107993701076366,       0.2267579640490761
        0.4570175621208347,      -0.0005307192812856,    -112.6469891973421511,      -0.0005307192812856,      -0.0605688930715432,       0.0118145120677429,    -112.6469891973421511,       0.0118145120677429,       0.2304670999797268
        0.4625383400943116,      -0.0020424522183525,    -112.6528947898281672,      -0.0020424522183525,      -0.0592163669881595,       0.0109070249437588,    -112.6528947898281672,       0.0109070249437588,       0.2279081018389468
        0.4569271726943606,      -0.0007053366871515,    -112.6566109039874135,      -0.0007053366871515,      -0.0622210891452790,       0.0091877690293164,    -112.6566109039874135,       0.0091877690293164,       0.2269444149281255
        0.4632763529279155,      -0.0021086843279204,    -112.6601816817024257,      -0.0021086843279204,      -0.0585414871458837,       0.0071280773590744,    -112.6601816817024400,       0.0071280773590744,       0.2287827506046426
        0.4571082653154618,      -0.0011291534739077,    -112.6614745581400996,      -0.0011291534739077,      -0.0630458215248990,       0.0042087626802861,    -112.6614745581401138,       0.0042087626802861,       0.2238299871584543
        0.4624913829242347,      -0.0015889761924625,    -112.6624982819700165,      -0.0015889761924625,      -0.0587556220832416,       0.0015919666642846,    -112.6624982819700165,       0.0015919666642846,       0.2286196168535458
        0.4603171550265214,      -0.0010258152877462,    -112.6648755021535351,      -0.0010258152877462,      -0.0597943499676787,      -0.0010243565828598,    -112.6648755021535351,      -0.0010243565828598,       0.2264465879685173
        0.4574289861549035,      -0.0019209297110261,    -112.6642853852413992,      -0.0019209297110261,      -0.0626289044859937,      -0.0039194707863547,    -112.6642853852414135,      -0.0039194707863547,       0.2238862995079640
        0.4593400753003382,      -0.0003382062344325,    -112.6621478588904921,      -0.0003382062344325,      -0.0607227357807591,      -0.0058249587577524,    -112.6621478588904779,      -0.0058249587577524,       0.2233383689063760
        0.4578950638589684,      -0.0022905431221948,    -112.6594381138253169,      -0.0022905431221948,      -0.0615701629744215,      -0.0080257429269176,    -112.6594381138253169,      -0.0080257429269176,       0.2241980838027438
        0.4584303326849338,      -0.0004302130603320,    -112.6546406394025013,      -0.0004302130603320,      -0.0626821683746794,      -0.0094928936204679,    -112.6546406394025013,      -0.0094928936204679,       0.2192274908124843
        0.4612051913811255,      -0.0008116824506081,    -112.6485127385390967,      -0.0008116824506081,      -0.0589575195174935,      -0.0096075084129901,    -112.6485127385390825,      -0.0096075084129901,       0.2235862046047005
        0.4565609300680192,      -0.0016915694461967,    -112.6423434768361602,      -0.0016915694461967,      -0.0653233551512335,      -0.0102350621155349,    -112.6423434768361602,      -0.0102350621155349,       0.2187819600158903
        0.4646073629454939,       0.0017497842271429,    -112.6350058576314837,       0.0017497842271429,      -0.0568292498852842,      -0.0079775563058090,    -112.6350058576314837,      -0.0079775563058090,       0.2209797008057402
        0.4567638175510928,      -0.0024350112598979,    -112.6293349093576097,      -0.0024350112598979,      -0.0631531692519688,      -0.0057629997662089,    -112.6293349093576097,      -0.0057629997662089,       0.2239001009062840
        0.4553773178768070,       0.0118149972606140,    -112.6280742295296449,       0.0118149972606140,      -0.0682314675794236,      -0.0057405665506514,    -112.6280742295296591,      -0.0057405665506514,       0.2184687646485611
        0.4592828876947683,       0.0254102237292966,    -112.6252386956170568,       0.0254102237292966,      -0.0611699793303183,      -0.0002419789235625,    -112.6252386956170426,      -0.0002419789235625,       0.2248012595616373
        0.4632470647346825,       0.0118116724366308,    -112.6280949009255465,       0.0118116724366308,      -0.0540749380214381,       0.0054845833198521,    -112.6280949009255750,       0.0054845833198521,       0.2312422418718282
        0.4617902668748242,      -0.0024092139595340,    -112.6292845150305482,      -0.0024092139595340,      -0.0591536908365674,       0.0057392808312440,    -112.6292845150305482,       0.0057392808312440,       0.2259411804818498
        0.4539580541726507,       0.0017825261908440,    -112.6349795831202840,       0.0017825261908440,      -0.0654810460581672,       0.0079452563575395,    -112.6349795831202840,       0.0079452563575395,       0.2291119578997363
        0.4619931728397962,      -0.0016710458995118,    -112.6423506160398489,      -0.0016710458995118,      -0.0570219720034741,       0.0102300045795101,    -112.6423506160398347,       0.0102300045795101,       0.2315423807992039
        0.4573862037056858,      -0.0007985475410470,    -112.6484881177207598,      -0.0007985475410470,      -0.0633822022469420,       0.0095986480709300,    -112.6484881177207598,       0.0095986480709300,       0.2269992586179559
        0.4601907133717040,      -0.0004265787878143,    -112.6546745047189688,      -0.0004265787878143,      -0.0596766225335615,       0.0095078284226421,    -112.6546745047189688,       0.0095078284226420,       0.2315664138154244
        0.4608125512978142,      -0.0023056939932034,    -112.6594748113199813,      -0.0023056939932034,      -0.0607744236392311,       0.0080432129730562,    -112.6594748113199813,       0.0080432129730562,       0.2267614296200538
        0.4594149141506977,      -0.0003523574902776,    -112.6621561758124273,      -0.0003523574902776,      -0.0616284368425162,       0.0058333108175442,    -112.6621561758124273,       0.0058333108175442,       0.2277023660049429
        0.4613952381374216,      -0.0019368199253755,    -112.6643466885633842,      -0.0019368199253755,      -0.0597120652317953,       0.0039379093664603,    -112.6643466885633842,       0.0039379093664603,       0.2272137512006227
        0.4585316985220371,      -0.0010310593634092,    -112.6648428627395759,      -0.0010310593634092,      -0.0625477428744981,       0.0010324541071338,    -112.6648428627395759,       0.0010324541071338,       0.2246610819571462
        0.4703253745570925,      -0.0010467082575665,    -112.6667646796636149,      -0.0010467082575665,      -0.0538683817532385,      -0.0010442944552519,    -112.6667646796636149,      -0.0010442944552519,       0.2364559051448258
        0.4464695764221160,      -0.0006169815330496,    -112.6665346635876688,      -0.0006169815330496,      -0.0689457582464142,      -0.0026205756858820,    -112.6665346635876546,      -0.0026205756858820,       0.2132537262944960
