        0.0000045011036868,      -0.0030003762347184,      -0.0000000052963210,      -0.0030003762347184,       0.0000045011036865,      -0.0000000052963212,      -0.0000000052963210,      -0.0000000052963212,      -0.0000052956359764
        0.0000045055154260,      -0.0030003561054381,      -0.0000000062756315,      -0.0030003561054381,       0.0000045055669894,      -0.0000000165304700,      -0.0000000062756315,      -0.0000000165304700,      -0.0000053066143247
        0.0000045101043996,      -0.0030003166815576,      -0.0000000038070412,      -0.0030003166815576,       0.0000045079410171,      -0.0000000257527855,      -0.0000000038070412,      -0.0000000257527855,      -0.0000053158605858
        0.0000045145494427,      -0.0030002603454252,      -0.0000000074508679,      -0.0030002603454252,       0.0000045122332986,      -0.0000000343512418,      -0.0000000074508679,      -0.0000000343512418,      -0.0000053245524121
        0.0000045189541320,      -0.0030001903174032,      -0.0000000009118519,      -0.0030001903174032,       0.0000045108796941,      -0.0000000398860863,      -0.0000000009118519,      -0.0000000398860863,      -0.0000053306272965
        0.0000045222059979,      -0.0030001120573005,      -0.0000000047395094,      -0.0030001120573005,       0.0000045122935256,      -0.0000000407353078,      -0.0000000047395094,      -0.0000000407353078,      -0.0000053321420506
        0.0000045217436250,      -0.0030000327358790,      -0.0000000102271048,      -0.0030000327358790,       0.0000045140579678,      -0.0000000440286450,      -0.0000000102271048,      -0.0000000440286450,      -0.0000053360739573
        0.0000045235617476,      -0.0029999588895772,       0.0000000403310629,      -0.0029999588895772,       0.0000045002793848,      -0.0000000286808662,       0.0000000403310629,      -0.0000000286808662,      -0.0000053218535655
        0.0000045151746085,      -0.0029998995325546,      -0.0000000720188435,      -0.0029998995325546,       0.0000045160353567,      -0.0000000289071056,      -0.0000000720188435,      -0.0000000289071056,      -0.0000053242753545
        0.0000045050948827,      -0.0029998644269618,      -0.0000003594925125,      -0.0029998644269618,       0.0000045410957481,      -0.0000000531752598,      -0.0000003594925125,      -0.0000000531752598,      -0.0000053460194971
        0.0000045017234779,      -0.0029998526183664,      -0.0000005086768311,      -0.0029998526183664,       0.0000045008988900,      -0.0000000066296941,      -0.0000005086768311,      -0.0000000066296941,      -0.0000052956877188
        0.0000044981088299,      -0.0029998645334065,      -0.0000003591999275,      -0.0029998645334065,       0.0000044605608388,       0.0000000470893592,      -0.0000003591999275,       0.0000000470893592,      -0.0000052448746372
        0.0000044873145684,      -0.0029998996694847,      -0.0000000716855006,      -0.0029998996694847,       0.0000044854293647,       0.0000000300702776,      -0.0000000716855006,       0.0000000300702776,      -0.0000052656365973
        0.0000044779415802,      -0.0029999591740199,       0.0000000408163640,      -0.0029999591740199,       0.0000045010598172,       0.0000000287774022,       0.0000000408163640,       0.0000000287774022,      -0.0000052668936645
        0.0000044786562223,      -0.0030000331152009,      -0.0000000096861101,      -0.0030000331152009,       0.0000044870249195,       0.0000000437644177,      -0.0000000096861101,       0.0000000437644177,      -0.0000052511931659
        0.0000044772223217,      -0.0030001124484338,      -0.0000000042917922,      -0.0030001124484338,       0.0000044883527027,       0.0000000409424522,      -0.0000000042917922,       0.0000000409424522,      -0.0000052535551121
        0.0000044797331786,      -0.0030001907268607,      -0.0000000005289994,      -0.0030001907268607,       0.0000044892261676,       0.0000000397909729,      -0.0000000005289994,       0.0000000397909729,      -0.0000052536189568
        0.0000044837176985,      -0.0030002607399836,      -0.0000000071970182,      -0.0030002607399836,       0.0000044872469090,       0.0000000344019160,      -0.0000000071970182,       0.0000000344019160,      -0.0000052584454884
        0.0000044879895383,      -0.0030003169792825,      -0.0000000036493126,      -0.0030003169792825,       0.0000044909296195,       0.0000000257316069,      -0.0000000036493126,       0.0000000257316069,      -0.0000052661901693
        0.0000044925719722,      -0.0030003563233698,      -0.0000000061978989,      -0.0030003563233698,       0.0000044928214037,       0.0000000165162021,      -0.0000000061978989,       0.0000000165162021,      -0.0000052748078114
        0.0000044970135293,      -0.0030003762926401,      -0.0000000052737457,      -0.0030003762926401,       0.0000044970135321,       0.0000000052737453,      -0.0000000052737457,       0.0000000052737453,      -0.0000052854760587
        0.0000045055669889,      -0.0030003561054380,      -0.0000000165304699,      -0.0030003561054380,       0.0000045055154257,      -0.0000000062756315,      -0.0000000165304699,      -0.0000000062756315,      -0.0000053066143244
        0.0000045174503374,      -0.0030003367762428,      -0.0000000152891824,      -0.0030003367762428,       0.0000045174503369,      -0.0000000152891825,      -0.0000000152891824,      -0.0000000152891825,      -0.0000053367303275
        0.0000045309956140,      -0.0030002996534367,      -0.0000000172448092,      -0.0030002996534367,       0.0000045284083240,      -0.0000000268484577,      -0.0000000172448092,      -0.0000000268484577,      -0.0000053653381059
        0.0000045440306030,      -0.0030002455785376,      -0.0000000120060901,      -0.0030002455785376,       0.0000045333557811,      -0.0000000335328618,      -0.0000000120060901,      -0.0000000335328618,      -0.0000053885571790
        0.0000045560564279,      -0.0030001790112488,      -0.0000000149669319,      -0.0030001790112488,       0.0000045387560383,      -0.0000000394281908,      -0.0000000149669319,      -0.0000000394281908,      -0.0000054048713198
        0.0000045636272109,      -0.0030001042772251,      -0.0000000080384552,      -0.0030001042772251,       0.0000045366440292,      -0.0000000463638852,      -0.0000000080384552,      -0.0000000463638852,      -0.0000054139462625
        0.0000045673900271,      -0.0030000267898837,       0.0000000059242617,      -0.0030000267898837,       0.0000045301891066,      -0.0000000309529088,       0.0000000059242617,      -0.0000000309529088,      -0.0000054055317438
        0.0000045575308570,      -0.0029999581256399,      -0.0000000405880336,      -0.0029999581256399,       0.0000045353074221,      -0.0000000534938253,      -0.0000000405880336,      -0.0000000534938253,      -0.0000053996380837
        0.0000045489374216,      -0.0029999011092617,       0.0000000739553154,      -0.0029999011092617,       0.0000045103321201,      -0.0000000178625881,       0.0000000739553154,      -0.0000000178625881,      -0.0000053651037319
        0.0000045313545508,      -0.0029998532912766,       0.0000003805305291,      -0.0029998532912766,       0.0000044769455478,       0.0000000946055762,       0.0000003805305291,       0.0000000946055762,      -0.0000052980765261
        0.0000045015380166,      -0.0029998360641631,       0.0000005420257360,      -0.0029998360641631,       0.0000045005902540,       0.0000000070521643,       0.0000005420257360,       0.0000000070521643,      -0.0000052949278864
        0.0000044714734211,      -0.0029998536239976,       0.0000003805399411,      -0.0029998536239976,       0.0000045245270017,      -0.0000000882924386,       0.0000003805399411,      -0.0000000882924386,      -0.0000052920788617
        0.0000044532992667,      -0.0029999017709267,       0.0000000744983408,      -0.0029999017709267,       0.0000044913620658,       0.0000000164449007,       0.0000000744983408,       0.0000000164449007,      -0.0000052247673188
        0.0000044437594183,      -0.0029999589746268,      -0.0000000400988733,      -0.0029999589746268,       0.0000044661148120,       0.0000000534170172,      -0.0000000400988733,       0.0000000534170172,      -0.0000051888843586
        0.0000044329566286,      -0.0030000278247280,       0.0000000063415552,      -0.0030000278247280,       0.0000044708541809,       0.0000000312497316,       0.0000000063415552,       0.0000000312497316,      -0.0000051815926018
        0.0000044358090050,      -0.0030001054620034,      -0.0000000075401175,      -0.0030001054620034,       0.0000044639879258,       0.0000000461723107,      -0.0000000075401175,       0.0000000461723107,      -0.0000051717517189
        0.0000044427663458,      -0.0030001802169588,      -0.0000000146680634,      -0.0030001802169588,       0.0000044612756238,       0.0000000395732281,      -0.0000000146680634,       0.0000000395732281,      -0.0000051794198981
        0.0000044544091915,      -0.0030002466746608,      -0.0000000117603155,      -0.0030002466746608,       0.0000044660504226,       0.0000000334783043,      -0.0000000117603155,       0.0000000334783043,      -0.0000051945947596
        0.0000044673385325,      -0.0030003005684008,      -0.0000000171248367,      -0.0030003005684008,       0.0000044704081488,       0.0000000268376169,      -0.0000000171248367,       0.0000000268376169,      -0.0000052169333552
        0.0000044808896359,      -0.0030003373485569,      -0.0000000152253295,      -0.0030003373485569,       0.0000044808896376,       0.0000000152253291,      -0.0000000152253295,       0.0000000152253291,      -0.0000052449710113
        0.0000044928214021,      -0.0030003563233701,      -0.0000000165162022,      -0.0030003563233701,       0.0000044925719740,       0.0000000061978989,      -0.0000000165162022,       0.0000000061978989,      -0.0000052748078103
        0.0000045079410171,      -0.0030003166815576,      -0.0000000257527852,      -0.0030003166815576,       0.0000045101043994,      -0.0000000038070411,      -0.0000000257527852,      -0.0000000038070411,      -0.0000053158605858
        0.0000045284083242,      -0.0030002996534365,      -0.0000000268484578,      -0.0030002996534365,       0.0000045309956138,      -0.0000000172448091,      -0.0000000268484578,      -0.0000000172448091,      -0.0000053653381064
        0.0000045474291837,      -0.0030002656291631,      -0.0000000237902511,      -0.0030002656291631,       0.0000045474291839,      -0.0000000237902512,      -0.0000000237902511,      -0.0000000237902512,      -0.0000054099845984
        0.0000045691061618,      -0.0030002176224975,      -0.0000000254700534,      -0.0030002176224975,       0.0000045608052216,      -0.0000000344742821,      -0.0000000254700534,      -0.0000000344742821,      -0.0000054476553759
        0.0000045867399086,      -0.0030001564993618,      -0.0000000182715255,      -0.0030001564993618,       0.0000045641404968,      -0.0000000410876172,      -0.0000000182715255,      -0.0000000410876172,      -0.0000054747029635
        0.0000046004641320,      -0.0030000876885323,      -0.0000000127023413,      -0.0030000876885323,       0.0000045648520680,      -0.0000000357910704,      -0.0000000127023413,      -0.0000000357910704,      -0.0000054836875313
        0.0000046007967399,      -0.0030000194612711,      -0.0000000201263896,      -0.0030000194612711,       0.0000045606390688,      -0.0000000576850654,      -0.0000000201263896,      -0.0000000576850654,      -0.0000054820221804
        0.0000045969616840,      -0.0029999506356864,       0.0000000419713932,      -0.0029999506356864,       0.0000045401948112,      -0.0000000096264832,       0.0000000419713932,      -0.0000000096264832,      -0.0000054492803971
        0.0000045671360333,      -0.0029998996098457,      -0.0000000507512604,      -0.0029998996098457,       0.0000045405798780,      -0.0000000335486593,      -0.0000000507512604,      -0.0000000335486593,      -0.0000054108611774
        0.0000045323345165,      -0.0029998854146673,      -0.0000003780487328,      -0.0029998854146673,       0.0000045409464143,      -0.0000001779047157,      -0.0000003780487328,      -0.0000001779047157,      -0.0000053867404221
        0.0000045011776428,      -0.0029998814583314,      -0.0000005585326135,      -0.0029998814583314,       0.0000045012811444,      -0.0000000078837605,      -0.0000005585326135,      -0.0000000078837605,      -0.0000052956086868
        0.0000044698641976,      -0.0029998858128108,      -0.0000003776580201,      -0.0029998858128108,       0.0000044611924377,       0.0000001710212315,      -0.0000003776580201,       0.0000001710212315,      -0.0000052034246703
        0.0000044344939607,      -0.0029999005024595,      -0.0000000506972798,      -0.0029999005024595,       0.0000044610273521,       0.0000000352692562,      -0.0000000506972798,       0.0000000352692562,      -0.0000051779850784
        0.0000044040445613,      -0.0029999520167974,       0.0000000423815302,      -0.0029999520167974,       0.0000044612249012,       0.0000000096199628,       0.0000000423815302,       0.0000000096199628,      -0.0000051388857037
        0.0000043993708332,      -0.0030000211471445,      -0.0000000195897296,      -0.0030000211471445,       0.0000044404581928,       0.0000000574233082,      -0.0000000195897296,       0.0000000574233082,      -0.0000051049072175
        0.0000043990808398,      -0.0030000895441635,      -0.0000000124446897,      -0.0030000895441635,       0.0000044356540861,       0.0000000360799806,      -0.0000000124446897,       0.0000000360799806,      -0.0000051019153653
        0.0000044122868128,      -0.0030001583701644,      -0.0000000179184303,      -0.0030001583701644,       0.0000044358022689,       0.0000000409439233,      -0.0000000179184303,       0.0000000409439233,      -0.0000051097702312
        0.0000044297087931,      -0.0030002193579003,      -0.0000000253512852,      -0.0030002193579003,       0.0000044385167297,       0.0000000345175492,      -0.0000000253512852,       0.0000000345175492,      -0.0000051358002472
        0.0000044513179172,      -0.0030002669983546,      -0.0000000236776677,      -0.0030002669983546,       0.0000044513179172,       0.0000000236776680,      -0.0000000236776677,       0.0000000236776680,      -0.0000051727578945
        0.0000044704081469,      -0.0030003005684012,      -0.0000000268376173,      -0.0030003005684012,       0.0000044673385301,       0.0000000171248370,      -0.0000000268376173,       0.0000000171248370,      -0.0000052169333570
        0.0000044909296183,      -0.0030003169792827,      -0.0000000257316068,      -0.0030003169792827,       0.0000044879895387,       0.0000000036493131,      -0.0000000257316068,       0.0000000036493131,      -0.0000052661901691
        0.0000045122332981,      -0.0030002603454250,      -0.0000000343512419,      -0.0030002603454250,       0.0000045145494427,      -0.0000000074508677,      -0.0000000343512419,      -0.0000000074508677,      -0.0000053245524115
        0.0000045333557815,      -0.0030002455785377,      -0.0000000335328619,      -0.0030002455785377,       0.0000045440306035,      -0.0000000120060902,      -0.0000000335328619,      -0.0000000120060902,      -0.0000053885571792
        0.0000045608052214,      -0.0030002176224975,      -0.0000000344742820,      -0.0030002176224975,       0.0000045691061606,      -0.0000000254700532,      -0.0000000344742820,      -0.0000000254700532,      -0.0000054476553767
        0.0000045850031911,      -0.0030001756849494,      -0.0000000309436531,      -0.0030001756849494,       0.0000045850031904,      -0.0000000309436531,      -0.0000000309436531,      -0.0000000309436531,      -0.0000054975901459
        0.0000046101981471,      -0.0030001238539810,      -0.0000000259208214,      -0.0030001238539810,       0.0000045954214228,      -0.0000000344849275,      -0.0000000259208214,      -0.0000000344849275,      -0.0000055304853907
        0.0000046241075647,      -0.0030000654859767,      -0.0000000247232332,      -0.0030000654859767,       0.0000045932171385,      -0.0000000503507572,      -0.0000000247232332,      -0.0000000503507572,      -0.0000055475876279
        0.0000046317192838,      -0.0030000004881023,       0.0000000060485911,      -0.0030000004881023,       0.0000045835903083,      -0.0000000188714781,       0.0000000060485911,      -0.0000000188714781,      -0.0000055342390027
        0.0000046114937713,      -0.0029999513015592,      -0.0000000378160199,      -0.0029999513015592,       0.0000045739789719,      -0.0000000622068562,      -0.0000000378160199,      -0.0000000622068562,      -0.0000055034033527
        0.0000045958642751,      -0.0029999001063294,       0.0000000481860598,      -0.0029999001063294,       0.0000045439569031,      -0.0000000289313556,       0.0000000481860598,      -0.0000000289313556,      -0.0000054537629015
        0.0000045585466403,      -0.0029998370382384,       0.0000004256360238,      -0.0029998370382384,       0.0000045198485027,       0.0000001794811844,       0.0000004256360238,       0.0000001794811844,      -0.0000053593287495
        0.0000045006922826,      -0.0029998136435860,       0.0000006430676241,      -0.0029998136435860,       0.0000045007396258,       0.0000000087740854,       0.0000006430676241,       0.0000000087740854,      -0.0000052937372162
        0.0000044427052656,      -0.0029998378641329,       0.0000004257179100,      -0.0029998378641329,       0.0000044817647010,      -0.0000001719937392,       0.0000004257179100,      -0.0000001719937392,      -0.0000052288638474
        0.0000044051503680,      -0.0029999013918989,       0.0000000487532139,      -0.0029999013918989,       0.0000044577246372,       0.0000000269922990,       0.0000000487532139,       0.0000000269922990,      -0.0000051346255885
        0.0000043889561413,      -0.0029999530329699,      -0.0000000375607851,      -0.0029999530329699,       0.0000044274051719,       0.0000000625134367,      -0.0000000375607851,       0.0000000625134367,      -0.0000050838947554
        0.0000043683702081,      -0.0030000026621019,       0.0000000062273872,      -0.0030000026621019,       0.0000044172950238,       0.0000000192269041,       0.0000000062273872,       0.0000000192269041,      -0.0000050522783389
        0.0000043755101344,      -0.0030000678622834,      -0.0000000242896547,      -0.0030000678622834,       0.0000044072271690,       0.0000000500912757,      -0.0000000242896547,       0.0000000500912757,      -0.0000050380374656
        0.0000043892024463,      -0.0030001262475219,      -0.0000000258788711,      -0.0030001262475219,       0.0000044044191365,       0.0000000346489143,      -0.0000000258788711,       0.0000000346489143,      -0.0000050541960654
        0.0000044142729810,      -0.0030001778279759,      -0.0000000307395322,      -0.0030001778279759,       0.0000044142729803,       0.0000000307395323,      -0.0000000307395322,       0.0000000307395323,      -0.0000050864178032
        0.0000044385167277,      -0.0030002193579004,      -0.0000000345175489,      -0.0030002193579004,       0.0000044297087949,       0.0000000253512854,      -0.0000000345175489,       0.0000000253512854,      -0.0000051358002457
        0.0000044660504235,      -0.0030002466746614,      -0.0000000334783045,      -0.0030002466746614,       0.0000044544091942,       0.0000000117603156,      -0.0000000334783045,       0.0000000117603156,      -0.0000051945947586
        0.0000044872469075,      -0.0030002607399835,      -0.0000000344019159,      -0.0030002607399835,       0.0000044837176999,       0.0000000071970184,      -0.0000000344019159,       0.0000000071970184,      -0.0000052584454869
        0.0000045108796930,      -0.0030001903174034,      -0.0000000398860865,      -0.0030001903174034,       0.0000045189541322,      -0.0000000009118520,      -0.0000000398860865,      -0.0000000009118520,      -0.0000053306272962
        0.0000045387560392,      -0.0030001790112488,      -0.0000000394281908,      -0.0030001790112488,       0.0000045560564270,      -0.0000000149669317,      -0.0000000394281908,      -0.0000000149669317,      -0.0000054048713199
        0.0000045641404963,      -0.0030001564993618,      -0.0000000410876173,      -0.0030001564993618,       0.0000045867399079,      -0.0000000182715256,      -0.0000000410876173,      -0.0000000182715256,      -0.0000054747029641
        0.0000045954214233,      -0.0030001238539809,      -0.0000000344849277,      -0.0030001238539809,       0.0000046101981467,      -0.0000000259208216,      -0.0000000344849277,      -0.0000000259208216,      -0.0000055304853901
        0.0000046194402163,      -0.0030000825840796,      -0.0000000378574388,      -0.0030000825840796,       0.0000046194402168,      -0.0000000378574391,      -0.0000000378574388,      -0.0000000378574391,      -0.0000055725855920
        0.0000046407063080,      -0.0030000317728940,      -0.0000000137935693,      -0.0030000317728940,       0.0000046218010789,      -0.0000000221938259,      -0.0000000137935693,      -0.0000000221938259,      -0.0000055858264623
        0.0000046383105519,      -0.0029999894486393,      -0.0000000295909360,      -0.0029999894486393,       0.0000046087631088,      -0.0000000548842769,      -0.0000000295909360,      -0.0000000548842769,      -0.0000055746570643
        0.0000046381685594,      -0.0029999275129041,       0.0000000257700253,      -0.0029999275129041,       0.0000045899042149,      -0.0000000124723729,       0.0000000257700253,      -0.0000000124723729,      -0.0000055427413734
        0.0000045905076713,      -0.0029998978480031,      -0.0000000000112018,      -0.0029998978480031,       0.0000045686665922,      -0.0000000013115119,      -0.0000000000112018,      -0.0000000013115119,      -0.0000054598782206
        0.0000045386366637,      -0.0029999234176361,      -0.0000004050137048,      -0.0029999234176361,       0.0000045155178602,      -0.0000001956707653,      -0.0000004050137048,      -0.0000001956707653,      -0.0000053805448466
        0.0000045001272032,      -0.0029999387733864,      -0.0000006572774123,      -0.0029999387733864,       0.0000045006588918,      -0.0000000091299037,      -0.0000006572774123,      -0.0000000091299037,      -0.0000052939914995
        0.0000044616128864,      -0.0029999238861272,      -0.0000004052202943,      -0.0029999238861272,       0.0000044860258862,       0.0000001882918765,      -0.0000004052202943,       0.0000001882918765,      -0.0000052067414175
        0.0000044096061890,      -0.0029998992893466,      -0.0000000001271143,      -0.0029998992893466,       0.0000044328050420,       0.0000000037956908,      -0.0000000001271143,       0.0000000037956908,      -0.0000051267551460
        0.0000043619301558,      -0.0029999295751452,       0.0000000260393956,      -0.0029999295751452,       0.0000044110826123,       0.0000000122768619,       0.0000000260393956,       0.0000000122768619,      -0.0000050438360347
        0.0000043615356463,      -0.0029999918664897,      -0.0000000293348163,      -0.0029999918664897,       0.0000043919505318,       0.0000000548345347,      -0.0000000293348163,       0.0000000548345347,      -0.0000050112990663
        0.0000043591422729,      -0.0030000344718933,      -0.0000000138837196,      -0.0030000344718933,       0.0000043784350706,       0.0000000225130370,      -0.0000000138837196,       0.0000000225130370,      -0.0000049996861020
        0.0000043803559728,      -0.0030000852305380,      -0.0000000375522384,      -0.0030000852305380,       0.0000043803559732,       0.0000000375522385,      -0.0000000375522384,       0.0000000375522385,      -0.0000050125337523
        0.0000044044191380,      -0.0030001262475219,      -0.0000000346489143,      -0.0030001262475219,       0.0000043892024452,       0.0000000258788712,      -0.0000000346489143,       0.0000000258788712,      -0.0000050541960661
        0.0000044358022659,      -0.0030001583701643,      -0.0000000409439232,      -0.0030001583701643,       0.0000044122868105,       0.0000000179184303,      -0.0000000409439232,       0.0000000179184303,      -0.0000051097702322
        0.0000044612756243,      -0.0030001802169585,      -0.0000000395732283,      -0.0030001802169585,       0.0000044427663453,       0.0000000146680634,      -0.0000000395732283,       0.0000000146680634,      -0.0000051794198971
        0.0000044892261669,      -0.0030001907268606,      -0.0000000397909729,      -0.0030001907268606,       0.0000044797331801,       0.0000000005289989,      -0.0000000397909729,       0.0000000005289989,      -0.0000052536189555
        0.0000045122935256,      -0.0030001120573007,      -0.0000000407353078,      -0.0030001120573007,       0.0000045222059981,      -0.0000000047395093,      -0.0000000407353078,      -0.0000000047395093,      -0.0000053321420508
        0.0000045366440294,      -0.0030001042772249,      -0.0000000463638851,      -0.0030001042772249,       0.0000045636272118,      -0.0000000080384552,      -0.0000000463638851,      -0.0000000080384552,      -0.0000054139462632
        0.0000045648520676,      -0.0030000876885323,      -0.0000000357910707,      -0.0030000876885323,       0.0000046004641315,      -0.0000000127023412,      -0.0000000357910707,      -0.0000000127023412,      -0.0000054836875318
        0.0000045932171385,      -0.0030000654859768,      -0.0000000503507573,      -0.0030000654859768,       0.0000046241075643,      -0.0000000247232332,      -0.0000000503507573,      -0.0000000247232332,      -0.0000055475876266
        0.0000046218010782,      -0.0030000317728939,      -0.0000000221938258,      -0.0030000317728939,       0.0000046407063071,      -0.0000000137935693,      -0.0000000221938258,      -0.0000000137935693,      -0.0000055858264619
        0.0000046355072839,      -0.0030000034696973,      -0.0000000399648542,      -0.0030000034696973,       0.0000046355072839,      -0.0000000399648542,      -0.0000000399648542,      -0.0000000399648542,      -0.0000056018369527
        0.0000046505681182,      -0.0029999491953449,      -0.0000000041785423,      -0.0029999491953449,       0.0000046317622394,      -0.0000000148774755,      -0.0000000041785423,      -0.0000000148774755,      -0.0000055979671391
        0.0000046185048556,      -0.0029999375068611,      -0.0000000065506417,      -0.0029999375068611,       0.0000046000040185,      -0.0000000190914826,      -0.0000000065506417,      -0.0000000190914826,      -0.0000055314619333
        0.0000046066436609,      -0.0029998951765334,      -0.0000000171942746,      -0.0029998951765334,       0.0000045662061555,      -0.0000000571361685,      -0.0000000171942746,      -0.0000000571361685,      -0.0000054904415627
        0.0000045749882901,      -0.0029998008883322,       0.0000004331143788,      -0.0029998008883322,       0.0000045821188415,       0.0000001181650404,       0.0000004331143788,       0.0000001181650404,      -0.0000054266556348
        0.0000044995927572,      -0.0029997494079142,       0.0000007292996036,      -0.0029997494079142,       0.0000045010206081,       0.0000000094942027,       0.0000007292996036,       0.0000000094942027,      -0.0000052924466521
        0.0000044242290335,      -0.0029998019339127,       0.0000004337985923,      -0.0029998019339127,       0.0000044188594914,      -0.0000001101173211,       0.0000004337985923,      -0.0000001101173211,      -0.0000051583215854
        0.0000043926719654,      -0.0029998965492234,      -0.0000000172415735,      -0.0029998965492234,       0.0000044340982872,       0.0000000554345497,      -0.0000000172415735,       0.0000000554345497,      -0.0000050946549580
        0.0000043810338858,      -0.0029999395611121,      -0.0000000066856490,      -0.0029999395611121,       0.0000044006446966,       0.0000000199006656,      -0.0000000066856490,       0.0000000199006656,      -0.0000050537167792
        0.0000043492811994,      -0.0029999517487732,      -0.0000000042260233,      -0.0029999517487732,       0.0000043684929034,       0.0000000150693993,      -0.0000000042260233,       0.0000000150693993,      -0.0000049875072777
        0.0000043645151103,      -0.0030000061503220,      -0.0000000397975618,      -0.0030000061503220,       0.0000043645151107,       0.0000000397975619,      -0.0000000397975618,       0.0000000397975619,      -0.0000049835860828
        0.0000043784350716,      -0.0030000344718933,      -0.0000000225130372,      -0.0030000344718933,       0.0000043591422740,       0.0000000138837196,      -0.0000000225130372,       0.0000000138837196,      -0.0000049996861005
        0.0000044072271712,      -0.0030000678622835,      -0.0000000500912755,      -0.0030000678622835,       0.0000043755101353,       0.0000000242896545,      -0.0000000500912755,       0.0000000242896545,      -0.0000050380374652
        0.0000044356540843,      -0.0030000895441635,      -0.0000000360799806,      -0.0030000895441635,       0.0000043990808436,       0.0000000124446895,      -0.0000000360799806,       0.0000000124446895,      -0.0000051019153650
        0.0000044639879273,      -0.0030001054620032,      -0.0000000461723109,      -0.0030001054620032,       0.0000044358090079,       0.0000000075401172,      -0.0000000461723109,       0.0000000075401172,      -0.0000051717517173
        0.0000044883527017,      -0.0030001124484341,      -0.0000000409424524,      -0.0030001124484341,       0.0000044772223202,       0.0000000042917922,      -0.0000000409424524,       0.0000000042917922,      -0.0000052535551106
        0.0000045140579689,      -0.0030000327358786,      -0.0000000440286451,      -0.0030000327358786,       0.0000045217436250,      -0.0000000102271048,      -0.0000000440286451,      -0.0000000102271048,      -0.0000053360739569
        0.0000045301891066,      -0.0030000267898836,      -0.0000000309529087,      -0.0030000267898836,       0.0000045673900280,       0.0000000059242616,      -0.0000000309529087,       0.0000000059242616,      -0.0000054055317444
        0.0000045606390695,      -0.0030000194612711,      -0.0000000576850657,      -0.0030000194612711,       0.0000046007967408,      -0.0000000201263896,      -0.0000000576850657,      -0.0000000201263896,      -0.0000054820221813
        0.0000045835903076,      -0.0030000004881023,      -0.0000000188714781,      -0.0030000004881023,       0.0000046317192842,       0.0000000060485913,      -0.0000000188714781,       0.0000000060485913,      -0.0000055342390031
        0.0000046087631090,      -0.0029999894486395,      -0.0000000548842768,      -0.0029999894486395,       0.0000046383105519,      -0.0000000295909359,      -0.0000000548842768,      -0.0000000295909359,      -0.0000055746570651
        0.0000046317622392,      -0.0029999491953447,      -0.0000000148774754,      -0.0029999491953447,       0.0000046505681190,      -0.0000000041785421,      -0.0000000148774754,      -0.0000000041785421,      -0.0000055979671387
        0.0000046211176808,      -0.0029999505120629,      -0.0000000085009650,      -0.0029999505120629,       0.0000046211176806,      -0.0000000085009647,      -0.0000000085009650,      -0.0000000085009647,      -0.0000055590713298
        0.0000046297786034,      -0.0029998904905159,      -0.0000000307485816,      -0.0029998904905159,       0.0000046134287387,      -0.0000000463733114,      -0.0000000307485816,      -0.0000000463733114,      -0.0000055564765694
        0.0000045865035052,      -0.0029998782938893,       0.0000000651328040,      -0.0029998782938893,       0.0000045895421357,       0.0000000360402002,       0.0000000651328040,       0.0000000360402002,      -0.0000054631335420
        0.0000045181127901,      -0.0029999659058998,      -0.0000003683458000,      -0.0029999659058998,       0.0000044739662962,      -0.0000000310389516,      -0.0000003683458000,      -0.0000000310389516,      -0.0000053194908897
        0.0000044990654594,      -0.0030000383063333,      -0.0000006886370124,      -0.0030000383063333,       0.0000044986745223,      -0.0000000081983966,      -0.0000006886370124,      -0.0000000081983966,      -0.0000052909961297
        0.0000044800879555,      -0.0029999663571067,      -0.0000003694612652,      -0.0029999663571067,       0.0000045252811580,       0.0000000245392656,      -0.0000003694612652,       0.0000000245392656,      -0.0000052633447529
        0.0000044123042541,      -0.0029998797584077,       0.0000000653617837,      -0.0029998797584077,       0.0000044107471336,      -0.0000000339063159,       0.0000000653617837,      -0.0000000339063159,      -0.0000051205332043
        0.0000043692697167,      -0.0029998923293502,      -0.0000000309740273,      -0.0029998923293502,       0.0000043860252403,       0.0000000463775904,      -0.0000000309740273,       0.0000000463775904,      -0.0000050274283950
        0.0000043786831512,      -0.0029999528051250,      -0.0000000088117718,      -0.0029999528051250,       0.0000043786831488,       0.0000000088117720,      -0.0000000088117718,       0.0000000088117720,      -0.0000050255208144
        0.0000043684929041,      -0.0029999517487732,      -0.0000000150693994,      -0.0029999517487732,       0.0000043492811985,       0.0000000042260232,      -0.0000000150693994,       0.0000000042260232,      -0.0000049875072755
        0.0000043919505325,      -0.0029999918664895,      -0.0000000548345348,      -0.0029999918664895,       0.0000043615356464,       0.0000000293348159,      -0.0000000548345348,       0.0000000293348159,      -0.0000050112990644
        0.0000044172950239,      -0.0030000026621021,      -0.0000000192269040,      -0.0030000026621021,       0.0000043683702083,      -0.0000000062273874,      -0.0000000192269040,      -0.0000000062273874,      -0.0000050522783374
        0.0000044404581927,      -0.0030000211471449,      -0.0000000574233083,      -0.0030000211471449,       0.0000043993708317,       0.0000000195897293,      -0.0000000574233083,       0.0000000195897293,      -0.0000051049072148
        0.0000044708541793,      -0.0030000278247284,      -0.0000000312497316,      -0.0030000278247284,       0.0000044329566262,      -0.0000000063415557,      -0.0000000312497316,      -0.0000000063415557,      -0.0000051815926003
        0.0000044870249215,      -0.0030000331152007,      -0.0000000437644177,      -0.0030000331152007,       0.0000044786562241,       0.0000000096861098,      -0.0000000437644177,       0.0000000096861098,      -0.0000052511931623
        0.0000045002793847,      -0.0029999588895772,      -0.0000000286808662,      -0.0029999588895772,       0.0000045235617474,       0.0000000403310628,      -0.0000000286808662,       0.0000000403310628,      -0.0000053218535661
        0.0000045353074234,      -0.0029999581256400,      -0.0000000534938254,      -0.0029999581256400,       0.0000045575308559,      -0.0000000405880340,      -0.0000000534938254,      -0.0000000405880340,      -0.0000053996380842
        0.0000045401948110,      -0.0029999506356862,      -0.0000000096264832,      -0.0029999506356862,       0.0000045969616824,       0.0000000419713928,      -0.0000000096264832,       0.0000000419713928,      -0.0000054492803974
        0.0000045739789726,      -0.0029999513015593,      -0.0000000622068562,      -0.0029999513015593,       0.0000046114937704,      -0.0000000378160201,      -0.0000000622068562,      -0.0000000378160201,      -0.0000055034033535
        0.0000045899042154,      -0.0029999275129041,      -0.0000000124723727,      -0.0029999275129041,       0.0000046381685583,       0.0000000257700253,      -0.0000000124723727,       0.0000000257700253,      -0.0000055427413737
        0.0000046000040185,      -0.0029999375068612,      -0.0000000190914825,      -0.0029999375068612,       0.0000046185048551,      -0.0000000065506416,      -0.0000000190914825,      -0.0000000065506416,      -0.0000055314619336
        0.0000046134287380,      -0.0029998904905158,      -0.0000000463733118,      -0.0029998904905158,       0.0000046297786023,      -0.0000000307485815,      -0.0000000463733118,      -0.0000000307485815,      -0.0000055564765698
        0.0000045940477330,      -0.0029999030388000,       0.0000000479098368,      -0.0029999030388000,       0.0000045940477317,       0.0000000479098367,       0.0000000479098368,       0.0000000479098367,      -0.0000054807826700
        0.0000045652747427,      -0.0029998961401901,      -0.0000000612679811,      -0.0029998961401901,       0.0000045467512076,      -0.0000000339758541,      -0.0000000612679811,      -0.0000000339758541,      -0.0000054304768382
        0.0000045767766217,      -0.0029997448750693,       0.0000003100293603,      -0.0029997448750693,       0.0000046098570308,      -0.0000001115035205,       0.0000003100293603,      -0.0000001115035205,      -0.0000054548717373
        0.0000044985938707,      -0.0029996295427219,       0.0000006677491809,      -0.0029996295427219,       0.0000045010154521,       0.0000000072610171,       0.0000006677491809,       0.0000000072610171,      -0.0000052912951074
        0.0000044210120808,      -0.0029997455303570,       0.0000003108232667,      -0.0029997455303570,       0.0000043895051647,       0.0000001180550307,       0.0000003108232667,       0.0000001180550307,      -0.0000051266768973
        0.0000044324518631,      -0.0029998971439518,      -0.0000000621373170,      -0.0029998971439518,       0.0000044512528313,       0.0000000334897153,      -0.0000000621373170,       0.0000000334897153,      -0.0000051507965191
        0.0000044051884136,      -0.0029999047090775,       0.0000000475860871,      -0.0029999047090775,       0.0000044051884138,      -0.0000000475860871,       0.0000000475860871,      -0.0000000475860871,      -0.0000051022391721
        0.0000043860252420,      -0.0029998923293502,      -0.0000000463775902,      -0.0029998923293502,       0.0000043692697175,       0.0000000309740272,      -0.0000000463775902,       0.0000000309740272,      -0.0000050274283941
        0.0000044006446984,      -0.0029999395611122,      -0.0000000199006661,      -0.0029999395611122,       0.0000043810338861,       0.0000000066856489,      -0.0000000199006661,       0.0000000066856489,      -0.0000050537167778
        0.0000044110826134,      -0.0029999295751452,      -0.0000000122768619,      -0.0029999295751452,       0.0000043619301549,      -0.0000000260393956,      -0.0000000122768619,      -0.0000000260393956,      -0.0000050438360338
        0.0000044274051713,      -0.0029999530329701,      -0.0000000625134368,      -0.0029999530329701,       0.0000043889561380,       0.0000000375607850,      -0.0000000625134368,       0.0000000375607850,      -0.0000050838947563
        0.0000044612249016,      -0.0029999520167979,      -0.0000000096199630,      -0.0029999520167979,       0.0000044040445617,      -0.0000000423815302,      -0.0000000096199630,      -0.0000000423815302,      -0.0000051388857023
        0.0000044661148112,      -0.0029999589746264,      -0.0000000534170170,      -0.0029999589746264,       0.0000044437594188,       0.0000000400988736,      -0.0000000534170170,       0.0000000400988736,      -0.0000051888843581
        0.0000045010598192,      -0.0029999591740195,      -0.0000000287774021,      -0.0029999591740195,       0.0000044779415818,      -0.0000000408163639,      -0.0000000287774021,      -0.0000000408163639,      -0.0000052668936631
        0.0000045160353573,      -0.0029998995325549,      -0.0000000289071059,      -0.0029998995325549,       0.0000045151746068,      -0.0000000720188440,      -0.0000000289071059,      -0.0000000720188440,      -0.0000053242753554
        0.0000045103321206,      -0.0029999011092615,      -0.0000000178625880,      -0.0029999011092615,       0.0000045489374212,       0.0000000739553150,      -0.0000000178625880,       0.0000000739553150,      -0.0000053651037327
