       -0.0000044954362562,      -0.0059959264342335,       0.0000000076156252,      -0.0059959264342335,      -0.0000044954362562,       0.0000000076156252,       0.0000000076156252,       0.0000000076156252,       0.0000038597993279
       -0.0000045014690376,      -0.0059959573362566,       0.0000000113036042,      -0.0059959573362566,      -0.0000045009349360,       0.0000000257306264,       0.0000000113036042,       0.0000000257306264,       0.0000038662956655
       -0.0000045002215024,      -0.0059960162654143,       0.0000000053302222,      -0.0059960162654143,      -0.0000045001039348,       0.0000000412486823,       0.0000000053302222,       0.0000000412486823,       0.0000038730006041
       -0.0000045080215019,      -0.0059961057351422,       0.0000000083587084,      -0.0059961057351422,      -0.0000045026437785,       0.0000000526859478,       0.0000000083587084,       0.0000000526859478,       0.0000038774036499
       -0.0000045042969646,      -0.0059962165106129,       0.0000000179544631,      -0.0059962165106129,      -0.0000045044920326,       0.0000000686112482,       0.0000000179544631,       0.0000000686112482,       0.0000038834658228
       -0.0000045144977610,      -0.0059963484908388,      -0.0000000322513569,      -0.0059963484908388,      -0.0000044985033732,       0.0000000631613412,      -0.0000000322513569,       0.0000000631613412,       0.0000038819142441
       -0.0000045046093620,      -0.0059964836861658,       0.0000000924105942,      -0.0059964836861658,      -0.0000045097455650,       0.0000000771560036,       0.0000000924105942,       0.0000000771560036,       0.0000038865425091
       -0.0000045132388537,      -0.0059966134133859,      -0.0000001372527235,      -0.0059966134133859,      -0.0000044922992336,       0.0000000564511792,      -0.0000001372527235,       0.0000000564511792,       0.0000038772176447
       -0.0000045047351800,      -0.0059967249485238,      -0.0000000304570120,      -0.0059967249485238,      -0.0000045002478474,       0.0000000232683017,      -0.0000000304570120,       0.0000000232683017,       0.0000038685521714
       -0.0000044911720484,      -0.0059967890660986,       0.0000015372481139,      -0.0059967890660986,      -0.0000045389548683,       0.0000001358771978,       0.0000015372481139,       0.0000001358771978,       0.0000039026260622
       -0.0000044931514835,      -0.0059968053168880,       0.0000026136223661,      -0.0059968053168880,      -0.0000044981243034,       0.0000000723653882,       0.0000026136223661,       0.0000000723653882,       0.0000038550951979
       -0.0000044953457225,      -0.0059967868105607,       0.0000015345451702,      -0.0059967868105607,      -0.0000044565367825,      -0.0000000823136932,       0.0000015345451702,      -0.0000000823136932,       0.0000038068769650
       -0.0000044824727351,      -0.0059967245153050,      -0.0000000299281877,      -0.0059967245153050,      -0.0000044941660991,      -0.0000000444275208,      -0.0000000299281877,      -0.0000000444275208,       0.0000038406413646
       -0.0000044749932136,      -0.0059966134574274,      -0.0000001369504385,      -0.0059966134574274,      -0.0000045016536492,      -0.0000000507033028,      -0.0000001369504385,      -0.0000000507033028,       0.0000038328378064
       -0.0000044846475389,      -0.0059964829677134,       0.0000000918815414,      -0.0059964829677134,      -0.0000044837819971,      -0.0000000765396501,       0.0000000918815414,      -0.0000000765396501,       0.0000038242166475
       -0.0000044757624887,      -0.0059963481250561,      -0.0000000320418301,      -0.0059963481250561,      -0.0000044943905139,      -0.0000000652786844,      -0.0000000320418301,      -0.0000000652786844,       0.0000038295252715
       -0.0000044866762163,      -0.0059962163935449,       0.0000000172786633,      -0.0059962163935449,      -0.0000044880389705,      -0.0000000662445255,       0.0000000172786633,      -0.0000000662445255,       0.0000038285281017
       -0.0000044834489357,      -0.0059961052036355,       0.0000000082620646,      -0.0059961052036355,      -0.0000044895412572,      -0.0000000542628075,       0.0000000082620646,      -0.0000000542628075,       0.0000038349602142
       -0.0000044914847006,      -0.0059960165145080,       0.0000000047382035,      -0.0059960165145080,      -0.0000044918878502,      -0.0000000400229099,       0.0000000047382035,      -0.0000000400229099,       0.0000038395883450
       -0.0000044903417306,      -0.0059959568563143,       0.0000000112580399,      -0.0059959568563143,      -0.0000044909462085,      -0.0000000262433447,       0.0000000112580399,      -0.0000000262433447,       0.0000038463990794
       -0.0000044963948847,      -0.0059959268319804,       0.0000000073314744,      -0.0059959268319804,      -0.0000044963948847,      -0.0000000073314744,       0.0000000073314744,      -0.0000000073314744,       0.0000038529361296
       -0.0000045009349360,      -0.0059959573362566,       0.0000000257306264,      -0.0059959573362566,      -0.0000045014690376,       0.0000000113036042,       0.0000000257306264,       0.0000000113036042,       0.0000038662956655
       -0.0000045049487918,      -0.0059959849965726,       0.0000000236150595,      -0.0059959849965726,      -0.0000045049487918,       0.0000000236150595,       0.0000000236150595,       0.0000000236150595,       0.0000038864553117
       -0.0000045167526993,      -0.0059960448941314,       0.0000000266657288,      -0.0059960448941314,      -0.0000045136176355,       0.0000000407927714,       0.0000000266657288,       0.0000000407927714,       0.0000039046230082
       -0.0000045207193735,      -0.0059961262232568,       0.0000000259564153,      -0.0059961262232568,      -0.0000045156470768,       0.0000000591721504,       0.0000000259564153,       0.0000000591721504,       0.0000039222362446
       -0.0000045353405452,      -0.0059962401890575,       0.0000000076542423,      -0.0059962401890575,      -0.0000045161645108,       0.0000000557534363,       0.0000000076542423,       0.0000000557534363,       0.0000039328203256
       -0.0000045330766063,      -0.0059963604179038,       0.0000000576442801,      -0.0059963604179038,      -0.0000045209615294,       0.0000000892785085,       0.0000000576442801,       0.0000000892785085,       0.0000039427436598
       -0.0000045459247912,      -0.0059964999513269,      -0.0000000783410469,      -0.0059964999513269,      -0.0000045069820478,       0.0000000468153607,      -0.0000000783410469,       0.0000000468153607,       0.0000039368918836
       -0.0000045311321454,      -0.0059966258897755,       0.0000001370175334,      -0.0059966258897755,      -0.0000045198408595,       0.0000000780196070,       0.0000001370175334,       0.0000000780196070,       0.0000039312350093
       -0.0000045271110461,      -0.0059967209517360,       0.0000000455598640,      -0.0059967209517360,      -0.0000045059597502,       0.0000000936320552,       0.0000000455598640,       0.0000000936320552,       0.0000039158175165
       -0.0000045213529163,      -0.0059968160477695,      -0.0000015674624167,      -0.0059968160477695,      -0.0000044632783395,      -0.0000002545973790,      -0.0000015674624167,      -0.0000002545973790,       0.0000038467693782
       -0.0000044930043421,      -0.0059968655901623,      -0.0000026723335787,      -0.0059968655901623,      -0.0000044956161144,      -0.0000000791592401,      -0.0000026723335787,      -0.0000000791592401,       0.0000038519459389
       -0.0000044650951266,      -0.0059968173515631,      -0.0000015592906678,      -0.0059968173515631,      -0.0000045296375577,       0.0000001958375875,      -0.0000015592906678,       0.0000001958375875,       0.0000038598648328
       -0.0000044600722692,      -0.0059967200708408,       0.0000000442142908,      -0.0059967200708408,      -0.0000044887474323,      -0.0000000704483719,       0.0000000442142908,      -0.0000000704483719,       0.0000037936320328
       -0.0000044569731836,      -0.0059966241606265,       0.0000001363056066,      -0.0059966241606265,      -0.0000044743186815,      -0.0000000840945057,       0.0000001363056066,      -0.0000000840945057,       0.0000037783872446
       -0.0000044434144516,      -0.0059964989060546,      -0.0000000770992713,      -0.0059964989060546,      -0.0000044862689487,      -0.0000000469788484,      -0.0000000770992713,      -0.0000000469788484,       0.0000037736739269
       -0.0000044571673266,      -0.0059963592231401,       0.0000000561587444,      -0.0059963592231401,      -0.0000044721096915,      -0.0000000866015545,       0.0000000561587444,      -0.0000000866015545,       0.0000037685841036
       -0.0000044557319167,      -0.0059962390514108,       0.0000000083853303,      -0.0059962390514108,      -0.0000044762757996,      -0.0000000577608622,       0.0000000083853303,      -0.0000000577608622,       0.0000037790842111
       -0.0000044707888138,      -0.0059961258654883,       0.0000000246602357,      -0.0059961258654883,      -0.0000044765645671,      -0.0000000570213572,       0.0000000246602357,      -0.0000000570213572,       0.0000037900896973
       -0.0000044750281023,      -0.0059960440912173,       0.0000000270227540,      -0.0059960440912173,      -0.0000044783608175,      -0.0000000416720509,       0.0000000270227540,      -0.0000000416720509,       0.0000038079224486
       -0.0000044869060272,      -0.0059959851732406,       0.0000000226875124,      -0.0059959851732406,      -0.0000044869060272,      -0.0000000226875124,       0.0000000226875124,      -0.0000000226875124,       0.0000038262046266
       -0.0000044909462085,      -0.0059959568563143,       0.0000000262433447,      -0.0059959568563143,      -0.0000044903417306,      -0.0000000112580399,       0.0000000262433447,      -0.0000000112580399,       0.0000038463990794
       -0.0000045001039348,      -0.0059960162654143,       0.0000000412486823,      -0.0059960162654143,      -0.0000045002215024,       0.0000000053302221,       0.0000000412486823,       0.0000000053302221,       0.0000038730006041
       -0.0000045136176355,      -0.0059960448941314,       0.0000000407927714,      -0.0059960448941314,      -0.0000045167526993,       0.0000000266657288,       0.0000000407927714,       0.0000000266657288,       0.0000039046230082
       -0.0000045231826092,      -0.0059960939897108,       0.0000000427881851,      -0.0059960939897108,      -0.0000045231826092,       0.0000000427881851,       0.0000000427881851,       0.0000000427881851,       0.0000039363313481
       -0.0000045410783894,      -0.0059961790647467,       0.0000000326349500,      -0.0059961790647467,      -0.0000045326457823,       0.0000000475648530,       0.0000000326349500,       0.0000000475648530,       0.0000039624680200
       -0.0000045487221173,      -0.0059962717791586,       0.0000000546644505,      -0.0059962717791586,      -0.0000045358109492,       0.0000000836824693,       0.0000000546644505,       0.0000000836824693,       0.0000039855816807
       -0.0000045676886393,      -0.0059964027345395,      -0.0000000167648225,      -0.0059964027345395,      -0.0000045307985449,       0.0000000449375279,      -0.0000000167648225,       0.0000000449375279,       0.0000039946739269
       -0.0000045602908654,      -0.0059965176967767,       0.0000001072352443,      -0.0059965176967767,      -0.0000045373960590,       0.0000001098159332,       0.0000001072352443,       0.0000001098159332,       0.0000039965626311
       -0.0000045679908253,      -0.0059966449229345,      -0.0000001107558127,      -0.0059966449229345,      -0.0000045151718615,       0.0000000440777906,      -0.0000001107558127,       0.0000000440777906,       0.0000039784656729
       -0.0000045448970040,      -0.0059967619181177,      -0.0000000875328069,      -0.0059967619181177,      -0.0000045176000912,      -0.0000000284238256,      -0.0000000875328069,      -0.0000000284238256,       0.0000039404341585
       -0.0000045082004316,      -0.0059967808952974,       0.0000015805779206,      -0.0059967808952974,      -0.0000045407382697,       0.0000004584003192,       0.0000015805779206,       0.0000004584003192,       0.0000039371428735
       -0.0000044930770373,      -0.0059967579786483,       0.0000027355410183,      -0.0059967579786483,      -0.0000045001009999,       0.0000000918467485,       0.0000027355410183,       0.0000000918467485,       0.0000038570376491
       -0.0000044777919829,      -0.0059967785714638,       0.0000015678884373,      -0.0059967785714638,      -0.0000044567286880,      -0.0000003902873112,       0.0000015678884373,      -0.0000003902873112,       0.0000037730482516
       -0.0000044419884790,      -0.0059967600013290,      -0.0000000846916308,      -0.0059967600013290,      -0.0000044763497783,       0.0000000015409924,      -0.0000000846916308,       0.0000000015409924,       0.0000037668615790
       -0.0000044201699057,      -0.0059966432116047,      -0.0000001096392430,      -0.0059966432116047,      -0.0000044783849253,      -0.0000000364433952,      -0.0000001096392430,      -0.0000000364433952,       0.0000037307659904
       -0.0000044289335581,      -0.0059965152074153,       0.0000001051864068,      -0.0059965152074153,      -0.0000044562729263,      -0.0000001093149269,       0.0000001051864068,      -0.0000001093149269,       0.0000037134616280
       -0.0000044227157361,      -0.0059964006856441,      -0.0000000148694262,      -0.0059964006856441,      -0.0000044618417353,      -0.0000000469990374,      -0.0000000148694262,      -0.0000000469990374,       0.0000037163023088
       -0.0000044424220290,      -0.0059962703167509,       0.0000000524452648,      -0.0059962703167509,      -0.0000044567302122,      -0.0000000806129158,       0.0000000524452648,      -0.0000000806129158,       0.0000037261307976
       -0.0000044505896068,      -0.0059961775553332,       0.0000000337513512,      -0.0059961775553332,      -0.0000044594381268,      -0.0000000491092332,       0.0000000337513512,      -0.0000000491092332,       0.0000037496938429
       -0.0000044687159619,      -0.0059960935666853,       0.0000000410154184,      -0.0059960935666853,      -0.0000044687159619,      -0.0000000410154184,       0.0000000410154184,      -0.0000000410154184,       0.0000037761095423
       -0.0000044783608175,      -0.0059960440912173,       0.0000000416720509,      -0.0059960440912173,      -0.0000044750281023,      -0.0000000270227540,       0.0000000416720509,      -0.0000000270227540,       0.0000038079224486
       -0.0000044918878502,      -0.0059960165145080,       0.0000000400229100,      -0.0059960165145080,      -0.0000044914847006,      -0.0000000047382036,       0.0000000400229100,      -0.0000000047382036,       0.0000038395883450
       -0.0000045026437785,      -0.0059961057351422,       0.0000000526859478,      -0.0059961057351422,      -0.0000045080215019,       0.0000000083587084,       0.0000000526859478,       0.0000000083587084,       0.0000038774036499
       -0.0000045156470768,      -0.0059961262232568,       0.0000000591721504,      -0.0059961262232568,      -0.0000045207193735,       0.0000000259564153,       0.0000000591721504,       0.0000000259564153,       0.0000039222362446
       -0.0000045326457823,      -0.0059961790647467,       0.0000000475648530,      -0.0059961790647467,      -0.0000045410783894,       0.0000000326349500,       0.0000000475648530,       0.0000000326349500,       0.0000039624680200
       -0.0000045480072370,      -0.0059962394426332,       0.0000000684062401,      -0.0059962394426332,      -0.0000045480072370,       0.0000000684062401,       0.0000000684062401,       0.0000000684062401,       0.0000040016277072
       -0.0000045706370422,      -0.0059963455730584,       0.0000000216568883,      -0.0059963455730584,      -0.0000045555523009,       0.0000000401915119,       0.0000000216568883,       0.0000000401915119,       0.0000040299032058
       -0.0000045769654902,      -0.0059964346762753,       0.0000000900722645,      -0.0059964346762753,      -0.0000045579115319,       0.0000001110329395,       0.0000000900722645,       0.0000001110329395,       0.0000040480698549
       -0.0000045951373578,      -0.0059965726100626,      -0.0000000562962912,      -0.0059965726100626,      -0.0000045447593787,       0.0000000307401049,      -0.0000000562962912,       0.0000000307401049,       0.0000040474900325
       -0.0000045744647014,      -0.0059966720408186,       0.0000001009922646,      -0.0059966720408186,      -0.0000045490647003,       0.0000000822776506,       0.0000001009922646,       0.0000000822776506,       0.0000040226904009
       -0.0000045644444033,      -0.0059967490581301,       0.0000001361896434,      -0.0059967490581301,      -0.0000045247805183,       0.0000001658077961,       0.0000001361896434,       0.0000001658077961,       0.0000039912011450
       -0.0000045509119618,      -0.0059968940082785,      -0.0000016275332359,      -0.0059968940082785,      -0.0000044906837670,      -0.0000005179917035,      -0.0000016275332359,      -0.0000005179917035,       0.0000038996243939
       -0.0000044923547719,      -0.0059969912724355,      -0.0000028697374510,      -0.0059969912724355,      -0.0000044939986296,      -0.0000001094775563,      -0.0000028697374510,      -0.0000001094775563,       0.0000038482844125
       -0.0000044351535031,      -0.0059968931448290,      -0.0000016111132429,      -0.0059968931448290,      -0.0000045000123266,       0.0000004371712674,      -0.0000016111132429,       0.0000004371712674,       0.0000038026969420
       -0.0000044222112021,      -0.0059967470143346,       0.0000001322137309,      -0.0059967470143346,      -0.0000044693723378,      -0.0000001341061454,       0.0000001322137309,      -0.0000001341061454,       0.0000037163816612
       -0.0000044133958588,      -0.0059966685950873,       0.0000001006119784,      -0.0059966685950873,      -0.0000044447775237,      -0.0000000920075590,       0.0000001006119784,      -0.0000000920075590,       0.0000036847481880
       -0.0000043941722224,      -0.0059965696246622,      -0.0000000537953896,      -0.0059965696246622,      -0.0000044477882522,      -0.0000000302478385,      -0.0000000537953896,      -0.0000000302478385,       0.0000036616971631
       -0.0000044135147467,      -0.0059964317489105,       0.0000000871762281,      -0.0059964317489105,      -0.0000044349197607,      -0.0000001081661421,       0.0000000871762281,      -0.0000001081661421,       0.0000036622242984
       -0.0000044206824297,      -0.0059963429648455,       0.0000000239132464,      -0.0059963429648455,      -0.0000044364908482,      -0.0000000426057856,       0.0000000239132464,      -0.0000000426057856,       0.0000036813242256
       -0.0000044439033523,      -0.0059962378976474,       0.0000000656241434,      -0.0059962378976474,      -0.0000044439033523,      -0.0000000656241434,       0.0000000656241434,      -0.0000000656241434,       0.0000037102243783
       -0.0000044594381268,      -0.0059961775553332,       0.0000000491092332,      -0.0059961775553332,      -0.0000044505896068,      -0.0000000337513512,       0.0000000491092332,      -0.0000000337513512,       0.0000037496938429
       -0.0000044765645671,      -0.0059961258654883,       0.0000000570213572,      -0.0059961258654883,      -0.0000044707888138,      -0.0000000246602357,       0.0000000570213572,      -0.0000000246602357,       0.0000037900896973
       -0.0000044895412572,      -0.0059961052036355,       0.0000000542628075,      -0.0059961052036355,      -0.0000044834489357,      -0.0000000082620646,       0.0000000542628075,      -0.0000000082620646,       0.0000038349602142
       -0.0000045044920326,      -0.0059962165106129,       0.0000000686112482,      -0.0059962165106129,      -0.0000045042969646,       0.0000000179544632,       0.0000000686112482,       0.0000000179544632,       0.0000038834658228
       -0.0000045161645108,      -0.0059962401890575,       0.0000000557534363,      -0.0059962401890575,      -0.0000045353405452,       0.0000000076542423,       0.0000000557534363,       0.0000000076542423,       0.0000039328203256
       -0.0000045358109492,      -0.0059962717791586,       0.0000000836824693,      -0.0059962717791586,      -0.0000045487221173,       0.0000000546644505,       0.0000000836824693,       0.0000000546644505,       0.0000039855816807
       -0.0000045555523009,      -0.0059963455730584,       0.0000000401915119,      -0.0059963455730584,      -0.0000045706370422,       0.0000000216568883,       0.0000000401915119,       0.0000000216568883,       0.0000040299032058
       -0.0000045746142504,      -0.0059964035609633,       0.0000000977751833,      -0.0059964035609633,      -0.0000045746142504,       0.0000000977751833,       0.0000000977751833,       0.0000000977751833,       0.0000040677768856
       -0.0000045983221015,      -0.0059965268120442,      -0.0000000025286820,      -0.0059965268120442,      -0.0000045778901646,       0.0000000236286366,      -0.0000000025286820,       0.0000000236286366,       0.0000040915144578
       -0.0000045946164381,      -0.0059965955202093,       0.0000001007847124,      -0.0059965955202093,      -0.0000045757669484,       0.0000001092506699,       0.0000001007847124,       0.0000001092506699,       0.0000040866376288
       -0.0000046045271739,      -0.0059967199899018,      -0.0000000291482969,      -0.0059967199899018,      -0.0000045536065848,       0.0000000690460872,      -0.0000000291482969,       0.0000000690460872,       0.0000040720816247
       -0.0000045724515146,      -0.0059968248293885,      -0.0000002181342827,      -0.0059968248293885,      -0.0000045487913485,      -0.0000001091036864,      -0.0000002181342827,      -0.0000001091036864,       0.0000040037172883
       -0.0000045087204450,      -0.0059967513721828,       0.0000015746354312,      -0.0059967513721828,      -0.0000045226973398,       0.0000006079813816,       0.0000015746354312,       0.0000006079813816,       0.0000039411082913
       -0.0000044929907237,      -0.0059966543795588,       0.0000029126077175,      -0.0059966543795588,      -0.0000044990154263,       0.0000001269420323,       0.0000029126077175,       0.0000001269420323,       0.0000038558779602
       -0.0000044756537305,      -0.0059967507516202,       0.0000015576214375,      -0.0059967507516202,      -0.0000044734224144,      -0.0000005181930898,       0.0000015576214375,      -0.0000005181930898,       0.0000037648720461
       -0.0000044138937478,      -0.0059968211985874,      -0.0000002111237434,      -0.0059968211985874,      -0.0000044438252007,       0.0000000697364795,      -0.0000002111237434,       0.0000000697364795,       0.0000036991408307
       -0.0000043831032268,      -0.0059967165621372,      -0.0000000293616659,      -0.0059967165621372,      -0.0000044383540796,      -0.0000000570800967,      -0.0000000293616659,      -0.0000000570800967,       0.0000036341135707
       -0.0000043947174047,      -0.0059965912777514,       0.0000000992350258,      -0.0059965912777514,      -0.0000044169634329,      -0.0000001110554917,       0.0000000992350258,      -0.0000001110554917,       0.0000036207134668
       -0.0000043921604921,      -0.0059965230015725,       0.0000000003682294,      -0.0059965230015725,      -0.0000044136747154,      -0.0000000258630626,       0.0000000003682294,      -0.0000000258630626,       0.0000036177029927
       -0.0000044171154674,      -0.0059964004874307,       0.0000000944816514,      -0.0059964004874307,      -0.0000044171154674,      -0.0000000944816514,       0.0000000944816514,      -0.0000000944816514,       0.0000036426146933
       -0.0000044364908482,      -0.0059963429648455,       0.0000000426057856,      -0.0059963429648455,      -0.0000044206824297,      -0.0000000239132464,       0.0000000426057856,      -0.0000000239132464,       0.0000036813242256
       -0.0000044567302122,      -0.0059962703167509,       0.0000000806129158,      -0.0059962703167509,      -0.0000044424220290,      -0.0000000524452648,       0.0000000806129158,      -0.0000000524452648,       0.0000037261307976
       -0.0000044762757996,      -0.0059962390514107,       0.0000000577608622,      -0.0059962390514107,      -0.0000044557319167,      -0.0000000083853303,       0.0000000577608622,      -0.0000000083853303,       0.0000037790842111
       -0.0000044880389705,      -0.0059962163935449,       0.0000000662445254,      -0.0059962163935449,      -0.0000044866762163,      -0.0000000172786633,       0.0000000662445254,      -0.0000000172786633,       0.0000038285281017
       -0.0000044985033732,      -0.0059963484908388,       0.0000000631613412,      -0.0059963484908388,      -0.0000045144977610,      -0.0000000322513569,       0.0000000631613412,      -0.0000000322513569,       0.0000038819142441
       -0.0000045209615294,      -0.0059963604179038,       0.0000000892785085,      -0.0059963604179038,      -0.0000045330766063,       0.0000000576442801,       0.0000000892785085,       0.0000000576442801,       0.0000039427436598
       -0.0000045307985449,      -0.0059964027345395,       0.0000000449375279,      -0.0059964027345395,      -0.0000045676886393,      -0.0000000167648225,       0.0000000449375279,      -0.0000000167648225,       0.0000039946739269
       -0.0000045579115319,      -0.0059964346762753,       0.0000001110329395,      -0.0059964346762753,      -0.0000045769654902,       0.0000000900722645,       0.0000001110329395,       0.0000000900722645,       0.0000040480698549
       -0.0000045778901646,      -0.0059965268120442,       0.0000000236286366,      -0.0059965268120442,      -0.0000045983221015,      -0.0000000025286820,       0.0000000236286366,      -0.0000000025286820,       0.0000040915144578
       -0.0000045942788385,      -0.0059965659324597,       0.0000001030906946,      -0.0059965659324597,      -0.0000045942788385,       0.0000001030906946,       0.0000001030906946,       0.0000001030906946,       0.0000041112960374
       -0.0000046135982898,      -0.0059966970943655,       0.0000000049355221,      -0.0059966970943655,      -0.0000045917891532,       0.0000000389846375,       0.0000000049355221,       0.0000000389846375,       0.0000041268235498
       -0.0000045937343818,      -0.0059967457049787,      -0.0000000082590535,      -0.0059967457049787,      -0.0000045815744941,       0.0000000070792216,      -0.0000000082590535,       0.0000000070792216,       0.0000040787011334
       -0.0000045757422252,      -0.0059967830967846,       0.0000002821560830,      -0.0059967830967846,      -0.0000045417367228,       0.0000002295581794,       0.0000002821560830,       0.0000002295581794,       0.0000040364470852
       -0.0000045790125253,      -0.0059970288780731,      -0.0000015176477541,      -0.0059970288780731,      -0.0000045532799551,      -0.0000004784420101,      -0.0000015176477541,      -0.0000004784420101,       0.0000039748204094
       -0.0000044909258738,      -0.0059972151907713,      -0.0000029968291938,      -0.0059972151907713,      -0.0000044949183189,      -0.0000001443658556,      -0.0000029968291938,      -0.0000001443658556,       0.0000038452150005
       -0.0000044068108218,      -0.0059970238905489,      -0.0000015020004697,      -0.0059970238905489,      -0.0000044358651326,       0.0000003798701077,      -0.0000015020004697,       0.0000003798701077,       0.0000037222873701
       -0.0000044093361345,      -0.0059967809142256,       0.0000002737482426,      -0.0059967809142256,      -0.0000044490869086,      -0.0000001872968863,       0.0000002737482426,      -0.0000001872968863,       0.0000036651736194
       -0.0000043939504740,      -0.0059967408376505,      -0.0000000032812120,      -0.0059967408376505,      -0.0000044101927808,      -0.0000000248027839,      -0.0000000032812120,      -0.0000000248027839,       0.0000036235933837
       -0.0000043752735733,      -0.0059966925609898,       0.0000000051100649,      -0.0059966925609898,      -0.0000043985170003,      -0.0000000360777831,       0.0000000051100649,      -0.0000000360777831,       0.0000035787633190
       -0.0000043967989277,      -0.0059965614277137,       0.0000001019919194,      -0.0059965614277137,      -0.0000043967989277,      -0.0000001019919194,       0.0000001019919194,      -0.0000001019919194,       0.0000035959975225
       -0.0000044136747154,      -0.0059965230015725,       0.0000000258630626,      -0.0059965230015725,      -0.0000043921604921,      -0.0000000003682294,       0.0000000258630626,      -0.0000000003682294,       0.0000036177029927
       -0.0000044349197607,      -0.0059964317489105,       0.0000001081661421,      -0.0059964317489105,      -0.0000044135147467,      -0.0000000871762281,       0.0000001081661421,      -0.0000000871762281,       0.0000036622242984
       -0.0000044618417353,      -0.0059964006856441,       0.0000000469990374,      -0.0059964006856441,      -0.0000044227157361,       0.0000000148694262,       0.0000000469990374,       0.0000000148694262,       0.0000037163023088
       -0.0000044721096915,      -0.0059963592231401,       0.0000000866015545,      -0.0059963592231401,      -0.0000044571673266,      -0.0000000561587444,       0.0000000866015545,      -0.0000000561587444,       0.0000037685841036
       -0.0000044943905139,      -0.0059963481250561,       0.0000000652786844,      -0.0059963481250561,      -0.0000044757624887,       0.0000000320418301,       0.0000000652786844,       0.0000000320418301,       0.0000038295252715
       -0.0000045097455650,      -0.0059964836861658,       0.0000000771560036,      -0.0059964836861658,      -0.0000045046093620,       0.0000000924105942,       0.0000000771560036,       0.0000000924105942,       0.0000038865425091
       -0.0000045069820478,      -0.0059964999513269,       0.0000000468153607,      -0.0059964999513269,      -0.0000045459247913,      -0.0000000783410469,       0.0000000468153607,      -0.0000000783410469,       0.0000039368918836
       -0.0000045373960590,      -0.0059965176967767,       0.0000001098159332,      -0.0059965176967767,      -0.0000045602908654,       0.0000001072352443,       0.0000001098159332,       0.0000001072352443,       0.0000039965626311
       -0.0000045447593787,      -0.0059965726100626,       0.0000000307401049,      -0.0059965726100626,      -0.0000045951373578,      -0.0000000562962912,       0.0000000307401049,      -0.0000000562962912,       0.0000040474900325
       -0.0000045757669484,      -0.0059965955202092,       0.0000001092506699,      -0.0059965955202092,      -0.0000045946164381,       0.0000001007847124,       0.0000001092506699,       0.0000001007847124,       0.0000040866376288
       -0.0000045917891532,      -0.0059966970943654,       0.0000000389846375,      -0.0059966970943654,      -0.0000046135982898,       0.0000000049355221,       0.0000000389846375,       0.0000000049355221,       0.0000041268235498
       -0.0000045980574795,      -0.0059967138494454,       0.0000000181028769,      -0.0059967138494454,      -0.0000045980574795,       0.0000000181028769,       0.0000000181028769,       0.0000000181028769,       0.0000041075552153
       -0.0000045994719588,      -0.0059968025554180,       0.0000001215977605,      -0.0059968025554180,      -0.0000045812476352,       0.0000001375502778,       0.0000001215977605,       0.0000001375502778,       0.0000041054670448
       -0.0000045874071783,      -0.0059969292467187,      -0.0000003335606763,      -0.0059969292467187,      -0.0000045855149645,      -0.0000001542032443,      -0.0000003335606763,      -0.0000001542032443,       0.0000040422636452
       -0.0000044854816912,      -0.0059966650032858,       0.0000012483275206,      -0.0059966650032858,      -0.0000044699067352,       0.0000002782965147,       0.0000012483275206,       0.0000002782965147,       0.0000038833420365
       -0.0000044930928985,      -0.0059964439618756,       0.0000028873274127,      -0.0059964439618756,      -0.0000044918729182,       0.0000001494708154,       0.0000028873274127,       0.0000001494708154,       0.0000038491868883
       -0.0000044956154395,      -0.0059966686228767,       0.0000012402729611,      -0.0059966686228767,      -0.0000045190656364,      -0.0000001895404440,       0.0000012402729611,      -0.0000001895404440,       0.0000038109165651
       -0.0000043989572983,      -0.0059969233270805,      -0.0000003196500072,      -0.0059969233270805,      -0.0000044045264506,       0.0000001057283250,      -0.0000003196500072,       0.0000001057283250,       0.0000036541008445
       -0.0000043866730143,      -0.0059967988792418,       0.0000001124808433,      -0.0059967988792418,      -0.0000044066554064,      -0.0000001189150124,       0.0000001124808433,      -0.0000001189150124,       0.0000035942908158
       -0.0000043916781608,      -0.0059967085944069,       0.0000000261154490,      -0.0059967085944069,      -0.0000043916781608,      -0.0000000261154490,       0.0000000261154490,      -0.0000000261154490,       0.0000035944115363
       -0.0000043985170003,      -0.0059966925609898,       0.0000000360777831,      -0.0059966925609898,      -0.0000043752735733,      -0.0000000051100649,       0.0000000360777831,      -0.0000000051100649,       0.0000035787633190
       -0.0000044169634329,      -0.0059965912777514,       0.0000001110554917,      -0.0059965912777514,      -0.0000043947174047,      -0.0000000992350258,       0.0000001110554917,      -0.0000000992350258,       0.0000036207134668
       -0.0000044477882522,      -0.0059965696246622,       0.0000000302478385,      -0.0059965696246622,      -0.0000043941722224,       0.0000000537953896,       0.0000000302478385,       0.0000000537953896,       0.0000036616971631
       -0.0000044562729263,      -0.0059965152074153,       0.0000001093149269,      -0.0059965152074153,      -0.0000044289335581,      -0.0000001051864068,       0.0000001093149269,      -0.0000001051864068,       0.0000037134616280
       -0.0000044862689487,      -0.0059964989060546,       0.0000000469788484,      -0.0059964989060546,      -0.0000044434144516,       0.0000000770992713,       0.0000000469788484,       0.0000000770992713,       0.0000037736739269
       -0.0000044837819971,      -0.0059964829677133,       0.0000000765396501,      -0.0059964829677133,      -0.0000044846475389,      -0.0000000918815414,       0.0000000765396501,      -0.0000000918815414,       0.0000038242166475
       -0.0000044922992336,      -0.0059966134133859,       0.0000000564511792,      -0.0059966134133859,      -0.0000045132388537,      -0.0000001372527235,       0.0000000564511792,      -0.0000001372527235,       0.0000038772176447
       -0.0000045198408595,      -0.0059966258897755,       0.0000000780196070,      -0.0059966258897755,      -0.0000045311321454,       0.0000001370175334,       0.0000000780196070,       0.0000001370175334,       0.0000039312350093
       -0.0000045151718615,      -0.0059966449229345,       0.0000000440777906,      -0.0059966449229345,      -0.0000045679908253,      -0.0000001107558127,       0.0000000440777906,      -0.0000001107558127,       0.0000039784656729
       -0.0000045490647003,      -0.0059966720408186,       0.0000000822776506,      -0.0059966720408186,      -0.0000045744647014,       0.0000001009922646,       0.0000000822776506,       0.0000001009922646,       0.0000040226904009
       -0.0000045536065848,      -0.0059967199899018,       0.0000000690460872,      -0.0059967199899018,      -0.0000046045271739,      -0.0000000291482969,       0.0000000690460872,      -0.0000000291482969,       0.0000040720816247
       -0.0000045815744941,      -0.0059967457049787,       0.0000000070792216,      -0.0059967457049787,      -0.0000045937343818,      -0.0000000082590535,       0.0000000070792216,      -0.0000000082590535,       0.0000040787011334
       -0.0000045812476352,      -0.0059968025554180,       0.0000001375502778,      -0.0059968025554180,      -0.0000045994719588,       0.0000001215977605,       0.0000001375502778,       0.0000001215977605,       0.0000041054670448
       -0.0000045944079586,      -0.0059968833476339,      -0.0000001413306597,      -0.0059968833476339,      -0.0000045944079586,      -0.0000001413306597,      -0.0000001413306597,      -0.0000001413306597,       0.0000040685236764
       -0.0000045330862232,      -0.0059967412312967,       0.0000002620729185,      -0.0059967412312967,      -0.0000045183409611,       0.0000001210970327,       0.0000002620729185,       0.0000001210970327,       0.0000039810034728
       -0.0000045972657553,      -0.0059972142603464,      -0.0000008755698524,      -0.0059972142603464,      -0.0000046158416442,       0.0000001336347823,      -0.0000008755698524,       0.0000001336347823,       0.0000040372459237
       -0.0000044889143211,      -0.0059975033219679,      -0.0000027906707347,      -0.0059975033219679,      -0.0000044998300388,      -0.0000001470665577,      -0.0000027906707347,      -0.0000001470665577,       0.0000038446523869
       -0.0000043892063510,      -0.0059972046303581,      -0.0000008757706902,      -0.0059972046303581,      -0.0000043720494469,      -0.0000002078703908,      -0.0000008757706902,      -0.0000002078703908,       0.0000036552671467
       -0.0000044486305438,      -0.0059967422739047,       0.0000002470353549,      -0.0059967422739047,      -0.0000044654429016,      -0.0000000827725318,       0.0000002470353549,      -0.0000000827725318,       0.0000037093224775
       -0.0000043938439806,      -0.0059968771455049,      -0.0000001174173478,      -0.0059968771455049,      -0.0000043938439806,       0.0000001174173478,      -0.0000001174173478,       0.0000001174173478,       0.0000036271845552
       -0.0000044066554064,      -0.0059967988792418,       0.0000001189150124,      -0.0059967988792418,      -0.0000043866730143,      -0.0000001124808433,       0.0000001189150124,      -0.0000001124808433,       0.0000035942908158
       -0.0000044101927808,      -0.0059967408376505,       0.0000000248027839,      -0.0059967408376505,      -0.0000043939504740,       0.0000000032812120,       0.0000000248027839,       0.0000000032812120,       0.0000036235933837
       -0.0000044383540796,      -0.0059967165621372,       0.0000000570800967,      -0.0059967165621372,      -0.0000043831032268,       0.0000000293616659,       0.0000000570800967,       0.0000000293616659,       0.0000036341135707
       -0.0000044447775237,      -0.0059966685950873,       0.0000000920075590,      -0.0059966685950873,      -0.0000044133958588,      -0.0000001006119784,       0.0000000920075590,      -0.0000001006119784,       0.0000036847481880
       -0.0000044783849253,      -0.0059966432116047,       0.0000000364433952,      -0.0059966432116047,      -0.0000044201699057,       0.0000001096392430,       0.0000000364433952,       0.0000001096392430,       0.0000037307659904
       -0.0000044743186815,      -0.0059966241606265,       0.0000000840945057,      -0.0059966241606265,      -0.0000044569731836,      -0.0000001363056066,       0.0000000840945057,      -0.0000001363056066,       0.0000037783872446
       -0.0000045016536492,      -0.0059966134574274,       0.0000000507033028,      -0.0059966134574274,      -0.0000044749932136,       0.0000001369504385,       0.0000000507033028,       0.0000001369504385,       0.0000038328378064
       -0.0000045002478474,      -0.0059967249485238,       0.0000000232683017,      -0.0059967249485238,      -0.0000045047351800,      -0.0000000304570120,       0.0000000232683017,      -0.0000000304570120,       0.0000038685521714
       -0.0000045059597502,      -0.0059967209517359,       0.0000000936320552,      -0.0059967209517359,      -0.0000045271110461,       0.0000000455598640,       0.0000000936320552,       0.0000000455598640,       0.0000039158175165
