        0.0000004306296826,       0.0000273539845312,       0.0000000000461482,       0.0000273539845312,       0.0000004306296826,       0.0000000000461482,       0.0000000000461482,       0.0000000000461482,      -0.0000008612593653
        0.0000004304172167,       0.0000273536393809,       0.0000000000547571,       0.0000273536393809,       0.0000004304207862,       0.0000000001440045,       0.0000000000547571,       0.0000000001440045,      -0.0000008608380029
        0.0000004302267289,       0.0000273529602064,       0.0000000000330499,       0.0000273529602064,       0.0000004302685345,       0.0000000002240516,       0.0000000000330499,       0.0000000002240516,      -0.0000008604952633
        0.0000004300495710,       0.0000273519892982,       0.0000000000643582,       0.0000273519892982,       0.0000004300998350,       0.0000000002996635,       0.0000000000643582,       0.0000000002996635,      -0.0000008601494060
        0.0000004299127815,       0.0000273507815055,       0.0000000000066167,       0.0000273507815055,       0.0000004300477925,       0.0000000003462141,       0.0000000000066167,       0.0000000003462141,      -0.0000008599605740
        0.0000004298611637,       0.0000273494306274,       0.0000000000394186,       0.0000273494306274,       0.0000004300195754,       0.0000000003564275,       0.0000000000394186,       0.0000000003564275,      -0.0000008598807391
        0.0000004298328730,       0.0000273480622059,       0.0000000000865000,       0.0000273480622059,       0.0000004299522937,       0.0000000003812480,       0.0000000000865000,       0.0000000003812480,      -0.0000008597851668
        0.0000004300217451,       0.0000273467877302,      -0.0000000003536730,       0.0000273467877302,       0.0000004303506041,       0.0000000002483001,      -0.0000000003536730,       0.0000000002483001,      -0.0000008603723492
        0.0000004301265160,       0.0000273457603142,       0.0000000006252861,       0.0000273457603142,       0.0000004301007908,       0.0000000002652997,       0.0000000006252861,       0.0000000002652997,      -0.0000008602273068
        0.0000004299888386,       0.0000273451532325,       0.0000000031278186,       0.0000273451532325,       0.0000004294572051,       0.0000000004279010,       0.0000000031278186,       0.0000000004279010,      -0.0000008594460437
        0.0000004307300749,       0.0000273449513455,       0.0000000044256549,       0.0000273449513455,       0.0000004307194537,      -0.0000000000320154,       0.0000000044256549,      -0.0000000000320154,      -0.0000008614495286
        0.0000004314660863,       0.0000273451587132,       0.0000000031252272,       0.0000273451587132,       0.0000004319779599,      -0.0000000004444948,       0.0000000031252272,      -0.0000000004444948,      -0.0000008634440462
        0.0000004313191334,       0.0000273457633299,       0.0000000006251802,       0.0000273457633299,       0.0000004313324167,      -0.0000000002478242,       0.0000000006251802,      -0.0000000002478242,      -0.0000008626515500
        0.0000004314181531,       0.0000273467863188,      -0.0000000003523680,       0.0000273467863188,       0.0000004310887594,      -0.0000000002515652,      -0.0000000003523680,      -0.0000000002515652,      -0.0000008625069125
        0.0000004316011211,       0.0000273480612179,       0.0000000000867444,       0.0000273480612179,       0.0000004314928200,      -0.0000000003825456,       0.0000000000867444,      -0.0000000003825456,      -0.0000008630939411
        0.0000004315697130,       0.0000273494296174,       0.0000000000391689,       0.0000273494296174,       0.0000004314296267,      -0.0000000003541572,       0.0000000000391689,      -0.0000000003541572,      -0.0000008629993397
        0.0000004315193769,       0.0000273507790508,       0.0000000000059097,       0.0000273507790508,       0.0000004314051854,      -0.0000000003469655,       0.0000000000059097,      -0.0000000003469655,      -0.0000008629245623
        0.0000004313877796,       0.0000273519869872,       0.0000000000630855,       0.0000273519869872,       0.0000004313551308,      -0.0000000002984820,       0.0000000000630855,      -0.0000000002984820,      -0.0000008627429104
        0.0000004312178496,       0.0000273529580191,       0.0000000000318178,       0.0000273529580191,       0.0000004311872589,      -0.0000000002238567,       0.0000000000318178,      -0.0000000002238567,      -0.0000008624051085
        0.0000004310344776,       0.0000273536376059,       0.0000000000537632,       0.0000273536376059,       0.0000004310352413,      -0.0000000001434991,       0.0000000000537632,      -0.0000000001434991,      -0.0000008620697189
        0.0000004308262302,       0.0000273539841623,       0.0000000000458102,       0.0000273539841623,       0.0000004308262302,      -0.0000000000458102,       0.0000000000458102,      -0.0000000000458102,      -0.0000008616524603
        0.0000004304207862,       0.0000273536393809,       0.0000000001440045,       0.0000273536393809,       0.0000004304172167,       0.0000000000547571,       0.0000000001440045,       0.0000000000547571,      -0.0000008608380029
        0.0000004298407949,       0.0000273533102640,       0.0000000001332311,       0.0000273533102640,       0.0000004298407949,       0.0000000001332311,       0.0000000001332311,       0.0000000001332311,      -0.0000008596815899
        0.0000004292591484,       0.0000273526738192,       0.0000000001503467,       0.0000273526738192,       0.0000004293027573,       0.0000000002343562,       0.0000000001503467,       0.0000000002343562,      -0.0000008585619057
        0.0000004287601565,       0.0000273517428314,       0.0000000001040106,       0.0000273517428314,       0.0000004289254648,       0.0000000002918606,       0.0000000001040106,       0.0000000002918606,      -0.0000008576856213
        0.0000004283754948,       0.0000273505947999,       0.0000000001296260,       0.0000273505947999,       0.0000004286383697,       0.0000000003450381,       0.0000000001296260,       0.0000000003450381,      -0.0000008570138645
        0.0000004281567536,       0.0000273493050227,       0.0000000000679466,       0.0000273493050227,       0.0000004285569761,       0.0000000004020910,       0.0000000000679466,       0.0000000004020910,      -0.0000008567137297
        0.0000004282355277,       0.0000273479657204,      -0.0000000000535889,       0.0000273479657204,       0.0000004287738155,       0.0000000002715624,      -0.0000000000535889,       0.0000000002715624,      -0.0000008570093432
        0.0000004284741865,       0.0000273467784502,       0.0000000003516217,       0.0000273467784502,       0.0000004287921658,       0.0000000004667987,       0.0000000003516217,       0.0000000004667987,      -0.0000008572663523
        0.0000004290860751,       0.0000273457947594,      -0.0000000006473874,       0.0000273457947594,       0.0000004296270813,       0.0000000001392388,      -0.0000000006473874,       0.0000000001392388,      -0.0000008587131564
        0.0000004302525842,       0.0000273449679383,      -0.0000000033155833,       0.0000273449679383,       0.0000004310063427,      -0.0000000007875359,      -0.0000000033155833,      -0.0000000007875359,      -0.0000008612589269
        0.0000004307135257,       0.0000273446657040,      -0.0000000047157904,       0.0000273446657040,       0.0000004307011233,       0.0000000000340079,      -0.0000000047157904,       0.0000000000340079,      -0.0000008614146490
        0.0000004311821803,       0.0000273449636147,      -0.0000000033061626,       0.0000273449636147,       0.0000004304113565,       0.0000000008039631,      -0.0000000033061626,       0.0000000008039631,      -0.0000008615935368
        0.0000004323559612,       0.0000273457923211,      -0.0000000006444027,       0.0000273457923211,       0.0000004318093388,      -0.0000000001591549,      -0.0000000006444027,      -0.0000000001591549,      -0.0000008641653001
        0.0000004329592279,       0.0000273467789581,       0.0000000003504188,       0.0000273467789581,       0.0000004326448847,      -0.0000000004633544,       0.0000000003504188,      -0.0000000004633544,      -0.0000008656041126
        0.0000004331933627,       0.0000273479638354,      -0.0000000000531193,       0.0000273479638354,       0.0000004326663435,      -0.0000000002695772,      -0.0000000000531193,      -0.0000000002695772,      -0.0000008658597062
        0.0000004332712045,       0.0000273493004671,       0.0000000000675796,       0.0000273493004671,       0.0000004328889402,      -0.0000000004029664,       0.0000000000675796,      -0.0000000004029664,      -0.0000008661601447
        0.0000004330547826,       0.0000273505894025,       0.0000000001282142,       0.0000273505894025,       0.0000004328096948,      -0.0000000003422680,       0.0000000001282142,      -0.0000000003422680,      -0.0000008658644774
        0.0000004326759792,       0.0000273517360718,       0.0000000001027530,       0.0000273517360718,       0.0000004325247266,      -0.0000000002911277,       0.0000000001027530,      -0.0000000002911277,      -0.0000008652007058
        0.0000004321851865,       0.0000273526675705,       0.0000000001486729,       0.0000273526675705,       0.0000004321485531,      -0.0000000002327111,       0.0000000001486729,      -0.0000000002327111,      -0.0000008643337396
        0.0000004316106801,       0.0000273533059662,       0.0000000001322421,       0.0000273533059662,       0.0000004316106801,      -0.0000000001322421,       0.0000000001322421,      -0.0000000001322421,      -0.0000008632213602
        0.0000004310352413,       0.0000273536376059,       0.0000000001434991,       0.0000273536376059,       0.0000004310344776,      -0.0000000000537632,       0.0000000001434991,      -0.0000000000537632,      -0.0000008620697189
        0.0000004302685345,       0.0000273529602064,       0.0000000002240516,       0.0000273529602064,       0.0000004302267289,       0.0000000000330499,       0.0000000002240516,       0.0000000000330499,      -0.0000008604952633
        0.0000004293027573,       0.0000273526738192,       0.0000000002343562,       0.0000273526738192,       0.0000004292591484,       0.0000000001503467,       0.0000000002343562,       0.0000000001503467,      -0.0000008585619057
        0.0000004284227291,       0.0000273520920354,       0.0000000002071970,       0.0000273520920354,       0.0000004284227291,       0.0000000002071970,       0.0000000002071970,       0.0000000002071970,      -0.0000008568454581
        0.0000004276035250,       0.0000273512671924,       0.0000000002223146,       0.0000273512671924,       0.0000004277285730,       0.0000000003015965,       0.0000000002223146,       0.0000000003015965,      -0.0000008553320980
        0.0000004269889319,       0.0000273502136020,       0.0000000001579728,       0.0000273502136020,       0.0000004273227616,       0.0000000003571308,       0.0000000001579728,       0.0000000003571308,      -0.0000008543116935
        0.0000004266818916,       0.0000273490247247,       0.0000000001101108,       0.0000273490247247,       0.0000004272011329,       0.0000000003145423,       0.0000000001101108,       0.0000000003145423,      -0.0000008538830246
        0.0000004267123546,       0.0000273478453868,       0.0000000001733767,       0.0000273478453868,       0.0000004272958267,       0.0000000005006058,       0.0000000001733767,       0.0000000005006058,      -0.0000008540081813
        0.0000004272282910,       0.0000273466546321,      -0.0000000003682644,       0.0000273466546321,       0.0000004280402700,       0.0000000000815298,      -0.0000000003682644,       0.0000000000815298,      -0.0000008552685610
        0.0000004281830949,       0.0000273457681857,       0.0000000004429561,       0.0000273457681857,       0.0000004285604369,       0.0000000003095330,       0.0000000004429561,       0.0000000003095330,      -0.0000008567435317
        0.0000004290256873,       0.0000273455186122,       0.0000000032947774,       0.0000273455186122,       0.0000004289036504,       0.0000000015072778,       0.0000000032947774,       0.0000000015072778,      -0.0000008579293377
        0.0000004307266744,       0.0000273454488447,       0.0000000048593953,       0.0000273454488447,       0.0000004307291624,      -0.0000000000403542,       0.0000000048593953,      -0.0000000000403542,      -0.0000008614558367
        0.0000004324126926,       0.0000273455224366,       0.0000000032803129,       0.0000273455224366,       0.0000004325359879,      -0.0000000015288152,       0.0000000032803129,      -0.0000000015288152,      -0.0000008649486805
        0.0000004332352639,       0.0000273457710652,       0.0000000004398934,       0.0000273457710652,       0.0000004328595840,      -0.0000000002892859,       0.0000000004398934,      -0.0000000002892859,      -0.0000008660948479
        0.0000004341929668,       0.0000273466534666,      -0.0000000003656680,       0.0000273466534666,       0.0000004333885383,      -0.0000000000858509,      -0.0000000003656680,      -0.0000000000858509,      -0.0000008675815050
        0.0000004347082447,       0.0000273478425054,       0.0000000001721660,       0.0000273478425054,       0.0000004341392569,      -0.0000000005008512,       0.0000000001721660,      -0.0000000005008512,      -0.0000008688475017
        0.0000004347395938,       0.0000273490199635,       0.0000000001086869,       0.0000273490199635,       0.0000004342348736,      -0.0000000003107241,       0.0000000001086869,      -0.0000000003107241,      -0.0000008689744675
        0.0000004344377560,       0.0000273502053534,       0.0000000001568745,       0.0000273502053534,       0.0000004341174359,      -0.0000000003565354,       0.0000000001568745,      -0.0000000003565354,      -0.0000008685551919
        0.0000004338309877,       0.0000273512582206,       0.0000000002198415,       0.0000273512582206,       0.0000004337133460,      -0.0000000002986352,       0.0000000002198415,      -0.0000000002986352,      -0.0000008675443337
        0.0000004330204177,       0.0000273520833176,       0.0000000002057690,       0.0000273520833176,       0.0000004330204177,      -0.0000000002057690,       0.0000000002057690,      -0.0000000002057690,      -0.0000008660408354
        0.0000004321485531,       0.0000273526675705,       0.0000000002327111,       0.0000273526675705,       0.0000004321851865,      -0.0000000001486729,       0.0000000002327111,      -0.0000000001486729,      -0.0000008643337397
        0.0000004311872589,       0.0000273529580191,       0.0000000002238567,       0.0000273529580191,       0.0000004312178497,      -0.0000000000318178,       0.0000000002238567,      -0.0000000000318178,      -0.0000008624051086
        0.0000004300998350,       0.0000273519892982,       0.0000000002996635,       0.0000273519892982,       0.0000004300495710,       0.0000000000643582,       0.0000000002996635,       0.0000000000643582,      -0.0000008601494060
        0.0000004289254648,       0.0000273517428314,       0.0000000002918606,       0.0000273517428314,       0.0000004287601565,       0.0000000001040106,       0.0000000002918606,       0.0000000001040106,      -0.0000008576856213
        0.0000004277285730,       0.0000273512671924,       0.0000000003015965,       0.0000273512671924,       0.0000004276035250,       0.0000000002223146,       0.0000000003015965,       0.0000000002223146,      -0.0000008553320980
        0.0000004267028221,       0.0000273505476984,       0.0000000002690014,       0.0000273505476984,       0.0000004267028221,       0.0000000002690014,       0.0000000002690014,       0.0000000002690014,      -0.0000008534056442
        0.0000004258990318,       0.0000273496545084,       0.0000000002269227,       0.0000273496545084,       0.0000004261150337,       0.0000000003027780,       0.0000000002269227,       0.0000000003027780,      -0.0000008520140655
        0.0000004254720892,       0.0000273486466059,       0.0000000002138904,       0.0000273486466059,       0.0000004259223431,       0.0000000004370576,       0.0000000002138904,       0.0000000004370576,      -0.0000008513944323
        0.0000004255533082,       0.0000273475214044,      -0.0000000000532014,       0.0000273475214044,       0.0000004262478760,       0.0000000001669767,      -0.0000000000532014,       0.0000000001669767,      -0.0000008518011842
        0.0000004262652013,       0.0000273466679950,       0.0000000003300263,       0.0000273466679950,       0.0000004268113442,       0.0000000005458588,       0.0000000003300263,       0.0000000005458588,      -0.0000008530765455
        0.0000004271750172,       0.0000273457811234,      -0.0000000004228311,       0.0000273457811234,       0.0000004279217645,       0.0000000002322947,      -0.0000000004228311,       0.0000000002322947,      -0.0000008550967817
        0.0000004289827271,       0.0000273446888816,      -0.0000000037129678,       0.0000273446888816,       0.0000004295378405,      -0.0000000015182039,      -0.0000000037129678,      -0.0000000015182039,      -0.0000008585205676
        0.0000004306801317,       0.0000273442788125,      -0.0000000055948719,       0.0000273442788125,       0.0000004306817381,       0.0000000000438236,      -0.0000000055948719,       0.0000000000438236,      -0.0000008613618698
        0.0000004323952651,       0.0000273446901718,      -0.0000000036942751,       0.0000273446901718,       0.0000004318472993,       0.0000000015401625,      -0.0000000036942751,       0.0000000015401625,      -0.0000008642425644
        0.0000004342280856,       0.0000273457819197,      -0.0000000004207557,       0.0000273457819197,       0.0000004334926979,      -0.0000000002541373,      -0.0000000004207557,      -0.0000000002541373,      -0.0000008677207834
        0.0000004351360388,       0.0000273466690400,       0.0000000003258387,       0.0000273466690400,       0.0000004346046698,      -0.0000000005392715,       0.0000000003258387,      -0.0000000005392715,      -0.0000008697407087
        0.0000004358525835,       0.0000273475202086,      -0.0000000000535997,       0.0000273475202086,       0.0000004351704194,      -0.0000000001644448,      -0.0000000000535997,      -0.0000000001644448,      -0.0000008710230029
        0.0000004359416373,       0.0000273486409862,       0.0000000002125248,       0.0000273486409862,       0.0000004355038010,      -0.0000000004367918,       0.0000000002125248,      -0.0000000004367918,      -0.0000008714454383
        0.0000004355226366,       0.0000273496471350,       0.0000000002237497,       0.0000273496471350,       0.0000004353131804,      -0.0000000002986889,       0.0000000002237497,      -0.0000000002986889,      -0.0000008708358171
        0.0000004347290244,       0.0000273505378371,       0.0000000002676364,       0.0000273505378371,       0.0000004347290244,      -0.0000000002676364,       0.0000000002676364,      -0.0000000002676364,      -0.0000008694580488
        0.0000004337133460,       0.0000273512582206,       0.0000000002986352,       0.0000273512582206,       0.0000004338309877,      -0.0000000002198415,       0.0000000002986352,      -0.0000000002198415,      -0.0000008675443337
        0.0000004325247266,       0.0000273517360718,       0.0000000002911277,       0.0000273517360718,       0.0000004326759792,      -0.0000000001027530,       0.0000000002911277,      -0.0000000001027530,      -0.0000008652007058
        0.0000004313551308,       0.0000273519869872,       0.0000000002984820,       0.0000273519869872,       0.0000004313877795,      -0.0000000000630855,       0.0000000002984820,      -0.0000000000630855,      -0.0000008627429104
        0.0000004300477925,       0.0000273507815055,       0.0000000003462141,       0.0000273507815055,       0.0000004299127815,       0.0000000000066167,       0.0000000003462141,       0.0000000000066167,      -0.0000008599605740
        0.0000004286383697,       0.0000273505947999,       0.0000000003450381,       0.0000273505947999,       0.0000004283754948,       0.0000000001296260,       0.0000000003450381,       0.0000000001296260,      -0.0000008570138645
        0.0000004273227616,       0.0000273502136020,       0.0000000003571308,       0.0000273502136020,       0.0000004269889319,       0.0000000001579728,       0.0000000003571308,       0.0000000001579728,      -0.0000008543116935
        0.0000004261150337,       0.0000273496545084,       0.0000000003027780,       0.0000273496545084,       0.0000004258990318,       0.0000000002269227,       0.0000000003027780,       0.0000000002269227,      -0.0000008520140655
        0.0000004251969595,       0.0000273489444104,       0.0000000003286384,       0.0000273489444104,       0.0000004251969595,       0.0000000003286384,       0.0000000003286384,       0.0000000003286384,      -0.0000008503939191
        0.0000004247128198,       0.0000273480660057,       0.0000000001219521,       0.0000273480660057,       0.0000004249866888,       0.0000000001965948,       0.0000000001219521,       0.0000000001965948,      -0.0000008496995085
        0.0000004248949344,       0.0000273473327190,       0.0000000002580588,       0.0000273473327190,       0.0000004253267868,       0.0000000004786152,       0.0000000002580588,       0.0000000004786152,      -0.0000008502217212
        0.0000004253326724,       0.0000273462590900,      -0.0000000002259308,       0.0000273462590900,       0.0000004260305671,       0.0000000001054946,      -0.0000000002259308,       0.0000000001054946,      -0.0000008513632396
        0.0000004271328543,       0.0000273457422271,       0.0000000000013400,       0.0000273457422271,       0.0000004274627275,       0.0000000000331573,       0.0000000000013400,       0.0000000000331573,      -0.0000008545955818
        0.0000004289580573,       0.0000273461777642,       0.0000000035355049,       0.0000273461777642,       0.0000004293052155,       0.0000000016590657,       0.0000000035355049,       0.0000000016590657,      -0.0000008582632728
        0.0000004307004643,       0.0000273464374230,       0.0000000057185312,       0.0000273464374230,       0.0000004307087290,      -0.0000000000460647,       0.0000000057185312,      -0.0000000000460647,      -0.0000008614091933
        0.0000004324271062,       0.0000273461754414,       0.0000000035140267,       0.0000273461754414,       0.0000004320999763,      -0.0000000016819252,       0.0000000035140267,      -0.0000000016819252,      -0.0000008645270825
        0.0000004342317023,       0.0000273457454866,       0.0000000000000500,       0.0000273457454866,       0.0000004339227197,      -0.0000000000113189,       0.0000000000000500,      -0.0000000000113189,      -0.0000008681544220
        0.0000004360435881,       0.0000273462627240,      -0.0000000002248645,       0.0000273462627240,       0.0000004353595933,      -0.0000000001097589,      -0.0000000002248645,      -0.0000000001097589,      -0.0000008714031815
        0.0000004364948449,       0.0000273473321445,       0.0000000002546288,       0.0000273473321445,       0.0000004360761473,      -0.0000000004759701,       0.0000000002546288,      -0.0000000004759701,      -0.0000008725709922
        0.0000004366887399,       0.0000273480639367,       0.0000000001188477,       0.0000273480639367,       0.0000004364207663,      -0.0000000001923468,       0.0000000001188477,      -0.0000000001923468,      -0.0000008731095062
        0.0000004362195804,       0.0000273489376958,       0.0000000003274264,       0.0000273489376958,       0.0000004362195804,      -0.0000000003274264,       0.0000000003274264,      -0.0000000003274264,      -0.0000008724391608
        0.0000004353131805,       0.0000273496471350,       0.0000000002986889,       0.0000273496471350,       0.0000004355226367,      -0.0000000002237497,       0.0000000002986889,      -0.0000000002237497,      -0.0000008708358171
        0.0000004341174359,       0.0000273502053534,       0.0000000003565354,       0.0000273502053534,       0.0000004344377560,      -0.0000000001568745,       0.0000000003565354,      -0.0000000001568745,      -0.0000008685551919
        0.0000004328096948,       0.0000273505894025,       0.0000000003422680,       0.0000273505894025,       0.0000004330547826,      -0.0000000001282142,       0.0000000003422680,      -0.0000000001282142,      -0.0000008658644774
        0.0000004314051854,       0.0000273507790508,       0.0000000003469655,       0.0000273507790508,       0.0000004315193769,      -0.0000000000059097,       0.0000000003469655,      -0.0000000000059097,      -0.0000008629245623
        0.0000004300195754,       0.0000273494306274,       0.0000000003564276,       0.0000273494306274,       0.0000004298611637,       0.0000000000394186,       0.0000000003564276,       0.0000000000394186,      -0.0000008598807391
        0.0000004285569761,       0.0000273493050227,       0.0000000004020910,       0.0000273493050227,       0.0000004281567537,       0.0000000000679466,       0.0000000004020910,       0.0000000000679466,      -0.0000008567137298
        0.0000004272011329,       0.0000273490247247,       0.0000000003145423,       0.0000273490247247,       0.0000004266818917,       0.0000000001101108,       0.0000000003145423,       0.0000000001101108,      -0.0000008538830246
        0.0000004259223431,       0.0000273486466059,       0.0000000004370576,       0.0000273486466059,       0.0000004254720892,       0.0000000002138904,       0.0000000004370576,       0.0000000002138904,      -0.0000008513944322
        0.0000004249866888,       0.0000273480660057,       0.0000000001965948,       0.0000273480660057,       0.0000004247128198,       0.0000000001219521,       0.0000000001965948,       0.0000000001219521,      -0.0000008496995085
        0.0000004245626970,       0.0000273475770819,       0.0000000003483234,       0.0000273475770819,       0.0000004245626970,       0.0000000003483234,       0.0000000003483234,       0.0000000003483234,      -0.0000008491253939
        0.0000004243914883,       0.0000273466365961,       0.0000000000375551,       0.0000273466365961,       0.0000004246642442,       0.0000000001313569,       0.0000000000375551,       0.0000000001313569,      -0.0000008490557326
        0.0000004257398368,       0.0000273464321183,       0.0000000000592240,       0.0000273464321183,       0.0000004260184666,       0.0000000001735556,       0.0000000000592240,       0.0000000001735556,      -0.0000008517583034
        0.0000004264517902,       0.0000273456944060,       0.0000000001528792,       0.0000273456944060,       0.0000004270400816,       0.0000000004832072,       0.0000000001528792,       0.0000000004832072,      -0.0000008534918718
        0.0000004277553275,       0.0000273440606991,      -0.0000000037801603,       0.0000273440606991,       0.0000004276798145,      -0.0000000009802307,      -0.0000000037801603,      -0.0000000009802307,      -0.0000008554351420
        0.0000004306332225,       0.0000273431704356,      -0.0000000063451768,       0.0000273431704356,       0.0000004306541632,       0.0000000000456321,      -0.0000000063451768,       0.0000000000456321,      -0.0000008612873857
        0.0000004335338019,       0.0000273440743908,      -0.0000000037624530,       0.0000273440743908,       0.0000004336357748,       0.0000000010062205,      -0.0000000037624530,       0.0000000010062205,      -0.0000008671695767
        0.0000004348785683,       0.0000273456996138,       0.0000000001466578,       0.0000273456996138,       0.0000004343055837,      -0.0000000004961965,       0.0000000001466578,      -0.0000000004961965,      -0.0000008691841521
        0.0000004356123740,       0.0000273464343102,       0.0000000000559884,       0.0000273464343102,       0.0000004353504062,      -0.0000000001657023,       0.0000000000559884,      -0.0000000001657023,      -0.0000008709627803
        0.0000004369749254,       0.0000273466416403,       0.0000000000355548,       0.0000273466416403,       0.0000004367083942,      -0.0000000001291560,       0.0000000000355548,      -0.0000000001291560,      -0.0000008736833197
        0.0000004368282291,       0.0000273475759959,       0.0000000003456319,       0.0000273475759959,       0.0000004368282291,      -0.0000000003456319,       0.0000000003456319,      -0.0000000003456319,      -0.0000008736564582
        0.0000004364207663,       0.0000273480639367,       0.0000000001923468,       0.0000273480639367,       0.0000004366887399,      -0.0000000001188477,       0.0000000001923468,      -0.0000000001188477,      -0.0000008731095061
        0.0000004355038010,       0.0000273486409861,       0.0000000004367918,       0.0000273486409861,       0.0000004359416373,      -0.0000000002125248,       0.0000000004367918,      -0.0000000002125248,      -0.0000008714454383
        0.0000004342348736,       0.0000273490199635,       0.0000000003107241,       0.0000273490199635,       0.0000004347395938,      -0.0000000001086869,       0.0000000003107241,      -0.0000000001086869,      -0.0000008689744675
        0.0000004328889402,       0.0000273493004671,       0.0000000004029664,       0.0000273493004671,       0.0000004332712045,      -0.0000000000675796,       0.0000000004029664,      -0.0000000000675796,      -0.0000008661601447
        0.0000004314296267,       0.0000273494296173,       0.0000000003541572,       0.0000273494296173,       0.0000004315697131,      -0.0000000000391689,       0.0000000003541572,      -0.0000000000391689,      -0.0000008629993398
        0.0000004299522938,       0.0000273480622059,       0.0000000003812480,       0.0000273480622059,       0.0000004298328731,       0.0000000000865000,       0.0000000003812480,       0.0000000000865000,      -0.0000008597851668
        0.0000004287738155,       0.0000273479657204,       0.0000000002715624,       0.0000273479657204,       0.0000004282355277,      -0.0000000000535889,       0.0000000002715624,      -0.0000000000535889,      -0.0000008570093432
        0.0000004272958267,       0.0000273478453868,       0.0000000005006058,       0.0000273478453868,       0.0000004267123546,       0.0000000001733767,       0.0000000005006058,       0.0000000001733767,      -0.0000008540081812
        0.0000004262478760,       0.0000273475214044,       0.0000000001669767,       0.0000273475214044,       0.0000004255533082,      -0.0000000000532014,       0.0000000001669767,      -0.0000000000532014,      -0.0000008518011842
        0.0000004253267868,       0.0000273473327190,       0.0000000004786152,       0.0000273473327190,       0.0000004248949344,       0.0000000002580588,       0.0000000004786152,       0.0000000002580588,      -0.0000008502217212
        0.0000004246642443,       0.0000273466365961,       0.0000000001313568,       0.0000273466365961,       0.0000004243914884,       0.0000000000375551,       0.0000000001313568,       0.0000000000375551,      -0.0000008490557326
        0.0000004253250267,       0.0000273466586014,       0.0000000000771728,       0.0000273466586014,       0.0000004253250267,       0.0000000000771728,       0.0000000000771728,       0.0000000000771728,      -0.0000008506500533
        0.0000004252054687,       0.0000273456147674,       0.0000000002719278,       0.0000273456147674,       0.0000004254433790,       0.0000000004051895,       0.0000000002719278,       0.0000000004051895,      -0.0000008506488478
        0.0000004270841916,       0.0000273454026789,      -0.0000000005704370,       0.0000273454026789,       0.0000004270625295,      -0.0000000002982493,      -0.0000000005704370,      -0.0000000002982493,      -0.0000008541467211
        0.0000004299972366,       0.0000273469159234,       0.0000000032159960,       0.0000273469159234,       0.0000004306388593,       0.0000000002324510,       0.0000000032159960,       0.0000000002324510,      -0.0000008606360959
        0.0000004306634946,       0.0000273481542437,       0.0000000059914476,       0.0000273481542437,       0.0000004306581884,      -0.0000000000362254,       0.0000000059914476,      -0.0000000000362254,      -0.0000008613216831
        0.0000004313132982,       0.0000273469025087,       0.0000000032033927,       0.0000273469025087,       0.0000004306873700,      -0.0000000002512490,       0.0000000032033927,      -0.0000000002512490,      -0.0000008620006682
        0.0000004342116012,       0.0000273454103809,      -0.0000000005648574,       0.0000273454103809,       0.0000004342551585,       0.0000000003103723,      -0.0000000005648574,       0.0000000003103723,      -0.0000008684667598
        0.0000004361027426,       0.0000273456254222,       0.0000000002651228,       0.0000273456254222,       0.0000004358710419,      -0.0000000004018158,       0.0000000002651228,      -0.0000000004018158,      -0.0000008719737845
        0.0000004360282884,       0.0000273466605771,       0.0000000000734685,       0.0000273466605771,       0.0000004360282884,      -0.0000000000734685,       0.0000000000734685,      -0.0000000000734685,      -0.0000008720565768
        0.0000004367083942,       0.0000273466416402,       0.0000000001291560,       0.0000273466416402,       0.0000004369749254,      -0.0000000000355548,       0.0000000001291560,      -0.0000000000355548,      -0.0000008736833197
        0.0000004360761473,       0.0000273473321445,       0.0000000004759701,       0.0000273473321445,       0.0000004364948448,      -0.0000000002546288,       0.0000000004759701,      -0.0000000002546288,      -0.0000008725709921
        0.0000004351704194,       0.0000273475202086,       0.0000000001644448,       0.0000273475202086,       0.0000004358525835,       0.0000000000535997,       0.0000000001644448,       0.0000000000535997,      -0.0000008710230029
        0.0000004341392569,       0.0000273478425054,       0.0000000005008512,       0.0000273478425054,       0.0000004347082447,      -0.0000000001721660,       0.0000000005008512,      -0.0000000001721660,      -0.0000008688475016
        0.0000004326663435,       0.0000273479638354,       0.0000000002695772,       0.0000273479638354,       0.0000004331933626,       0.0000000000531193,       0.0000000002695772,       0.0000000000531193,      -0.0000008658597061
        0.0000004314928199,       0.0000273480612179,       0.0000000003825456,       0.0000273480612179,       0.0000004316011211,      -0.0000000000867444,       0.0000000003825456,      -0.0000000000867444,      -0.0000008630939410
        0.0000004303506041,       0.0000273467877302,       0.0000000002483001,       0.0000273467877302,       0.0000004300217451,      -0.0000000003536730,       0.0000000002483001,      -0.0000000003536730,      -0.0000008603723492
        0.0000004287921658,       0.0000273467784502,       0.0000000004667987,       0.0000273467784502,       0.0000004284741865,       0.0000000003516217,       0.0000000004667987,       0.0000000003516217,      -0.0000008572663523
        0.0000004280402700,       0.0000273466546321,       0.0000000000815298,       0.0000273466546321,       0.0000004272282910,      -0.0000000003682644,       0.0000000000815298,      -0.0000000003682644,      -0.0000008552685610
        0.0000004268113443,       0.0000273466679950,       0.0000000005458588,       0.0000273466679950,       0.0000004262652013,       0.0000000003300263,       0.0000000005458588,       0.0000000003300263,      -0.0000008530765455
        0.0000004260305671,       0.0000273462590900,       0.0000000001054946,       0.0000273462590900,       0.0000004253326724,      -0.0000000002259308,       0.0000000001054946,      -0.0000000002259308,      -0.0000008513632396
        0.0000004260184666,       0.0000273464321183,       0.0000000001735556,       0.0000273464321183,       0.0000004257398368,       0.0000000000592240,       0.0000000001735556,       0.0000000000592240,      -0.0000008517583034
        0.0000004254433790,       0.0000273456147675,       0.0000000004051895,       0.0000273456147675,       0.0000004252054687,       0.0000000002719278,       0.0000000004051895,       0.0000000002719278,      -0.0000008506488477
        0.0000004267383602,       0.0000273458323106,      -0.0000000004164660,       0.0000273458323106,       0.0000004267383602,      -0.0000000004164660,      -0.0000000004164660,      -0.0000000004164660,      -0.0000008534767204
        0.0000004277784788,       0.0000273457100176,       0.0000000005424490,       0.0000273457100176,       0.0000004280453541,       0.0000000002946257,       0.0000000005424490,       0.0000000002946257,      -0.0000008558238329
        0.0000004272670525,       0.0000273430843941,      -0.0000000026984901,       0.0000273430843941,       0.0000004268202934,       0.0000000010114816,      -0.0000000026984901,       0.0000000010114816,      -0.0000008540873459
        0.0000004305783312,       0.0000273411022585,      -0.0000000058097745,       0.0000273411022585,       0.0000004306129639,       0.0000000000292889,      -0.0000000058097745,       0.0000000000292889,      -0.0000008611912950
        0.0000004339304638,       0.0000273431107572,      -0.0000000027032719,       0.0000273431107572,       0.0000004344001648,      -0.0000000009858829,      -0.0000000027032719,      -0.0000000009858829,      -0.0000008683306286
        0.0000004334756562,       0.0000273457104268,       0.0000000005313045,       0.0000273457104268,       0.0000004332130543,      -0.0000000002924858,       0.0000000005313045,      -0.0000000002924858,      -0.0000008666887105
        0.0000004345646185,       0.0000273458379874,      -0.0000000004144399,       0.0000273458379874,       0.0000004345646185,       0.0000000004144399,      -0.0000000004144399,       0.0000000004144399,      -0.0000008691292370
        0.0000004358710419,       0.0000273456254222,       0.0000000004018158,       0.0000273456254222,       0.0000004361027426,      -0.0000000002651228,       0.0000000004018158,      -0.0000000002651228,      -0.0000008719737845
        0.0000004353504062,       0.0000273464343102,       0.0000000001657023,       0.0000273464343102,       0.0000004356123740,      -0.0000000000559884,       0.0000000001657023,      -0.0000000000559884,      -0.0000008709627802
        0.0000004353595933,       0.0000273462627240,       0.0000000001097589,       0.0000273462627240,       0.0000004360435881,       0.0000000002248645,       0.0000000001097589,       0.0000000002248645,      -0.0000008714031814
        0.0000004346046698,       0.0000273466690400,       0.0000000005392715,       0.0000273466690400,       0.0000004351360388,      -0.0000000003258387,       0.0000000005392715,      -0.0000000003258387,      -0.0000008697407087
        0.0000004333885382,       0.0000273466534666,       0.0000000000858509,       0.0000273466534666,       0.0000004341929667,       0.0000000003656680,       0.0000000000858509,       0.0000000003656680,      -0.0000008675815050
        0.0000004326448846,       0.0000273467789581,       0.0000000004633544,       0.0000273467789581,       0.0000004329592279,      -0.0000000003504188,       0.0000000004633544,      -0.0000000003504188,      -0.0000008656041125
        0.0000004310887594,       0.0000273467863188,       0.0000000002515653,       0.0000273467863188,       0.0000004314181531,       0.0000000003523680,       0.0000000002515653,       0.0000000003523680,      -0.0000008625069124
        0.0000004301007908,       0.0000273457603142,       0.0000000002652997,       0.0000273457603142,       0.0000004301265160,       0.0000000006252861,       0.0000000002652997,       0.0000000006252861,      -0.0000008602273067
        0.0000004296270813,       0.0000273457947594,       0.0000000001392388,       0.0000273457947594,       0.0000004290860751,      -0.0000000006473875,       0.0000000001392388,      -0.0000000006473875,      -0.0000008587131564
