        0.0000004288911598,      -0.0000273494259826,      -0.0000000000458408,      -0.0000273494259826,       0.0000004288911598,      -0.0000000000458408,      -0.0000000000458408,      -0.0000000000458408,      -0.0000008577823196
        0.0000004290997548,      -0.0000273490790872,      -0.0000000000537961,      -0.0000273490790872,       0.0000004291004757,      -0.0000000001436007,      -0.0000000000537961,      -0.0000000001436007,      -0.0000008582002306
        0.0000004292836473,      -0.0000273483989260,      -0.0000000000318276,      -0.0000273483989260,       0.0000004292528992,      -0.0000000002240193,      -0.0000000000318276,      -0.0000000002240193,      -0.0000008585365465
        0.0000004294542753,      -0.0000273474270912,      -0.0000000000631215,      -0.0000273474270912,       0.0000004294213344,      -0.0000000002986991,      -0.0000000000631215,      -0.0000000002986991,      -0.0000008588756097
        0.0000004295867123,      -0.0000273462181960,      -0.0000000000058963,      -0.0000273462181960,       0.0000004294719888,      -0.0000000003472210,      -0.0000000000058963,      -0.0000000003472210,      -0.0000008590587011
        0.0000004296379462,      -0.0000273448677006,      -0.0000000000391840,      -0.0000273448677006,       0.0000004294970954,      -0.0000000003544278,      -0.0000000000391840,      -0.0000000003544278,      -0.0000008591350416
        0.0000004296702867,      -0.0000273434982081,      -0.0000000000868145,      -0.0000273434982081,       0.0000004295610403,      -0.0000000003828198,      -0.0000000000868145,      -0.0000000003828198,      -0.0000008592313269
        0.0000004294880463,      -0.0000273422224494,       0.0000000003526939,      -0.0000273422224494,       0.0000004291573204,      -0.0000000002517640,       0.0000000003526939,      -0.0000000002517640,      -0.0000008586453667
        0.0000004293896643,      -0.0000273411985904,      -0.0000000006256896,      -0.0000273411985904,       0.0000004294017195,      -0.0000000002480586,      -0.0000000006256896,      -0.0000000002480586,      -0.0000008587913838
        0.0000004295371760,      -0.0000273405932783,      -0.0000000031280185,      -0.0000273405932783,       0.0000004300481766,      -0.0000000004445982,      -0.0000000031280185,      -0.0000000004445982,      -0.0000008595853527
        0.0000004288007009,      -0.0000273403862533,      -0.0000000044296452,      -0.0000273403862533,       0.0000004287888186,      -0.0000000000315141,      -0.0000000044296452,      -0.0000000000315141,      -0.0000008575895195
        0.0000004280587405,      -0.0000273405887991,      -0.0000000031305743,      -0.0000273405887991,       0.0000004275254230,       0.0000000004284835,      -0.0000000031305743,       0.0000000004284835,      -0.0000008555841635
        0.0000004281961356,      -0.0000273411961269,      -0.0000000006257989,      -0.0000273411961269,       0.0000004281691918,       0.0000000002654418,      -0.0000000006257989,       0.0000000002654418,      -0.0000008563653274
        0.0000004280905605,      -0.0000273422242884,       0.0000000003539759,      -0.0000273422242884,       0.0000004284186385,       0.0000000002484670,       0.0000000003539759,       0.0000000002484670,      -0.0000008565091990
        0.0000004279006790,      -0.0000273434998998,      -0.0000000000865922,      -0.0000273434998998,       0.0000004280193418,       0.0000000003815475,      -0.0000000000865922,       0.0000000003815475,      -0.0000008559200208
        0.0000004279280994,      -0.0000273448693569,      -0.0000000000394609,      -0.0000273448693569,       0.0000004280860083,       0.0000000003566814,      -0.0000000000394609,       0.0000000003566814,      -0.0000008560141076
        0.0000004279789013,      -0.0000273462212571,      -0.0000000000066342,      -0.0000273462212571,       0.0000004281135847,       0.0000000003464705,      -0.0000000000066342,       0.0000000003464705,      -0.0000008560924860
        0.0000004281150642,      -0.0000273474299323,      -0.0000000000644222,      -0.0000273474299323,       0.0000004281651062,       0.0000000002998849,      -0.0000000000644222,       0.0000000002998849,      -0.0000008562801704
        0.0000004282917905,      -0.0000273484014986,      -0.0000000000330827,      -0.0000273484014986,       0.0000004283334988,       0.0000000002242153,      -0.0000000000330827,       0.0000000002242153,      -0.0000008566252893
        0.0000004284820350,      -0.0000273490811101,      -0.0000000000548059,      -0.0000273490811101,       0.0000004284855637,       0.0000000001441128,      -0.0000000000548059,       0.0000000001441128,      -0.0000008569675988
        0.0000004286944698,      -0.0000273494264314,      -0.0000000000461835,      -0.0000273494264314,       0.0000004286944698,       0.0000000000461835,      -0.0000000000461835,       0.0000000000461835,      -0.0000008573889396
        0.0000004291004757,      -0.0000273490790872,      -0.0000000001436007,      -0.0000273490790872,       0.0000004290997548,      -0.0000000000537961,      -0.0000000001436007,      -0.0000000000537961,      -0.0000008582002306
        0.0000004296765280,      -0.0000273487469707,      -0.0000000001323316,      -0.0000273487469707,       0.0000004296765280,      -0.0000000001323316,      -0.0000000001323316,      -0.0000000001323316,      -0.0000008593530561
        0.0000004302518419,      -0.0000273481078731,      -0.0000000001487742,      -0.0000273481078731,       0.0000004302150896,      -0.0000000002328769,      -0.0000000001487742,      -0.0000000002328769,      -0.0000008604669315
        0.0000004307435789,      -0.0000273471754931,      -0.0000000001028146,      -0.0000273471754931,       0.0000004305919764,      -0.0000000002913397,      -0.0000000001028146,      -0.0000000002913397,      -0.0000008613355553
        0.0000004311234150,      -0.0000273460277987,      -0.0000000001283039,      -0.0000273460277987,       0.0000004308777168,      -0.0000000003425236,      -0.0000000001283039,      -0.0000000003425236,      -0.0000008620011318
        0.0000004313408748,      -0.0000273447377948,      -0.0000000000676240,      -0.0000273447377948,       0.0000004309576773,      -0.0000000004032656,      -0.0000000000676240,      -0.0000000004032656,      -0.0000008622985521
        0.0000004312639175,      -0.0000273434001647,       0.0000000000531798,      -0.0000273434001647,       0.0000004307356091,      -0.0000000002697954,       0.0000000000531798,      -0.0000000002697954,      -0.0000008619995265
        0.0000004310304619,      -0.0000273422143768,      -0.0000000003507464,      -0.0000273422143768,       0.0000004307147962,      -0.0000000004637208,      -0.0000000003507464,      -0.0000000004637208,      -0.0000008617452581
        0.0000004304274384,      -0.0000273412272962,       0.0000000006449290,      -0.0000273412272962,       0.0000004298791379,      -0.0000000001592390,       0.0000000006449290,      -0.0000000001592390,      -0.0000008603065763
        0.0000004292533521,      -0.0000273403985119,       0.0000000033090984,      -0.0000273403985119,       0.0000004284806277,       0.0000000008043699,       0.0000000033090984,       0.0000000008043699,      -0.0000008577339798
        0.0000004287846028,      -0.0000273401003133,       0.0000000047200061,      -0.0000273401003133,       0.0000004287709699,       0.0000000000334952,       0.0000000047200061,       0.0000000000334952,      -0.0000008575555728
        0.0000004283230520,      -0.0000273404027727,       0.0000000033184710,      -0.0000273404027727,       0.0000004290761615,      -0.0000000007884213,       0.0000000033184710,      -0.0000000007884213,      -0.0000008573992135
        0.0000004271549685,      -0.0000273412308768,       0.0000000006478880,      -0.0000273412308768,       0.0000004276952036,       0.0000000001394095,       0.0000000006478880,       0.0000000001394095,      -0.0000008548501721
        0.0000004265419202,      -0.0000273422156712,      -0.0000000003519406,      -0.0000273422156712,       0.0000004268591350,       0.0000000004671618,      -0.0000000003519406,       0.0000000004671618,      -0.0000008534010552
        0.0000004263022429,      -0.0000273434039082,       0.0000000000536307,      -0.0000273434039082,       0.0000004268401651,       0.0000000002717396,       0.0000000000536307,       0.0000000002717396,      -0.0000008531424080
        0.0000004262225020,      -0.0000273447443184,      -0.0000000000680126,      -0.0000273447443184,       0.0000004266224500,       0.0000000004023999,      -0.0000000000680126,       0.0000000004023999,      -0.0000008528449519
        0.0000004264405775,      -0.0000273460350223,      -0.0000000001297348,      -0.0000273460350223,       0.0000004267032769,       0.0000000003452895,      -0.0000000001297348,       0.0000000003452895,      -0.0000008531438545
        0.0000004268248145,      -0.0000273471837840,      -0.0000000001040964,      -0.0000273471837840,       0.0000004269900364,       0.0000000002920774,      -0.0000000001040964,       0.0000000002920774,      -0.0000008538148509
        0.0000004273236219,      -0.0000273481152936,      -0.0000000001504687,      -0.0000273481152936,       0.0000004273671785,       0.0000000002345340,      -0.0000000001504687,       0.0000000002345340,      -0.0000008546908004
        0.0000004279053344,      -0.0000273487519825,      -0.0000000001333324,      -0.0000273487519825,       0.0000004279053345,       0.0000000001333324,      -0.0000000001333324,       0.0000000001333324,      -0.0000008558106689
        0.0000004284855637,      -0.0000273490811101,      -0.0000000001441128,      -0.0000273490811101,       0.0000004284820350,       0.0000000000548059,      -0.0000000001441128,       0.0000000000548059,      -0.0000008569675987
        0.0000004292528992,      -0.0000273483989260,      -0.0000000002240193,      -0.0000273483989260,       0.0000004292836473,      -0.0000000000318276,      -0.0000000002240193,      -0.0000000000318276,      -0.0000008585365464
        0.0000004302150896,      -0.0000273481078731,      -0.0000000002328769,      -0.0000273481078731,       0.0000004302518419,      -0.0000000001487742,      -0.0000000002328769,      -0.0000000001487742,      -0.0000008604669315
        0.0000004310879828,      -0.0000273475228378,      -0.0000000002059126,      -0.0000273475228378,       0.0000004310879828,      -0.0000000002059126,      -0.0000000002059126,      -0.0000000002059126,      -0.0000008621759656
        0.0000004318997358,      -0.0000273466967991,      -0.0000000002200036,      -0.0000273466967991,       0.0000004317818568,      -0.0000000002988576,      -0.0000000002200036,      -0.0000000002988576,      -0.0000008636815926
        0.0000004325077286,      -0.0000273456429067,      -0.0000000001569858,      -0.0000273456429067,       0.0000004321868133,      -0.0000000003568041,      -0.0000000001569858,      -0.0000000003568041,      -0.0000008646945419
        0.0000004328107160,      -0.0000273444564719,      -0.0000000001087722,      -0.0000273444564719,       0.0000004323050095,      -0.0000000003109766,      -0.0000000001087722,      -0.0000000003109766,      -0.0000008651157255
        0.0000004327802719,      -0.0000273432780859,      -0.0000000001723285,      -0.0000273432780859,       0.0000004322100017,      -0.0000000005012486,      -0.0000000001723285,      -0.0000000005012486,      -0.0000008649902735
        0.0000004322655406,      -0.0000273420883495,       0.0000000003659991,      -0.0000273420883495,       0.0000004314593956,      -0.0000000000859168,       0.0000000003659991,      -0.0000000000859168,      -0.0000008637249362
        0.0000004313078311,      -0.0000273412055020,      -0.0000000004402868,      -0.0000273412055020,       0.0000004309306309,      -0.0000000002896015,      -0.0000000004402868,      -0.0000000002896015,      -0.0000008622384620
        0.0000004304848602,      -0.0000273409569007,      -0.0000000032833127,      -0.0000273409569007,       0.0000004306070081,      -0.0000000015299013,      -0.0000000032833127,      -0.0000000015299013,      -0.0000008610918683
        0.0000004287974797,      -0.0000273408840985,      -0.0000000048637680,      -0.0000273408840985,       0.0000004287987621,      -0.0000000000398999,      -0.0000000048637680,      -0.0000000000398999,      -0.0000008575962418
        0.0000004270951012,      -0.0000273409547189,      -0.0000000032976444,      -0.0000273409547189,       0.0000004269717258,       0.0000000015086854,      -0.0000000032976444,       0.0000000015086854,      -0.0000008540668270
        0.0000004262516085,      -0.0000273412046739,      -0.0000000004433104,      -0.0000273412046739,       0.0000004266281162,       0.0000000003096542,      -0.0000000004433104,       0.0000000003096542,      -0.0000008528797248
        0.0000004252953034,      -0.0000273420921424,       0.0000000003685725,      -0.0000273420921424,       0.0000004261069881,       0.0000000000815664,       0.0000000003685725,       0.0000000000815664,      -0.0000008514022915
        0.0000004247780909,      -0.0000273432841222,      -0.0000000001735272,      -0.0000273432841222,       0.0000004253612854,       0.0000000005010003,      -0.0000000001735272,       0.0000000005010003,      -0.0000008501393763
        0.0000004247467531,      -0.0000273444643961,      -0.0000000001101954,      -0.0000273444643961,       0.0000004252659068,       0.0000000003147572,      -0.0000000001101954,       0.0000000003147572,      -0.0000008500126599
        0.0000004250532067,      -0.0000273456541011,      -0.0000000001580992,      -0.0000273456541011,       0.0000004253869970,       0.0000000003574009,      -0.0000000001580992,       0.0000000003574009,      -0.0000008504402037
        0.0000004256675673,      -0.0000273467082796,      -0.0000000002224862,      -0.0000273467082796,       0.0000004257925853,       0.0000000003018201,      -0.0000000002224862,       0.0000000003018201,      -0.0000008514601525
        0.0000004264868587,      -0.0000273475334260,      -0.0000000002073542,      -0.0000273475334260,       0.0000004264868586,       0.0000000002073542,      -0.0000000002073542,       0.0000000002073542,      -0.0000008529737173
        0.0000004273671785,      -0.0000273481152936,      -0.0000000002345340,      -0.0000273481152936,       0.0000004273236219,       0.0000000001504687,      -0.0000000002345340,       0.0000000001504687,      -0.0000008546908004
        0.0000004283334988,      -0.0000273484014986,      -0.0000000002242153,      -0.0000273484014986,       0.0000004282917905,       0.0000000000330827,      -0.0000000002242153,       0.0000000000330827,      -0.0000008566252893
        0.0000004294213344,      -0.0000273474270912,      -0.0000000002986991,      -0.0000273474270912,       0.0000004294542753,      -0.0000000000631215,      -0.0000000002986991,      -0.0000000000631215,      -0.0000008588756097
        0.0000004305919764,      -0.0000273471754931,      -0.0000000002913397,      -0.0000273471754931,       0.0000004307435789,      -0.0000000001028146,      -0.0000000002913397,      -0.0000000001028146,      -0.0000008613355553
        0.0000004317818568,      -0.0000273466967991,      -0.0000000002988576,      -0.0000273466967991,       0.0000004318997358,      -0.0000000002200036,      -0.0000000002988576,      -0.0000000002200036,      -0.0000008636815926
        0.0000004327988907,      -0.0000273459754724,      -0.0000000002678362,      -0.0000273459754724,       0.0000004327988907,      -0.0000000002678362,      -0.0000000002678362,      -0.0000000002678362,      -0.0000008655977814
        0.0000004335939125,      -0.0000273450837625,      -0.0000000002239358,      -0.0000273450837625,       0.0000004333840818,      -0.0000000002989365,      -0.0000000002239358,      -0.0000000002989365,      -0.0000008669779943
        0.0000004340141661,      -0.0000273440766771,      -0.0000000002127112,      -0.0000273440766771,       0.0000004335755175,      -0.0000000004371519,      -0.0000000002127112,      -0.0000000004371519,      -0.0000008675896836
        0.0000004339261112,      -0.0000273429550336,       0.0000000000536418,      -0.0000273429550336,       0.0000004332426519,      -0.0000000001646104,       0.0000000000536418,      -0.0000000001646104,      -0.0000008671687630
        0.0000004332098524,      -0.0000273421034042,      -0.0000000003261867,      -0.0000273421034042,       0.0000004326770799,      -0.0000000005397838,      -0.0000000003261867,      -0.0000000005397838,      -0.0000008658869324
        0.0000004323019227,      -0.0000273412159803,       0.0000000004210870,      -0.0000273412159803,       0.0000004315647148,      -0.0000000002542942,       0.0000000004210870,      -0.0000000002542942,      -0.0000008638666375
        0.0000004304684411,      -0.0000273401240606,       0.0000000036975960,      -0.0000273401240606,       0.0000004299187053,       0.0000000015413093,       0.0000000036975960,       0.0000000015413093,      -0.0000008603871464
        0.0000004287522201,      -0.0000273397129210,       0.0000000055998132,      -0.0000273397129210,       0.0000004287526667,       0.0000000000433614,       0.0000000055998132,       0.0000000000433614,      -0.0000008575048869
        0.0000004270530430,      -0.0000273401239963,       0.0000000037161472,      -0.0000273401239963,       0.0000004276074653,      -0.0000000015196745,       0.0000000037161472,      -0.0000000015196745,      -0.0000008546605083
        0.0000004252429819,      -0.0000273412179720,       0.0000000004231540,      -0.0000273412179720,       0.0000004259892718,       0.0000000002325668,       0.0000000004231540,       0.0000000002325668,      -0.0000008512322537
        0.0000004243317440,      -0.0000273421059828,      -0.0000000003303058,      -0.0000273421059828,       0.0000004248774564,       0.0000000005462603,      -0.0000000003303058,       0.0000000005462603,      -0.0000008492092005
        0.0000004236185127,      -0.0000273429603341,       0.0000000000532542,      -0.0000273429603341,       0.0000004243130295,       0.0000000001670586,       0.0000000000532542,       0.0000000001670586,      -0.0000008479315423
        0.0000004235363493,      -0.0000273440865192,      -0.0000000002140570,      -0.0000273440865192,       0.0000004239865714,       0.0000000004373925,      -0.0000000002140570,       0.0000000004373925,      -0.0000008475229207
        0.0000004239628380,      -0.0000273450950638,      -0.0000000002270876,      -0.0000273450950638,       0.0000004241788415,       0.0000000003029905,      -0.0000000002270876,       0.0000000003029905,      -0.0000008481416795
        0.0000004247665762,      -0.0000273459886452,      -0.0000000002692058,      -0.0000273459886452,       0.0000004247665762,       0.0000000002692058,      -0.0000000002692058,       0.0000000002692058,      -0.0000008495331525
        0.0000004257925853,      -0.0000273467082796,      -0.0000000003018201,      -0.0000273467082796,       0.0000004256675673,       0.0000000002224862,      -0.0000000003018201,       0.0000000002224862,      -0.0000008514601525
        0.0000004269900364,      -0.0000273471837840,      -0.0000000002920774,      -0.0000273471837840,       0.0000004268248145,       0.0000000001040964,      -0.0000000002920774,       0.0000000001040964,      -0.0000008538148509
        0.0000004281651062,      -0.0000273474299323,      -0.0000000002998849,      -0.0000273474299323,       0.0000004281150642,       0.0000000000644222,      -0.0000000002998849,       0.0000000000644222,      -0.0000008562801704
        0.0000004294719888,      -0.0000273462181960,      -0.0000000003472210,      -0.0000273462181960,       0.0000004295867123,      -0.0000000000058963,      -0.0000000003472210,      -0.0000000000058963,      -0.0000008590587011
        0.0000004308777168,      -0.0000273460277987,      -0.0000000003425236,      -0.0000273460277987,       0.0000004311234150,      -0.0000000001283039,      -0.0000000003425236,      -0.0000000001283039,      -0.0000008620011318
        0.0000004321868133,      -0.0000273456429068,      -0.0000000003568041,      -0.0000273456429068,       0.0000004325077286,      -0.0000000001569858,      -0.0000000003568041,      -0.0000000001569858,      -0.0000008646945419
        0.0000004333840818,      -0.0000273450837625,      -0.0000000002989365,      -0.0000273450837625,       0.0000004335939125,      -0.0000000002239358,      -0.0000000002989365,      -0.0000000002239358,      -0.0000008669779943
        0.0000004342920008,      -0.0000273443734286,      -0.0000000003277029,      -0.0000273443734286,       0.0000004342920008,      -0.0000000003277029,      -0.0000000003277029,      -0.0000000003277029,      -0.0000008685840016
        0.0000004347626006,      -0.0000273434987665,      -0.0000000001189734,      -0.0000273434987665,       0.0000004344941378,      -0.0000000001925430,      -0.0000000001189734,      -0.0000000001925430,      -0.0000008692567384
        0.0000004345695259,      -0.0000273427664706,      -0.0000000002549078,      -0.0000273427664706,       0.0000004341499248,      -0.0000000004764285,      -0.0000000002549078,      -0.0000000004764285,      -0.0000008687194507
        0.0000004341190217,      -0.0000273416963515,       0.0000000002250675,      -0.0000273416963515,       0.0000004334335890,      -0.0000000001098700,       0.0000000002250675,      -0.0000000001098700,      -0.0000008675526107
        0.0000004323063018,      -0.0000273411793760,      -0.0000000000000724,      -0.0000273411793760,       0.0000004319960375,      -0.0000000000114954,      -0.0000000000000724,      -0.0000000000114954,      -0.0000008643023393
        0.0000004305000886,      -0.0000273416105261,      -0.0000000035172718,      -0.0000273416105261,       0.0000004301717267,      -0.0000000016834155,      -0.0000000035172718,      -0.0000000016834155,      -0.0000008606718153
        0.0000004287717461,      -0.0000273418734529,      -0.0000000057236021,      -0.0000273418734529,       0.0000004287791584,      -0.0000000000457804,      -0.0000000057236021,      -0.0000000000457804,      -0.0000008575509045
        0.0000004270279443,      -0.0000273416142003,      -0.0000000035385477,      -0.0000273416142003,       0.0000004273743364,       0.0000000016605606,      -0.0000000035385477,       0.0000000016605606,      -0.0000008544022807
        0.0000004252012720,      -0.0000273411790621,      -0.0000000000013317,      -0.0000273411790621,       0.0000004255304447,       0.0000000000330121,      -0.0000000000013317,       0.0000000000330121,      -0.0000008507317166
        0.0000004233989885,      -0.0000273416970976,       0.0000000002261388,      -0.0000273416970976,       0.0000004240967486,       0.0000000001055355,       0.0000000002261388,       0.0000000001055355,      -0.0000008474957370
        0.0000004229599954,      -0.0000273427718355,      -0.0000000002582534,      -0.0000273427718355,       0.0000004233917173,       0.0000000004789773,      -0.0000000002582534,       0.0000000004789773,      -0.0000008463517127
        0.0000004227769638,      -0.0000273435058065,      -0.0000000001220234,      -0.0000273435058065,       0.0000004230508390,       0.0000000001967086,      -0.0000000001220234,       0.0000000001967086,      -0.0000008458278028
        0.0000004232606930,      -0.0000273443847664,      -0.0000000003288881,      -0.0000273443847664,       0.0000004232606930,       0.0000000003288881,      -0.0000000003288881,       0.0000000003288881,      -0.0000008465213859
        0.0000004241788415,      -0.0000273450950638,      -0.0000000003029905,      -0.0000273450950638,       0.0000004239628380,       0.0000000002270876,      -0.0000000003029905,       0.0000000002270876,      -0.0000008481416795
        0.0000004253869970,      -0.0000273456541011,      -0.0000000003574009,      -0.0000273456541011,       0.0000004250532067,       0.0000000001580992,      -0.0000000003574009,       0.0000000001580992,      -0.0000008504402037
        0.0000004267032769,      -0.0000273460350223,      -0.0000000003452895,      -0.0000273460350223,       0.0000004264405775,       0.0000000001297348,      -0.0000000003452895,       0.0000000001297348,      -0.0000008531438544
        0.0000004281135847,      -0.0000273462212571,      -0.0000000003464705,      -0.0000273462212571,       0.0000004279789013,       0.0000000000066342,      -0.0000000003464705,       0.0000000000066342,      -0.0000008560924860
        0.0000004294970954,      -0.0000273448677006,      -0.0000000003544278,      -0.0000273448677006,       0.0000004296379462,      -0.0000000000391840,      -0.0000000003544278,      -0.0000000000391840,      -0.0000008591350416
        0.0000004309576773,      -0.0000273447377948,      -0.0000000004032656,      -0.0000273447377948,       0.0000004313408748,      -0.0000000000676240,      -0.0000000004032656,      -0.0000000000676240,      -0.0000008622985521
        0.0000004323050095,      -0.0000273444564719,      -0.0000000003109766,      -0.0000273444564719,       0.0000004328107160,      -0.0000000001087722,      -0.0000000003109766,      -0.0000000001087722,      -0.0000008651157255
        0.0000004335755175,      -0.0000273440766771,      -0.0000000004371519,      -0.0000273440766771,       0.0000004340141661,      -0.0000000002127112,      -0.0000000004371519,      -0.0000000002127112,      -0.0000008675896836
        0.0000004344941377,      -0.0000273434987665,      -0.0000000001925430,      -0.0000273434987665,       0.0000004347626006,      -0.0000000001189734,      -0.0000000001925430,      -0.0000000001189734,      -0.0000008692567383
        0.0000004349029262,      -0.0000273430103104,      -0.0000000003459875,      -0.0000273430103104,       0.0000004349029262,      -0.0000000003459875,      -0.0000000003459875,      -0.0000000003459875,      -0.0000008698058523
        0.0000004350510619,      -0.0000273420750987,      -0.0000000000356089,      -0.0000273420750987,       0.0000004347839906,      -0.0000000001293116,      -0.0000000000356089,      -0.0000000001293116,      -0.0000008698350525
        0.0000004336881205,      -0.0000273418682096,      -0.0000000000561285,      -0.0000273418682096,       0.0000004334253539,      -0.0000000001659691,      -0.0000000000561285,      -0.0000000001659691,      -0.0000008671134744
        0.0000004329544709,      -0.0000273411332091,      -0.0000000001468679,      -0.0000273411332091,       0.0000004323801788,      -0.0000000004966636,      -0.0000000001468679,      -0.0000000004966636,      -0.0000008653346497
        0.0000004316095730,      -0.0000273395069378,       0.0000000037659000,      -0.0000273395069378,       0.0000004317106202,       0.0000000010070527,       0.0000000037659000,       0.0000000010070527,      -0.0000008633201932
        0.0000004287070022,      -0.0000273386035750,       0.0000000063507677,      -0.0000273386035750,       0.0000004287270295,       0.0000000000452960,       0.0000000063507677,       0.0000000000452960,      -0.0000008574340317
        0.0000004258260353,      -0.0000273394960210,       0.0000000037833939,      -0.0000273394960210,       0.0000004257495968,      -0.0000000009812897,       0.0000000037833939,      -0.0000000009812897,      -0.0000008515756321
        0.0000004245202012,      -0.0000273411314939,      -0.0000000001529925,      -0.0000273411314939,       0.0000004251082580,       0.0000000004836337,      -0.0000000001529925,       0.0000000004836337,      -0.0000008496284593
        0.0000004238068735,      -0.0000273418701191,      -0.0000000000592662,      -0.0000273418701191,       0.0000004240851810,       0.0000000001736324,      -0.0000000000592662,       0.0000000001736324,      -0.0000008478920546
        0.0000004224568138,      -0.0000273420753836,      -0.0000000000375421,      -0.0000273420753836,       0.0000004227295428,       0.0000000001313955,      -0.0000000000375421,       0.0000000001313955,      -0.0000008451863566
        0.0000004226272080,      -0.0000273430166193,      -0.0000000003485772,      -0.0000273430166193,       0.0000004226272080,       0.0000000003485772,      -0.0000000003485772,       0.0000000003485772,      -0.0000008452544161
        0.0000004230508390,      -0.0000273435058065,      -0.0000000001967086,      -0.0000273435058065,       0.0000004227769638,       0.0000000001220234,      -0.0000000001967086,       0.0000000001220234,      -0.0000008458278029
        0.0000004239865714,      -0.0000273440865192,      -0.0000000004373925,      -0.0000273440865192,       0.0000004235363493,       0.0000000002140570,      -0.0000000004373925,       0.0000000002140570,      -0.0000008475229207
        0.0000004252659068,      -0.0000273444643961,      -0.0000000003147572,      -0.0000273444643961,       0.0000004247467531,       0.0000000001101954,      -0.0000000003147572,       0.0000000001101954,      -0.0000008500126599
        0.0000004266224500,      -0.0000273447443184,      -0.0000000004023999,      -0.0000273447443184,       0.0000004262225020,       0.0000000000680126,      -0.0000000004023999,       0.0000000000680126,      -0.0000008528449520
        0.0000004280860083,      -0.0000273448693569,      -0.0000000003566814,      -0.0000273448693569,       0.0000004279280994,       0.0000000000394609,      -0.0000000003566814,       0.0000000000394609,      -0.0000008560141077
        0.0000004295610403,      -0.0000273434982081,      -0.0000000003828198,      -0.0000273434982081,       0.0000004296702867,      -0.0000000000868145,      -0.0000000003828198,      -0.0000000000868145,      -0.0000008592313269
        0.0000004307356090,      -0.0000273434001647,      -0.0000000002697954,      -0.0000273434001647,       0.0000004312639175,       0.0000000000531798,      -0.0000000002697954,       0.0000000000531798,      -0.0000008619995265
        0.0000004322100017,      -0.0000273432780858,      -0.0000000005012486,      -0.0000273432780858,       0.0000004327802718,      -0.0000000001723285,      -0.0000000005012486,      -0.0000000001723285,      -0.0000008649902735
        0.0000004332426519,      -0.0000273429550336,      -0.0000000001646104,      -0.0000273429550336,       0.0000004339261111,       0.0000000000536418,      -0.0000000001646104,       0.0000000000536418,      -0.0000008671687630
        0.0000004341499248,      -0.0000273427664706,      -0.0000000004764285,      -0.0000273427664706,       0.0000004345695259,      -0.0000000002549078,      -0.0000000004764285,      -0.0000000002549078,      -0.0000008687194507
        0.0000004347839906,      -0.0000273420750987,      -0.0000000001293116,      -0.0000273420750987,       0.0000004350510619,      -0.0000000000356089,      -0.0000000001293116,      -0.0000000000356089,      -0.0000008698350524
        0.0000004341042334,      -0.0000273420944579,      -0.0000000000736426,      -0.0000273420944579,       0.0000004341042334,      -0.0000000000736426,      -0.0000000000736426,      -0.0000000000736426,      -0.0000008682084667
        0.0000004341800562,      -0.0000273410583560,      -0.0000000002654142,      -0.0000273410583560,       0.0000004339478587,      -0.0000000004022678,      -0.0000000002654142,      -0.0000000004022678,      -0.0000008681279149
        0.0000004322877380,      -0.0000273408440080,       0.0000000005654274,      -0.0000273408440080,       0.0000004323307801,       0.0000000003105742,       0.0000000005654274,       0.0000000003105742,      -0.0000008646185181
        0.0000004293862654,      -0.0000273423390500,      -0.0000000032063169,      -0.0000273423390500,       0.0000004287592789,      -0.0000000002515852,      -0.0000000032063169,      -0.0000000002515852,      -0.0000008581455443
        0.0000004287352594,      -0.0000273435918028,      -0.0000000059967679,      -0.0000273435918028,       0.0000004287296728,      -0.0000000000361716,      -0.0000000059967679,      -0.0000000000361716,      -0.0000008574649322
        0.0000004280689254,      -0.0000273423523579,      -0.0000000032187806,      -0.0000273423523579,       0.0000004287105509,       0.0000000002326329,      -0.0000000032187806,       0.0000000002326329,      -0.0000008567794764
        0.0000004251539281,      -0.0000273408393188,       0.0000000005709571,      -0.0000273408393188,       0.0000004251316806,      -0.0000000002987075,       0.0000000005709571,      -0.0000000002987075,      -0.0000008502856087
        0.0000004232730379,      -0.0000273410523765,      -0.0000000002720704,      -0.0000273410523765,       0.0000004235108932,       0.0000000004054191,      -0.0000000002720704,       0.0000000004054191,      -0.0000008467839311
        0.0000004233914928,      -0.0000273420970094,      -0.0000000000771961,      -0.0000273420970094,       0.0000004233914928,       0.0000000000771961,      -0.0000000000771961,       0.0000000000771961,      -0.0000008467829856
        0.0000004227295428,      -0.0000273420753836,      -0.0000000001313955,      -0.0000273420753836,       0.0000004224568138,       0.0000000000375421,      -0.0000000001313955,       0.0000000000375421,      -0.0000008451863566
        0.0000004233917173,      -0.0000273427718355,      -0.0000000004789773,      -0.0000273427718355,       0.0000004229599954,       0.0000000002582534,      -0.0000000004789773,       0.0000000002582534,      -0.0000008463517127
        0.0000004243130295,      -0.0000273429603341,      -0.0000000001670586,      -0.0000273429603341,       0.0000004236185127,      -0.0000000000532542,      -0.0000000001670586,      -0.0000000000532542,      -0.0000008479315423
        0.0000004253612854,      -0.0000273432841222,      -0.0000000005010003,      -0.0000273432841222,       0.0000004247780908,       0.0000000001735272,      -0.0000000005010003,       0.0000000001735272,      -0.0000008501393762
        0.0000004268401651,      -0.0000273434039082,      -0.0000000002717396,      -0.0000273434039082,       0.0000004263022429,      -0.0000000000536307,      -0.0000000002717396,      -0.0000000000536307,      -0.0000008531424080
        0.0000004280193418,      -0.0000273434998998,      -0.0000000003815475,      -0.0000273434998998,       0.0000004279006790,       0.0000000000865922,      -0.0000000003815475,       0.0000000000865922,      -0.0000008559200207
        0.0000004291573204,      -0.0000273422224494,      -0.0000000002517640,      -0.0000273422224494,       0.0000004294880463,       0.0000000003526939,      -0.0000000002517640,       0.0000000003526939,      -0.0000008586453667
        0.0000004307147962,      -0.0000273422143768,      -0.0000000004637208,      -0.0000273422143768,       0.0000004310304619,      -0.0000000003507464,      -0.0000000004637208,      -0.0000000003507464,      -0.0000008617452581
        0.0000004314593956,      -0.0000273420883494,      -0.0000000000859168,      -0.0000273420883494,       0.0000004322655406,       0.0000000003659991,      -0.0000000000859168,       0.0000000003659991,      -0.0000008637249362
        0.0000004326770799,      -0.0000273421034042,      -0.0000000005397838,      -0.0000273421034042,       0.0000004332098524,      -0.0000000003261867,      -0.0000000005397838,      -0.0000000003261867,      -0.0000008658869324
        0.0000004334335890,      -0.0000273416963515,      -0.0000000001098700,      -0.0000273416963515,       0.0000004341190217,       0.0000000002250675,      -0.0000000001098700,       0.0000000002250675,      -0.0000008675526107
        0.0000004334253539,      -0.0000273418682096,      -0.0000000001659691,      -0.0000273418682096,       0.0000004336881205,      -0.0000000000561285,      -0.0000000001659691,      -0.0000000000561285,      -0.0000008671134744
        0.0000004339478587,      -0.0000273410583560,      -0.0000000004022678,      -0.0000273410583560,       0.0000004341800562,      -0.0000000002654142,      -0.0000000004022678,      -0.0000000002654142,      -0.0000008681279148
        0.0000004326408656,      -0.0000273412719121,       0.0000000004148274,      -0.0000273412719121,       0.0000004326408656,       0.0000000004148274,       0.0000000004148274,       0.0000000004148274,      -0.0000008652817312
        0.0000004315516699,      -0.0000273411448228,      -0.0000000005319443,      -0.0000273411448228,       0.0000004312886089,      -0.0000000002928601,      -0.0000000005319443,      -0.0000000002928601,      -0.0000008628402788
        0.0000004320087000,      -0.0000273385421604,       0.0000000027056408,      -0.0000273385421604,       0.0000004324784070,      -0.0000000009869260,       0.0000000027056408,      -0.0000000009869260,      -0.0000008644871070
        0.0000004286547079,      -0.0000273365337286,       0.0000000058149876,      -0.0000273365337286,       0.0000004286888990,       0.0000000000290712,       0.0000000058149876,       0.0000000000290712,      -0.0000008573436069
        0.0000004253392837,      -0.0000273385193217,       0.0000000027008427,      -0.0000273385193217,       0.0000004248917085,       0.0000000010121749,       0.0000000027008427,       0.0000000010121749,      -0.0000008502309921
        0.0000004258493636,      -0.0000273411465274,      -0.0000000005428701,      -0.0000273411465274,       0.0000004261162794,       0.0000000002948557,      -0.0000000005428701,       0.0000000002948557,      -0.0000008519656430
        0.0000004248075684,      -0.0000273412694306,       0.0000000004168767,      -0.0000273412694306,       0.0000004248075684,      -0.0000000004168767,       0.0000000004168767,      -0.0000000004168767,      -0.0000008496151369
        0.0000004235108932,      -0.0000273410523765,      -0.0000000004054191,      -0.0000273410523765,       0.0000004232730379,       0.0000000002720704,      -0.0000000004054191,       0.0000000002720704,      -0.0000008467839311
        0.0000004240851810,      -0.0000273418701191,      -0.0000000001736324,      -0.0000273418701191,       0.0000004238068735,       0.0000000000592662,      -0.0000000001736324,       0.0000000000592662,      -0.0000008478920545
        0.0000004240967486,      -0.0000273416970976,      -0.0000000001055355,      -0.0000273416970976,       0.0000004233989884,      -0.0000000002261388,      -0.0000000001055355,      -0.0000000002261388,      -0.0000008474957370
        0.0000004248774564,      -0.0000273421059828,      -0.0000000005462602,      -0.0000273421059828,       0.0000004243317440,       0.0000000003303058,      -0.0000000005462602,       0.0000000003303058,      -0.0000008492092004
        0.0000004261069881,      -0.0000273420921424,      -0.0000000000815664,      -0.0000273420921424,       0.0000004252953034,      -0.0000000003685725,      -0.0000000000815664,      -0.0000000003685725,      -0.0000008514022915
        0.0000004268591350,      -0.0000273422156712,      -0.0000000004671618,      -0.0000273422156712,       0.0000004265419202,       0.0000000003519406,      -0.0000000004671618,       0.0000000003519406,      -0.0000008534010552
        0.0000004284186385,      -0.0000273422242884,      -0.0000000002484670,      -0.0000273422242884,       0.0000004280905605,      -0.0000000003539759,      -0.0000000002484670,      -0.0000000003539759,      -0.0000008565091990
        0.0000004294017195,      -0.0000273411985904,      -0.0000000002480586,      -0.0000273411985904,       0.0000004293896642,      -0.0000000006256896,      -0.0000000002480586,      -0.0000000006256896,      -0.0000008587913837
        0.0000004298791379,      -0.0000273412272962,      -0.0000000001592390,      -0.0000273412272962,       0.0000004304274384,       0.0000000006449290,      -0.0000000001592390,       0.0000000006449290,      -0.0000008603065763
