        1.3877710907613579,     168.2791856792131284,       0.0002975926575712,     168.2791856792131000,       1.3877710907150338,       0.0002975926550496,       0.0002975926575712,       0.0002975926550496,       0.0003979804403331
        1.3876899621970442,     168.2780728493055165,       0.0003530609484312,     168.2780728493055449,       1.3876936091596688,       0.0009286389270929,       0.0003530609484312,       0.0009286389270929,       0.0009977294662091
        1.3875990729796979,     168.2758828867724503,       0.0002130347337021,     168.2758828867724503,       1.3877110855907950,       0.0014448537449969,       0.0002130347337021,       0.0014448537449969,       0.0015129864534193
        1.3873706092051727,     168.2727522042564203,       0.0004148626218058,     168.2727522042564203,       1.3874894968999525,       0.0019321966289297,       0.0004148626218058,       0.0019321966289297,       0.0018446077195250
        1.3873311941285300,     168.2688576101883200,       0.0000424968104673,     168.2688576101883200,       1.3876993159824103,       0.0022327187082676,       0.0000424968104673,       0.0022327187082676,       0.0022329793909270
        1.3869773103180312,     168.2645016079123366,       0.0002539573649178,     168.2645016079123366,       1.3873959885453215,       0.0022979134160812,       0.0002539573649178,       0.0022979134160812,       0.0020315486791507
        1.3871569554028016,     168.2600890851274187,       0.0005575749922309,     168.2600890851273903,       1.3874255284634203,       0.0024575108596827,       0.0005575749922309,       0.0024575108596827,       0.0022885667516153
        1.3869330274287039,     168.2559792180070133,      -0.0022809218512289,     168.2559792180070133,       1.3878564246068961,       0.0016051148372947,      -0.0022809218512289,       0.0016051148372947,       0.0014437981987321
        1.3870283945663773,     168.2526664012202104,       0.0040319772650687,     168.2526664012202673,       1.3867927916262048,       0.0017018903547117,       0.0040319772650687,       0.0017018903547117,       0.0011920400021758
        1.3879266076469690,     168.2507093153417941,       0.0201696966249811,     168.2507093153417657,       1.3860477318517639,       0.0026996412713536,       0.0201696966249811,       0.0026996412713536,       0.0025271211609760
        1.3876373758380689,     168.2500574264818454,       0.0285389792193433,     168.2500574264817885,       1.3874327166470355,      -0.0002996724547060,       0.0285389792193433,      -0.0002996724547060,      -0.0001552196474830
        1.3873523717026501,     168.2507251208037644,       0.0201531028734064,     168.2507251208037360,       1.3888379257345704,      -0.0029259580673501,       0.0201531028734064,      -0.0029259580673501,      -0.0028102013765345
        1.3882551277623112,     168.2526751172111688,       0.0040314108451870,     168.2526751172111403,       1.3881451950693666,      -0.0016071214513173,       0.0040314108451870,      -0.0016071214513173,      -0.0014268290992991
        1.3883685008233138,     168.2559738894586019,      -0.0022721002065900,     168.2559738894586303,       1.3871694682287303,      -0.0016186076816658,      -0.0022721002065900,      -0.0016186076816658,      -0.0016236056974862
        1.3881749714515608,     168.2600846124639986,       0.0005596488904484,     168.2600846124639986,       1.3877092797651402,      -0.0024682253766078,       0.0005596488904484,      -0.0024682253766078,      -0.0023952706345581
        1.3883965671296610,     168.2644971807818877,       0.0002528309876281,     168.2644971807819161,       1.3878527424803209,      -0.0022847258225584,       0.0002528309876281,      -0.0022847258225584,      -0.0020586117527956
        1.3880936660955321,     168.2688485932773972,       0.0000383146584828,     168.2688485932774256,       1.3876582589999340,      -0.0022376838066257,       0.0000383146584828,      -0.0022376838066257,      -0.0021852199469578
        1.3881122588835380,     168.2727437899274605,       0.0004070179187933,     168.2727437899274605,       1.3879637902266106,      -0.0019253241636140,       0.0004070179187933,      -0.0019253241636140,      -0.0017289907719499
        1.3879368808462622,     168.2758751338844831,       0.0002053160247567,     168.2758751338844547,       1.3878154576063029,      -0.0014437797522966,       0.0002053160247567,      -0.0014437797522966,      -0.0013452347865004
        1.3878892022829579,     168.2780666737472188,       0.0003467998485281,     168.2780666737472473,       1.3878838010225238,      -0.0009255171758967,       0.0003467998485281,      -0.0009255171758967,      -0.0007934893595370
        1.3878311593892605,     168.2791843446892699,       0.0002954639736473,     168.2791843446892415,       1.3878311593791788,      -0.0002954639690182,       0.0002954639736473,      -0.0002954639690182,      -0.0001757557020227
        1.3876936092024321,     168.2780728493278843,       0.0009286389309159,     168.2780728493278275,       1.3876899621934473,       0.0003530609458542,       0.0009286389309159,       0.0003530609458542,       0.0009977295293145
        1.3875376784794606,     168.2770119959421038,       0.0008590519568069,     168.2770119959421038,       1.3875376784434805,       0.0008590519642083,       0.0008590519568069,       0.0008590519642083,       0.0027078307642116
        1.3871638131667485,     168.2749601198050868,       0.0009692468176009,     168.2749601198050868,       1.3872894759911301,       0.0015109234169044,       0.0009692468176009,       0.0015109234169044,       0.0042014494581567
        1.3868706481111674,     168.2719583709918822,       0.0006703745611494,     168.2719583709918822,       1.3873679907028662,       0.0018816915808205,       0.0006703745611494,       0.0018816915808205,       0.0055059916018997
        1.3862421876278350,     168.2682566917503948,       0.0008353261009165,     168.2682566917503664,       1.3870300378595801,       0.0022239049421432,       0.0008353261009165,       0.0022239049421432,       0.0061045487352651
        1.3861034333331068,     168.2640978201187636,       0.0004375629019859,     168.2640978201187352,       1.3873077177414779,       0.0025919998977677,       0.0004375629019859,       0.0025919998977677,       0.0066563596397174
        1.3855748483224795,     168.2597790445121859,      -0.0003462543295114,     168.2597790445121575,       1.3872004632070767,       0.0017505868015338,      -0.0003462543295114,       0.0017505868015338,       0.0058601143715884
        1.3859577274602213,     168.2559505809153109,       0.0022668834221195,     168.2559505809152824,       1.3868499199536695,       0.0030041132492730,       0.0022668834221195,       0.0030041132492730,       0.0054602491518356
        1.3862775979787036,     168.2527780376728685,      -0.0041755249171758,     168.2527780376728685,       1.3878708975222132,       0.0009042244986400,      -0.0041755249171758,       0.0009042244986400,       0.0037967926428400
        1.3860651324095663,     168.2501109067705158,      -0.0213815733612733,     168.2501109067705443,       1.3883407856212180,      -0.0050193930306617,      -0.0213815733612733,      -0.0050193930306617,      -0.0001801144434400
        1.3876254428058976,     168.2491364846665931,      -0.0304099451897868,     168.2491364846665363,       1.3874346540545022,       0.0003135228916842,      -0.0304099451897868,       0.0003135228916842,      -0.0001050435085300
        1.3891840907656852,     168.2500971107978955,      -0.0213188551741680,     168.2500971107979240,       1.3865441561421197,       0.0052427559894340,      -0.0213188551741680,       0.0052427559894340,      -0.0000590604985795
        1.3889961518476055,     168.2527680816332349,      -0.0041544048717414,     168.2527680816332349,       1.3870826398384144,      -0.0010205323088269,      -0.0041544048717414,      -0.0010205323088269,      -0.0040286654534812
        1.3893355771127880,     168.2559489224966285,       0.0022603159620637,     168.2559489224966285,       1.3881888698225668,      -0.0029943124582782,       0.0022603159620637,      -0.0029943124582782,      -0.0056242201184265
        1.3897443862064303,     168.2597695883677318,      -0.0003418741442228,     168.2597695883677602,       1.3879349941731569,      -0.0017393478062268,      -0.0003418741442228,      -0.0017393478062268,      -0.0059573756125291
        1.3892552914640701,     168.2640795516033734,       0.0004364623412784,     168.2640795516034018,       1.3879365112624831,      -0.0025998743954403,       0.0004364623412784,      -0.0025998743954403,      -0.0066838831547771
        1.3891688456692302,     168.2682359745950862,       0.0008274769501259,     168.2682359745950578,       1.3883187831875134,      -0.0022086114075477,       0.0008274769501259,      -0.0022086114075477,      -0.0060577612362579
        1.3885911892537541,     168.2719337955522576,       0.0006630877376766,     168.2719337955522860,       1.3880678010723861,      -0.0018780914734100,       0.0006630877376766,      -0.0018780914734100,      -0.0054006048397667
        1.3883522163135491,     168.2749378408304040,       0.0009591602853593,     168.2749378408304324,       1.3882191381018427,      -0.0015012542639593,       0.0009591602853593,      -0.0015012542639593,      -0.0040456137675112
        1.3880165552803185,     168.2769968391789348,       0.0008530318185610,     168.2769968391789348,       1.3880165554140831,      -0.0008530318491423,       0.0008530318185610,      -0.0008530318491423,      -0.0025205887767756
        1.3878838013250552,     168.2780666737305921,       0.0009255171987997,     168.2780666737306206,       1.3878892027192224,      -0.0003467998748559,       0.0009255171987997,      -0.0003467998748559,      -0.0007934889796166
        1.3877110855705868,     168.2758828867490877,       0.0014448537616340,     168.2758828867491161,       1.3875990729233696,       0.0002130347403468,       0.0014448537616340,       0.0002130347403468,       0.0015129863767913
        1.3872894760387331,     168.2749601198206051,       0.0015109233924766,     168.2749601198206051,       1.3871638132038668,       0.0009692468052335,       0.0015109233924766,       0.0009692468052335,       0.0042014495518489
        1.3869826059171380,     168.2730847396493061,       0.0013356162255817,     168.2730847396493061,       1.3869826059276005,       0.0013356162008152,       0.0013356162255817,       0.0013356162008152,       0.0067242385943550
        1.3861530613224780,     168.2704255376677054,       0.0014326396226794,     168.2704255376677054,       1.3865354708223754,       0.0019436766554561,       0.0014326396226793,       0.0019436766554561,       0.0085249193118137
        1.3857058369600792,     168.2670285461050241,       0.0010176077724858,     168.2670285461049957,       1.3867360653224929,       0.0023016452197954,       0.0010176077724858,       0.0023016452197954,       0.0100454812892081
        1.3847414252202717,     168.2631951178496763,       0.0007086099582888,     168.2631951178496479,       1.3863434721487171,       0.0020262246924535,       0.0007086099582888,       0.0020262246924535,       0.0100565006594850
        1.3848518934269738,     168.2593922641327424,       0.0011166130334991,     168.2593922641327424,       1.3866327178526905,       0.0032247242760055,       0.0011166130334991,       0.0032247242760055,       0.0100528595803964
        1.3844914438065545,     168.2555521490302226,      -0.0023765203505703,     168.2555521490302226,       1.3869873557911010,       0.0005276266594902,      -0.0023765203505703,       0.0005276266594902,       0.0080161312938208
        1.3852966703831933,     168.2526932401862325,       0.0028561729690156,     168.2526932401862325,       1.3863742890540243,       0.0019857939458832,       0.0028561729690156,       0.0019857939458832,       0.0057325655483672
        1.3875169261393561,     168.2518881135106597,       0.0212479468758559,     168.2518881135106881,       1.3869588867117042,       0.0096529455417739,       0.0212479468758559,       0.0096529455417739,       0.0052223219271224
        1.3876312348894269,     168.2516616385670716,       0.0313358211359909,     168.2516616385670147,       1.3874572906447238,      -0.0003657414182842,       0.0313358211359909,      -0.0003657414182842,      -0.0001569380160034
        1.3877555515095312,     168.2518974028384378,       0.0211513607106633,     168.2518974028384378,       1.3879883304212237,      -0.0099246485486584,       0.0211513607106633,      -0.0099246485486584,      -0.0054603093040892
        1.3899566632020934,     168.2526987839384560,       0.0028365379070104,     168.2526987839384560,       1.3886060936585656,      -0.0018754432541120,       0.0028365379070104,      -0.0018754432541120,      -0.0058984622832788
        1.3907735421325260,     168.2555436042216854,      -0.0023563743683396,     168.2555436042216854,       1.3880575039878473,      -0.0005521150247705,      -0.0023563743683396,      -0.0005521150247705,      -0.0081599368747587
        1.3904453867401287,     168.2593772278744382,       0.0011117116282095,     168.2593772278744382,       1.3885101882528852,      -0.0032336288980078,       0.0011117116282095,      -0.0032336288980079,      -0.0101371303792348
        1.3905929410766382,     168.2631740302493313,       0.0007024255988214,     168.2631740302493313,       1.3888932659938107,      -0.0020062317387440,       0.0007024255988214,      -0.0020062317387440,      -0.0100749532259798
        1.3896691674904647,     168.2669966068197027,       0.0010128877582954,     168.2669966068196743,       1.3885901327468477,      -0.0023008712110402,       0.0010128877582954,      -0.0023008712110402,      -0.0100108572926470
        1.3892757036391041,     168.2703920581102182,       0.0014188531210262,     168.2703920581101897,       1.3888755649256714,      -0.0019272752144536,       0.0014188531210262,      -0.0019272752144536,      -0.0084337682891937
        1.3884872028792485,     168.2730532346740517,       0.0013276724478573,     168.2730532346740802,       1.3884872028898416,      -0.0013276724535094,       0.0013276724478573,      -0.0013276724535094,      -0.0065971294842434
        1.3882191383082223,     168.2749378408260839,       0.0015012542461121,     168.2749378408260839,       1.3883522166228244,      -0.0009591602694806,       0.0015012542461121,      -0.0009591602694806,      -0.0040456135456763
        1.3878154573171595,     168.2758751338701870,       0.0014437797726320,     168.2758751338701870,       1.3879368807113825,      -0.0002053159801799,       0.0014437797726320,      -0.0002053159801799,      -0.0013452350241117
        1.3874894969789542,     168.2727522042685848,       0.0019321966207395,     168.2727522042686132,       1.3873706091657370,       0.0004148626088474,       0.0019321966207395,       0.0004148626088474,       0.0018446077056805
        1.3873679905868292,     168.2719583709861411,       0.0018816915725103,     168.2719583709861126,       1.3868706480725341,       0.0006703745621983,       0.0018816915725103,       0.0006703745621983,       0.0055059915529608
        1.3865354708067850,     168.2704255376552283,       0.0019436766575186,     168.2704255376552851,       1.3861530612914146,       0.0014326396418562,       0.0019436766575186,       0.0014326396418562,       0.0085249193581769
        1.3860329170371015,     168.2681062255854556,       0.0017332501921954,     168.2681062255854272,       1.3860329170113757,       0.0017332501940205,       0.0017332501921954,       0.0017332501940205,       0.0113186022198169
        1.3847219867208140,     168.2652266420829221,       0.0014611914729808,     168.2652266420829221,       1.3853931988856363,       0.0019500494306236,       0.0014611914729808,       0.0019500494306236,       0.0125855476930315
        1.3844049179603442,     168.2619768837639924,       0.0013769712539355,     168.2619768837640208,       1.3858022161235628,       0.0028153182020432,       0.0013769712539355,       0.0028153182020432,       0.0136289191579843
        1.3833521776855429,     168.2583485240709251,      -0.0003458210844833,     168.2583485240709251,       1.3855111688533768,       0.0010745014048724,      -0.0003458210844833,       0.0010745014048724,       0.0122993451544228
        1.3842006790070573,     168.2555962209127927,       0.0021267540320466,     168.2555962209128779,       1.3858526296808076,       0.0035115092306539,       0.0021267540320466,       0.0035115092306539,       0.0108364598905974
        1.3846318014390651,     168.2527357565084856,      -0.0027299129405250,     168.2527357565084856,       1.3869067469103455,       0.0015002065982183,      -0.0027299129405250,       0.0015002065982183,       0.0083204837250057
        1.3842568939082305,     168.2492125238715914,      -0.0239489831685088,     168.2492125238715914,       1.3859241502686226,      -0.0097276139504116,      -0.0239489831685088,      -0.0097276139504116,       0.0021199720385060
        1.3875813193280246,     168.2478892049711874,      -0.0360785204748439,     168.2478892049711590,       1.3874805864651869,       0.0003882201457130,      -0.0360785204748439,       0.0003882201457130,      -0.0000216267593042
        1.3909017726964827,     168.2492144235576745,      -0.0238165895526327,     168.2492144235576745,       1.3890123313251095,       0.0099931767731005,      -0.0238165895526327,       0.0099931767731005,      -0.0022393234340002
        1.3905832904198385,     168.2527331936588837,      -0.0027098305720451,     168.2527331936588837,       1.3880792904572545,      -0.0016373891597823,      -0.0027098305720451,      -0.0016373891597823,      -0.0084711364606858
        1.3910443651248727,     168.2555929897070826,       0.0021026265819784,     168.2555929897070826,       1.3892219223945657,      -0.0034862461265812,       0.0021026265819784,      -0.0034862461265812,      -0.0109246559257834
        1.3919061375969091,     168.2583372307283867,      -0.0003428477870045,     168.2583372307283867,       1.3896259269579474,      -0.0010630601753656,      -0.0003428477870045,      -0.0010630601753656,      -0.0123577298344120
        1.3908872064797573,     168.2619511137949360,       0.0013729607444530,     168.2619511137949075,       1.3894209162730207,      -0.0028201547847233,       0.0013729607444530,      -0.0028201547847233,      -0.0136490036302414
        1.3906127449664492,     168.2651957611568321,       0.0014452315597514,     168.2651957611568605,       1.3899120780361449,      -0.0019288930434707,       0.0014452315597514,      -0.0019288930434707,      -0.0125562156599249
        1.3893355537177414,     168.2680684293450497,       0.0017276006516123,     168.2680684293450497,       1.3893355536867973,      -0.0017276006429760,       0.0017276006516123,      -0.0017276006429760,      -0.0112603567236688
        1.3888755653071758,     168.2703920581075465,       0.0019272752231280,     168.2703920581075465,       1.3892757040205523,      -0.0014188530960169,       0.0019272752231280,      -0.0014188530960169,      -0.0084337679076636
        1.3880678011757683,     168.2719337955648484,       0.0018780914653334,     168.2719337955648768,       1.3885911893831164,      -0.0006630877172526,       0.0018780914653334,      -0.0006630877172526,      -0.0054006047415669
        1.3879637896424244,     168.2727437899223446,       0.0019253241835927,     168.2727437899223162,       1.3881122583819994,      -0.0004070179053506,       0.0019253241835927,      -0.0004070179053506,      -0.0017289912632706
        1.3876993159422502,     168.2688576102008540,       0.0022327186995944,     168.2688576102008255,       1.3873311940215358,       0.0000424967878790,       0.0022327186995944,       0.0000424967878790,       0.0022329793094695
        1.3870300380124352,     168.2682566917485190,       0.0022239049400002,     168.2682566917485190,       1.3862421876983699,       0.0008353260959357,       0.0022239049400002,       0.0008353260959357,       0.0061045488933506
        1.3867360653120835,     168.2670285461204855,       0.0023016452171441,     168.2670285461205140,       1.3857058369959701,       0.0010176077603383,       0.0023016452171441,       0.0010176077603383,       0.0100454813404007
        1.3853931988649144,     168.2652266420701039,       0.0019500494293368,     168.2652266420701039,       1.3847219867206275,       0.0014611914640345,       0.0019500494293368,       0.0014611914640345,       0.0125855477136373
        1.3848386519532538,     168.2629375654651085,       0.0021163483782697,     168.2629375654651369,       1.3848386519377867,       0.0021163483685091,       0.0021163483782697,       0.0021163483685091,       0.0149773641303610
        1.3832319234975115,     168.2601054544866486,       0.0007828873928428,     168.2601054544866486,       1.3840866889883683,       0.0012641743948770,       0.0007828873928428,       0.0012641743948770,       0.0149158120815909
        1.3835847875127520,     168.2577407802910159,       0.0016610148993359,     168.2577407802910159,       1.3849168553964206,       0.0030806116416022,       0.0016610148993359,       0.0030806116416022,       0.0146636797869691
        1.3827631897585961,     168.2542785314872162,      -0.0014616818300419,     168.2542785314872162,       1.3849276940398669,       0.0006799419447391,      -0.0014616818300419,       0.0006799419447391,       0.0124158368903388
        1.3840576008333805,     168.2526105076712213,       0.0000077542528978,     168.2526105076712213,       1.3850180819918165,       0.0002037625918549,       0.0000077542528978,       0.0002037625918549,       0.0078955705663588
        1.3879651308291252,     168.2540133538667817,       0.0228051590644891,     168.2540133538668101,       1.3889286177098146,       0.0106252398500608,       0.0228051590644891,       0.0106252398500608,       0.0058911266560273
        1.3876216731521835,     168.2548494125085767,       0.0368756390025442,     168.2548494125085483,       1.3874573747384764,      -0.0004179435314455,       0.0368756390025442,      -0.0004179435314455,      -0.0000884655817977
        1.3872798553533672,     168.2540033994671944,       0.0226532873238965,     168.2540033994671660,       1.3860693096613779,      -0.0109184294753777,       0.0226532873238965,      -0.0109184294753777,      -0.0059805245578976
        1.3911246792795906,     168.2526156810959890,       0.0000009076626721,     168.2526156810959890,       1.3900252025210742,      -0.0000828156451902,       0.0000009076626721,      -0.0000828156451902,      -0.0079284764486135
        1.3924120710489587,     168.2542822929766260,      -0.0014453135499059,     168.2542822929766544,       1.3901207701664802,      -0.0007085983053913,      -0.0014453135499059,      -0.0007085983053913,      -0.0124736268477252
        1.3916382236952447,     168.2577302725062793,       0.0016451765221562,     168.2577302725062509,       1.3902277434574075,      -0.0030754194723716,       0.0016451765221562,      -0.0030754194723716,      -0.0146880706846101
        1.3920113415744138,     168.2600898247360135,       0.0007701315519980,     168.2600898247360419,       1.3911189538981452,      -0.0012442642054650,       0.0007701315519980,      -0.0012442642054650,      -0.0149224947084404
        1.3904323252942552,     168.2629075613842531,       0.0021146388307417,     168.2629075613843099,       1.3904323252528670,      -0.0021146388329737,       0.0021146388307417,      -0.0021146388329737,      -0.0149727575233137
        1.3899120776194291,     168.2651957611515172,       0.0019288930593012,     168.2651957611514888,       1.3906127445704375,      -0.0014452315505260,       0.0019288930593012,      -0.0014452315505260,      -0.0125562162207902
        1.3885901327957277,     168.2669966068187932,       0.0023008712192550,     168.2669966068188216,       1.3896691676527559,      -0.0010128877684525,       0.0023008712192550,      -0.0010128877684525,      -0.0100108573003742
        1.3883187834269750,     168.2682359745935514,       0.0022086113848172,     168.2682359745935514,       1.3891688460942326,      -0.0008274769893227,       0.0022086113848172,      -0.0008274769893227,      -0.0060577608833828
        1.3876582587737671,     168.2688485933013567,       0.0022376838204391,     168.2688485933013567,       1.3880936659829375,      -0.0000383147139442,       0.0022376838204391,      -0.0000383147139442,      -0.0021852200908768
        1.3873959886406837,     168.2645016079210905,       0.0022979134495428,     168.2645016079210620,       1.3869773103568066,       0.0002539573650527,       0.0022979134495428,       0.0002539573650527,       0.0020315487486954
        1.3873077177522648,     168.2640978201501412,       0.0025919998690590,     168.2640978201501696,       1.3861034333436695,       0.0004375628923756,       0.0025919998690590,       0.0004375628923756,       0.0066563596191115
        1.3863434720805334,     168.2631951178520353,       0.0020262247188223,     168.2631951178520069,       1.3847414251880665,       0.0007086099446866,       0.0020262247188223,       0.0007086099446866,       0.0100565006581971
        1.3858022161238714,     168.2619768837610650,       0.0028153182029262,     168.2619768837610650,       1.3844049179039477,       0.0013769712702611,       0.0028153182029262,       0.0013769712702611,       0.0136289191377004
        1.3840866890921200,     168.2601054544950046,       0.0012641743926364,     168.2601054544949477,       1.3832319235600823,       0.0007828874092877,       0.0012641743926364,       0.0007828874092877,       0.0149158121698097
        1.3839162986255373,     168.2585291598958008,       0.0022417102362141,     168.2585291598957724,       1.3839162986718738,       0.0022417102382817,       0.0022417102362141,       0.0022417102382817,       0.0160967760029883
        1.3822730726806143,     168.2554967365439040,       0.0002371454914555,     168.2554967365439040,       1.3831227181204906,       0.0008431234664042,       0.0002371454914555,       0.0008431234664042,       0.0149883993537576
        1.3835507126462794,     168.2548361981188805,       0.0003791847313169,     168.2548361981188805,       1.3843885843588386,       0.0011095685133104,       0.0003791847313169,       0.0011095685133104,       0.0119015705991406
        1.3843002663506587,     168.2524570527424999,       0.0009815703264206,     168.2524570527425283,       1.3861020779769038,       0.0031142928504358,       0.0009815703264206,       0.0031142928504358,       0.0103363004147032
        1.3827395282467063,     168.2471888469398209,      -0.0243880966642747,     168.2471888469398209,       1.3824425845157216,      -0.0062596778787437,      -0.0243880966642747,      -0.0062596778787437,       0.0045906851614164
        1.3874769007398347,     168.2443158463562440,      -0.0409164466003964,     168.2443158463562156,       1.3875262939303481,       0.0004058001470113,      -0.0409164466003964,       0.0004058001470113,       0.0000649110055246
        1.3922481246285798,     168.2472278770114542,      -0.0242501621083290,     168.2472278770113974,       1.3925231027150988,       0.0065491937780078,      -0.0242501621083290,       0.0065491937780078,      -0.0045333089718749
        1.3908094400716378,     168.2524674688986863,       0.0009499506268628,     168.2524674688986579,       1.3888668169797485,      -0.0032018860072072,       0.0009499506268628,      -0.0032018860072072,      -0.0103271949953025
        1.3916181506989318,     168.2548358962960151,       0.0003637518719015,     168.2548358962960151,       1.3907129408048764,      -0.0010782367992029,       0.0003637518719015,      -0.0010782367992029,      -0.0118663496418292
        1.3928717223609186,     168.2555034111475436,       0.0002344901986827,     168.2555034111475720,       1.3919824662364102,      -0.0008371578421691,       0.0002344901986827,      -0.0008371578421691,      -0.0149896524544518
        1.3912748747593888,     168.2585162629713693,       0.0022335395962189,     168.2585162629713409,       1.3912748746666543,      -0.0022335396093056,       0.0022335395962189,      -0.0022335396093056,      -0.0160963648480699
        1.3911189542108844,     168.2600898247696648,       0.0012442642144883,     168.2600898247696364,       1.3920113418664450,      -0.0007701315628491,       0.0012442642144883,      -0.0007701315628491,      -0.0149224944476477
        1.3894209162276250,     168.2619511137901611,       0.0028201548134511,     168.2619511137901611,       1.3908872064651525,      -0.0013729607484462,       0.0028201548134511,      -0.0013729607484462,      -0.0136490037992736
        1.3888932660043747,     168.2631740302387584,       0.0020062317380490,     168.2631740302387584,       1.3905929410458602,      -0.0007024255982330,       0.0020062317380490,      -0.0007024255982330,      -0.0100749532823239
        1.3879365110363322,     168.2640795515916636,       0.0025998743679764,     168.2640795515916921,       1.3892552912379343,      -0.0004364623348248,       0.0025998743679764,      -0.0004364623348248,      -0.0066838832623139
        1.3878527422125346,     168.2644971807684726,       0.0022847257886999,     168.2644971807684158,       1.3883965667796334,      -0.0002528309911844,       0.0022847257886999,      -0.0002528309911844,      -0.0020586120255012
        1.3874255283792802,     168.2600890851472002,       0.0024575108862566,     168.2600890851472286,       1.3871569552620486,       0.0005575750068872,       0.0024575108862566,       0.0005575750068872,       0.0022885666208969
        1.3872004632648556,     168.2597790445248052,       0.0017505867944383,     168.2597790445248336,       1.3855748483802579,      -0.0003462543045515,       0.0017505867944383,      -0.0003462543045515,       0.0058601144343718
        1.3866327178127185,     168.2593922641273423,       0.0032247243011760,     168.2593922641273139,       1.3848518934642451,       0.0011166130693725,       0.0032247243011760,       0.0011166130693725,       0.0100528596847136
        1.3855111687811144,     168.2583485240881203,       0.0010745013967745,     168.2583485240881487,       1.3833521776030315,      -0.0003458210758916,       0.0010745013967745,      -0.0003458210758916,       0.0122993449789510
        1.3849168553760087,     168.2577407803016172,       0.0030806116404352,     168.2577407803015888,       1.3835847875128129,       0.0016610148991445,       0.0030806116404352,       0.0016610148991445,       0.0146636798075749
        1.3831227181559691,     168.2554967365611560,       0.0008431234491025,     168.2554967365611560,       1.3822730727678849,       0.0002371454945303,       0.0008431234491025,       0.0002371454945303,       0.0149883993840224
        1.3836762347697447,     168.2555669036740937,       0.0004917539835848,     168.2555669036740937,       1.3836762348315765,       0.0004917539754863,       0.0004917539835848,       0.0004917539754863,       0.0133947159450074
        1.3829795853290536,     168.2522014401481840,       0.0017487911990522,     168.2522014401481840,       1.3837153160665021,       0.0026108279723750,       0.0017487911990522,       0.0026108279723750,       0.0130650703874143
        1.3833418717344284,     168.2515159709478496,      -0.0036825104617585,     168.2515159709478780,       1.3832311984366550,      -0.0019322656074650,      -0.0036825104617585,      -0.0019322656074650,       0.0073638461873314
        1.3888618542369446,     168.2563922602077184,       0.0207468596513873,     168.2563922602077184,       1.3907915792889776,       0.0014311657968567,       0.0207468596513873,       0.0014311657968567,       0.0034427531662758
        1.3876385470413601,     168.2603852498048980,       0.0386353481056160,     168.2603852498049264,       1.3874233310006703,      -0.0003502431567070,       0.0386353481056160,      -0.0003502431567070,       0.0000415774230053
        1.3863361368746652,     168.2563493100032588,       0.0206479695806212,     168.2563493100032588,       1.3841793403511906,      -0.0016876746307631,       0.0206479695806212,      -0.0016876746307631,      -0.0033277458532136
        1.3917260071603801,     168.2515354417493256,      -0.0036385464795466,     168.2515354417492972,       1.3918256916227145,       0.0019924299948429,      -0.0036385464795466,       0.0019924299948429,      -0.0072352971560694
        1.3920552023553692,     168.2522273772113124,       0.0017143568916269,     168.2522273772113408,       1.3912767007734532,      -0.0025933455027223,       0.0017143568916269,      -0.0025933455027223,      -0.0129983934940802
        1.3914624052245046,     168.2555651868451321,       0.0004797077440844,     168.2555651868451037,       1.3914624052554938,      -0.0004797077460900,       0.0004797077440844,      -0.0004797077460900,      -0.0133333739420543
        1.3919824664855287,     168.2555034111451846,       0.0008371578223610,     168.2555034111451846,       1.3928717226307212,      -0.0002344902087920,       0.0008371578223610,      -0.0002344902087920,      -0.0149896522104013
        1.3902277432423238,     168.2577302724819504,       0.0030754195127816,     168.2577302724819219,       1.3916382233360425,      -0.0016451764984905,       0.0030754195127816,      -0.0016451764984905,      -0.0146880708993616
        1.3896259266577915,     168.2583372307617822,       0.0010630601861034,     168.2583372307617822,       1.3919061373067694,       0.0003428478087292,       0.0010630601861034,       0.0003428478087292,      -0.0123577300063420
        1.3885101879030486,     168.2593772278495692,       0.0032336288966712,     168.2593772278495692,       1.3904453864004105,      -0.0011117116410916,       0.0032336288966712,      -0.0011117116410916,      -0.0101371306567697
        1.3879349940230983,     168.2597695883427491,       0.0017393477769705,     168.2597695883427491,       1.3897443860770915,       0.0003418741372819,       0.0017393477769705,       0.0003418741372819,      -0.0059573756643658
        1.3877092799156918,     168.2600846124691429,       0.0024682253422536,     168.2600846124691145,       1.3881749716121368,      -0.0005596488776460,       0.0024682253422536,      -0.0005596488776460,      -0.0023952703605647
        1.3878564245780762,     168.2559792179886529,       0.0016051148419083,     168.2559792179886529,       1.3869330273637233,      -0.0022809218313304,       0.0016051148419083,      -0.0022809218313304,       0.0014437981649256
        1.3868499198381681,     168.2559505808992810,       0.0030041132429965,     168.2559505808993094,       1.3859577273396775,       0.0022668834138429,       0.0030041132429965,       0.0022668834138429,       0.0054602490314201
        1.3869873558046144,     168.2555521490557737,       0.0005276266707948,     168.2555521490557737,       1.3844914438458058,      -0.0023765203854829,       0.0005276266707948,      -0.0023765203854829,       0.0080161313688390
        1.3858526299382603,     168.2555962209249572,       0.0035115092238905,     168.2555962209249287,       1.3842006791149766,       0.0021267540058264,       0.0035115092238905,       0.0021267540058264,       0.0108364600087591
        1.3849276942348607,     168.2542785314874720,       0.0006799419469712,     168.2542785314874720,       1.3827631899538066,      -0.0014616818345556,       0.0006799419469712,      -0.0014616818345556,       0.0124158370596932
        1.3843885844492489,     168.2548361981386904,       0.0011095684936555,     168.2548361981387188,       1.3835507126593656,       0.0003791847349448,       0.0011095684936555,       0.0003791847349448,       0.0119015706995942
        1.3837153158863975,     168.2522014401631338,       0.0026108279735421,     168.2522014401631338,       1.3829795851952955,       0.0017487911931085,       0.0026108279735421,       0.0017487911931085,       0.0130650702946880
        1.3833660919334378,     168.2529014917972745,      -0.0026937015206892,     168.2529014917972461,       1.3833660917994615,      -0.0026937015396326,      -0.0026937015206892,      -0.0026937015396326,       0.0085233637597878
        1.3861078189081142,     168.2525062365872088,       0.0034963739895111,     168.2525062365872088,       1.3869252780231593,       0.0018968713467023,       0.0034963739895111,       0.0018968713467023,       0.0078879483520963
        1.3824759756036453,     168.2440419782123513,      -0.0174111222795591,     168.2440419782123513,       1.3810726889466400,       0.0065704830040416,      -0.0174111222795591,       0.0065704830040416,       0.0059412853911869
        1.3873039322106966,     168.2376478774249335,      -0.0374637008778640,     168.2376478774249335,       1.3875226872169144,       0.0002771208960592,      -0.0374637008778640,       0.0002771208960592,       0.0001253531085834
        1.3923122954526055,     168.2441205829075273,      -0.0174215032945206,     168.2441205829074988,       1.3938634122493421,      -0.0063093617457329,      -0.0174215032945206,      -0.0063093617457329,      -0.0057076375607811
        1.3888780280285058,     168.2525038707800888,       0.0034274621588894,     168.2525038707800888,       1.3879882252948050,      -0.0018887961678969,       0.0034274621588894,      -0.0018887961678969,      -0.0077128305795323
        1.3917147396544636,     168.2529141565987061,      -0.0026643263864934,     168.2529141565986777,       1.3917147395721206,       0.0026643263972822,      -0.0026643263864934,       0.0026643263972822,      -0.0083649321480566
        1.3912767008166911,     168.2522273772136998,       0.0025933454997571,     168.2522273772136714,       1.3920552022748420,      -0.0017143568966811,       0.0025933454997571,      -0.0017143568966811,      -0.0129983935076028
        1.3907129410408501,     168.2548358962893360,       0.0010782368132795,     168.2548358962893360,       1.3916181508317547,      -0.0003637518406929,       0.0010782368132795,      -0.0003637518406929,      -0.0118663493749192
        1.3901207698727742,     168.2542822929613067,       0.0007085983459579,     168.2542822929613351,       1.3924120707241663,       0.0014453135968701,       0.0007085983459579,       0.0014453135968701,      -0.0124736270434808
        1.3892219225740239,     168.2555929896953728,       0.0034862460869892,     168.2555929896953728,       1.3910443652941296,      -0.0021026265804200,       0.0034862460869892,      -0.0021026265804200,      -0.0109246557152174
        1.3880575044525048,     168.2555436042564168,       0.0005521149932226,     168.2555436042564168,       1.3907735425559873,       0.0023563743361450,       0.0005521149932226,       0.0023563743361450,      -0.0081599362868482
        1.3881888695946580,     168.2559489224973959,       0.0029943124534469,     168.2559489224973959,       1.3893355769466560,      -0.0022603159971628,       0.0029943124534469,      -0.0022603159971628,      -0.0056242202330465
        1.3871694683521343,     168.2559738894429415,       0.0016186076899722,     168.2559738894429415,       1.3883685009364923,       0.0022721002077631,       0.0016186076899722,       0.0022721002077631,      -0.0016236055274879
        1.3867927918649117,     168.2526664012094670,       0.0017018903442237,     168.2526664012094670,       1.3870283948103361,       0.0040319772344719,       0.0017018903442237,       0.0040319772344719,       0.0011920402822866
        1.3878708976357739,     168.2527780376602209,       0.0009042244715919,     168.2527780376602209,       1.3862775980663815,      -0.0041755249521391,       0.0009042244715919,      -0.0041755249521391,       0.0037967927719486
