       -0.0000000011767962,       0.0030003777699454,       0.0000000054623648,       0.0030003777699454,       0.0000179972494982,       0.0000000054448798,       0.0000000054623648,       0.0000000054448798,      -0.0000105094474165
       -0.0000000071113071,       0.0030003569847107,       0.0000000064177219,       0.0030003569847107,       0.0000179923010514,       0.0000000168645616,       0.0000000064177219,       0.0000000168645616,      -0.0000104964721616
       -0.0000000124047120,       0.0030003169414384,       0.0000000038828060,       0.0030003169414384,       0.0000179896713514,       0.0000000259312105,       0.0000000038828060,       0.0000000259312105,      -0.0000104863642728
       -0.0000000163833955,       0.0030002607691344,       0.0000000074524636,       0.0030002607691344,       0.0000179852483535,       0.0000000343823515,       0.0000000074524636,       0.0000000343823515,      -0.0000104781273541
       -0.0000000200401727,       0.0030001912400320,       0.0000000008304891,       0.0030001912400320,       0.0000179864116275,       0.0000000398973870,       0.0000000008304891,       0.0000000398973870,      -0.0000104727342233
       -0.0000000227924726,       0.0030001130742776,       0.0000000046624023,       0.0030001130742776,       0.0000179845137301,       0.0000000412728621,       0.0000000046624023,       0.0000000412728621,      -0.0000104713195113
       -0.0000000217522190,       0.0030000333236713,       0.0000000100810214,       0.0030000333236713,       0.0000179819603287,       0.0000000444629287,       0.0000000100810214,       0.0000000444629287,      -0.0000104673075023
       -0.0000000226062379,       0.0029999588209657,      -0.0000000406690628,       0.0029999588209657,       0.0000179951678426,       0.0000000295555887,      -0.0000000406690628,       0.0000000295555887,      -0.0000104820886079
       -0.0000000133417133,       0.0029998987043137,       0.0000000713769038,       0.0029998987043137,       0.0000179802596474,       0.0000000305753117,       0.0000000713769038,       0.0000000305753117,      -0.0000104814891555
       -0.0000000028111095,       0.0029998630792925,       0.0000003584301191,       0.0029998630792925,       0.0000179584967099,       0.0000000491810328,       0.0000003584301191,       0.0000000491810328,      -0.0000104634630725
        0.0000000006717074,       0.0029998512174599,       0.0000005074746094,       0.0029998512174599,       0.0000180040071019,      -0.0000000031400270,       0.0000005074746094,      -0.0000000031400270,      -0.0000105190903112
        0.0000000042563676,       0.0029998633762151,       0.0000003583882431,       0.0029998633762151,       0.0000180495677330,      -0.0000000518134254,       0.0000003583882431,      -0.0000000518134254,      -0.0000105748462595
        0.0000000146608842,       0.0029998987435783,       0.0000000716206722,       0.0029998987435783,       0.0000180276846934,      -0.0000000295194424,       0.0000000716206722,      -0.0000000295194424,      -0.0000105566146332
        0.0000000233624237,       0.0029999585051076,      -0.0000000401901879,       0.0029999585051076,       0.0000180121237630,      -0.0000000290774755,      -0.0000000401901879,      -0.0000000290774755,      -0.0000105548436040
        0.0000000218453681,       0.0030000329172386,       0.0000000105288106,       0.0030000329172386,       0.0000180242094531,      -0.0000000443474548,       0.0000000105288106,      -0.0000000443474548,      -0.0000105678832651
        0.0000000222555088,       0.0030001125871450,       0.0000000050456946,       0.0030001125871450,       0.0000180202590615,      -0.0000000410069720,       0.0000000050456946,      -0.0000000410069720,      -0.0000105618686675
        0.0000000183719288,       0.0030001907374396,       0.0000000011398959,       0.0030001907374396,       0.0000180168505578,      -0.0000000398712247,       0.0000000011398959,      -0.0000000398712247,      -0.0000105578156188
        0.0000000136184716,       0.0030002603570015,       0.0000000076010410,       0.0030002603570015,       0.0000180165750894,      -0.0000000343309414,       0.0000000076010410,      -0.0000000343309414,      -0.0000105498128770
        0.0000000101984216,       0.0030003166551367,       0.0000000039173040,       0.0030003166551367,       0.0000180109675221,      -0.0000000259184270,       0.0000000039173040,      -0.0000000259184270,      -0.0000105408869809
        0.0000000074011837,       0.0030003567844160,       0.0000000063876071,       0.0030003567844160,       0.0000180075144977,      -0.0000000168766808,       0.0000000063876071,      -0.0000000168766808,      -0.0000105324149895
        0.0000000037787462,       0.0030003777113775,       0.0000000054463167,       0.0030003777113775,       0.0000180021454638,      -0.0000000054862792,       0.0000000054463167,      -0.0000000054862792,      -0.0000105213297219
       -0.0000000063473502,       0.0030003570128095,       0.0000000168891565,       0.0030003570128095,       0.0000179911475380,       0.0000000063548214,       0.0000000168891565,       0.0000000063548214,      -0.0000104960932429
       -0.0000000205010957,       0.0030003371382138,       0.0000000156172329,       0.0030003371382138,       0.0000179778894140,       0.0000000155480490,       0.0000000156172329,       0.0000000155480490,      -0.0000104623931226
       -0.0000000335771322,       0.0030002996168413,       0.0000000175213133,       0.0030002996168413,       0.0000179657692417,       0.0000000269338877,       0.0000000175213133,       0.0000000269338877,      -0.0000104332292538
       -0.0000000448308953,       0.0030002458360010,       0.0000000121740900,       0.0030002458360010,       0.0000179597930234,       0.0000000333296595,       0.0000000121740900,       0.0000000333296595,      -0.0000104109605986
       -0.0000000562374198,       0.0030001798206753,       0.0000000151415678,       0.0030001798206753,       0.0000179534651127,       0.0000000394028343,       0.0000000151415678,       0.0000000394028343,      -0.0000103944092233
       -0.0000000643216386,       0.0030001051781922,       0.0000000080061251,       0.0030001051781922,       0.0000179548477108,       0.0000000462309093,       0.0000000080061251,       0.0000000462309093,      -0.0000103842679074
       -0.0000000678688604,       0.0030000274032399,      -0.0000000060957351,       0.0030000274032399,       0.0000179610715196,       0.0000000311030506,      -0.0000000060957351,       0.0000000311030506,      -0.0000103929205832
       -0.0000000568808941,       0.0029999586336379,       0.0000000401808107,       0.0029999586336379,       0.0000179567098267,       0.0000000531558275,       0.0000000401808107,       0.0000000531558275,      -0.0000104009891332
       -0.0000000472069223,       0.0029999020321109,      -0.0000000747972115,       0.0029999020321109,       0.0000179835316390,       0.0000000164005168,      -0.0000000747972115,       0.0000000164005168,      -0.0000104385958782
       -0.0000000292984282,       0.0029998545801283,      -0.0000003813928328,       0.0029998545801283,       0.0000180193427520,      -0.0000000905506487,      -0.0000003813928328,      -0.0000000905506487,      -0.0000105081630407
        0.0000000006553939,       0.0029998371605143,      -0.0000005425839369,       0.0029998371605143,       0.0000179980784600,       0.0000000029015281,      -0.0000005425839369,       0.0000000029015281,      -0.0000105133149546
        0.0000000306387076,       0.0029998540953706,      -0.0000003807725580,       0.0029998540953706,       0.0000179764255241,       0.0000000932268848,      -0.0000003807725580,       0.0000000932268848,      -0.0000105182100488
        0.0000000484885342,       0.0029999015686464,      -0.0000000746128690,       0.0029999015686464,       0.0000180117906315,      -0.0000000166871330,      -0.0000000746128690,      -0.0000000166871330,      -0.0000105872195585
        0.0000000574956296,       0.0029999581918989,       0.0000000399109327,       0.0029999581918989,       0.0000180389465527,      -0.0000000528057247,       0.0000000399109327,      -0.0000000528057247,      -0.0000106244049393
        0.0000000678322544,       0.0030000266411808,      -0.0000000062501874,       0.0030000266411808,       0.0000180352878471,      -0.0000000306562687,      -0.0000000062501874,      -0.0000000306562687,      -0.0000106324234549
        0.0000000637253197,       0.0030001041896914,       0.0000000079070136,       0.0030001041896914,       0.0000180420643706,      -0.0000000460939263,       0.0000000079070136,      -0.0000000460939263,      -0.0000106410427397
        0.0000000547483223,       0.0030001788032943,       0.0000000149751266,       0.0030001788032943,       0.0000180437068679,      -0.0000000392379028,       0.0000000149751266,      -0.0000000392379028,      -0.0000106302135153
        0.0000000422472090,       0.0030002449854108,       0.0000000120558029,       0.0030002449854108,       0.0000180373688967,      -0.0000000333190473,       0.0000000120558029,      -0.0000000333190473,      -0.0000106125374290
        0.0000000314145243,       0.0030002989835613,       0.0000000173304661,       0.0030002989835613,       0.0000180312355599,      -0.0000000268951775,       0.0000000173304661,      -0.0000000268951775,      -0.0000105904457600
        0.0000000207708820,       0.0030003367354244,       0.0000000154793184,       0.0030003367354244,       0.0000180189452870,      -0.0000000155792818,       0.0000000154793184,      -0.0000000155792818,      -0.0000105635294285
        0.0000000090547617,       0.0030003568438969,       0.0000000168223855,       0.0030003568438969,       0.0000180055840915,      -0.0000000064742098,       0.0000000168223855,      -0.0000000064742098,      -0.0000105321555062
       -0.0000000093792516,       0.0030003169280454,       0.0000000259561797,       0.0030003169280454,       0.0000179854256843,       0.0000000037883189,       0.0000000259561797,       0.0000000037883189,      -0.0000104852048153
       -0.0000000328092378,       0.0030002995319411,       0.0000000270358572,       0.0030002995319411,       0.0000179642027669,       0.0000000173919043,       0.0000000270358572,       0.0000000173919043,      -0.0000104324851056
       -0.0000000499396453,       0.0030002653678956,       0.0000000237488797,       0.0030002653678956,       0.0000179478100581,       0.0000000236157150,       0.0000000237488797,       0.0000000236157150,      -0.0000103900645078
       -0.0000000685071706,       0.0030002181431646,       0.0000000253701746,       0.0030002181431646,       0.0000179351036452,       0.0000000341314142,       0.0000000253701746,       0.0000000341314142,      -0.0000103563310402
       -0.0000000860595769,       0.0030001578436619,       0.0000000178923105,       0.0030001578436619,       0.0000179331412373,       0.0000000406426910,       0.0000000178923105,       0.0000000406426910,      -0.0000103308498352
       -0.0000001011906036,       0.0030000893664189,       0.0000000122952450,       0.0030000893664189,       0.0000179344735931,       0.0000000357239227,       0.0000000122952450,       0.0000000357239227,      -0.0000103225274478
       -0.0000001015485380,       0.0030000212201182,       0.0000000194136629,       0.0030000212201182,       0.0000179412321994,       0.0000000571966773,       0.0000000194136629,       0.0000000571966773,      -0.0000103268902581
       -0.0000000963752547,       0.0029999524971958,      -0.0000000426442487,       0.0029999524971958,       0.0000179638546421,       0.0000000091519356,      -0.0000000426442487,       0.0000000091519356,      -0.0000103631606844
       -0.0000000658044350,       0.0029999010963989,       0.0000000509772592,       0.0029999010963989,       0.0000179639517967,       0.0000000344820239,       0.0000000509772592,       0.0000000344820239,      -0.0000104025531629
       -0.0000000307481363,       0.0029998862504766,       0.0000003789986361,       0.0029998862504766,       0.0000179615618658,       0.0000001739132711,       0.0000003789986361,       0.0000001739132711,      -0.0000104248807219
        0.0000000004476628,       0.0029998819612211,       0.0000005594045679,       0.0029998819612211,       0.0000179976015698,      -0.0000000015457501,       0.0000005594045679,      -0.0000000015457501,      -0.0000105127989566
        0.0000000318392461,       0.0029998861963483,       0.0000003780239523,       0.0029998861963483,       0.0000180341927529,      -0.0000001749529305,       0.0000003780239523,      -0.0000001749529305,      -0.0000106013166655
        0.0000000668500485,       0.0029999005542354,       0.0000000508140693,       0.0029999005542354,       0.0000180323467907,      -0.0000000340407145,       0.0000000508140693,      -0.0000000340407145,      -0.0000106242202711
        0.0000000969944444,       0.0029999515898821,      -0.0000000422101270,       0.0029999515898821,       0.0000180318749867,      -0.0000000094892185,      -0.0000000422101270,      -0.0000000094892185,      -0.0000106626306243
        0.0000001013332311,       0.0030000202517324,       0.0000000195144501,       0.0030000202517324,       0.0000180536543067,      -0.0000000572607817,       0.0000000195144501,      -0.0000000572607817,      -0.0000106971340487
        0.0000001006094178,       0.0030000881857562,       0.0000000122094070,       0.0030000881857562,       0.0000180598188475,      -0.0000000356394065,       0.0000000122094070,      -0.0000000356394065,      -0.0000107003887557
        0.0000000848780156,       0.0030001566377294,       0.0000000178628612,       0.0030001566377294,       0.0000180607451759,      -0.0000000407976776,       0.0000000178628612,      -0.0000000407976776,      -0.0000106910408034
        0.0000000663631653,       0.0030002171707488,       0.0000000251255754,       0.0030002171707488,       0.0000180585215643,      -0.0000000341962828,       0.0000000251255754,      -0.0000000341962828,      -0.0000106642195821
        0.0000000478261443,       0.0030002647468867,       0.0000000235611986,       0.0030002647468867,       0.0000180456804514,      -0.0000000237005680,       0.0000000235611986,      -0.0000000237005680,      -0.0000106303511296
        0.0000000330007105,       0.0030002991011764,       0.0000000267898160,       0.0030002991011764,       0.0000180292663028,      -0.0000000174899690,       0.0000000267898160,      -0.0000000174899690,      -0.0000105901349000
        0.0000000122207815,       0.0030003167786303,       0.0000000258985943,       0.0030003167786303,       0.0000180080552261,      -0.0000000040343033,       0.0000000258985943,      -0.0000000040343033,      -0.0000105400759058
       -0.0000000143983919,       0.0030002606760778,       0.0000000344403746,       0.0030002606760778,       0.0000179815751240,       0.0000000073159058,       0.0000000344403746,       0.0000000073159058,      -0.0000104766377925
       -0.0000000390166745,       0.0030002456140955,       0.0000000333581595,       0.0030002456140955,       0.0000179530937049,       0.0000000119776421,       0.0000000333581595,       0.0000000119776421,      -0.0000104102830312
       -0.0000000626243344,       0.0030002180336330,       0.0000000342588159,       0.0030002180336330,       0.0000179294289608,       0.0000000251378645,       0.0000000342588159,       0.0000000251378645,      -0.0000103566997486
       -0.0000000827195933,       0.0030001772996907,       0.0000000304718389,       0.0030001772996907,       0.0000179153030702,       0.0000000303250452,       0.0000000304718389,       0.0000000303250452,      -0.0000103127851337
       -0.0000001088247322,       0.0030001263891144,       0.0000000257953218,       0.0030001263891144,       0.0000179066816156,       0.0000000343803316,       0.0000000257953218,       0.0000000343803316,      -0.0000102805096286
       -0.0000001250414509,       0.0030000680684068,       0.0000000244510946,       0.0030000680684068,       0.0000179100171931,       0.0000000501502520,       0.0000000244510946,       0.0000000501502520,      -0.0000102621174622
       -0.0000001324412963,       0.0030000028397243,      -0.0000000059756576,       0.0030000028397243,       0.0000179195149813,       0.0000000189899854,      -0.0000000059756576,       0.0000000189899854,      -0.0000102754000607
       -0.0000001112950480,       0.0029999531154998,       0.0000000381342839,       0.0029999531154998,       0.0000179278873604,       0.0000000627453795,       0.0000000381342839,       0.0000000627453795,      -0.0000103057272714
       -0.0000000951964554,       0.0029999012499256,      -0.0000000484466000,       0.0029999012499256,       0.0000179565479100,       0.0000000279778771,      -0.0000000484466000,       0.0000000279778771,      -0.0000103545469483
       -0.0000000577991248,       0.0029998375533170,      -0.0000004265357863,       0.0029998375533170,       0.0000179807918286,      -0.0000001761565033,      -0.0000004265357863,      -0.0000001761565033,      -0.0000104491928934
        0.0000000003242361,       0.0029998133536908,      -0.0000006433321517,       0.0029998133536908,       0.0000180011162046,      -0.0000000004081644,      -0.0000006433321517,      -0.0000000004081644,      -0.0000105160722887
        0.0000000583558142,       0.0029998369024802,      -0.0000004249601010,       0.0029998369024802,       0.0000180205086959,       0.0000001749517092,      -0.0000004249601010,       0.0000001749517092,      -0.0000105820929689
        0.0000000959858695,       0.0029999003104651,      -0.0000000479334608,       0.0029999003104651,       0.0000180433649012,      -0.0000000285757921,      -0.0000000479334608,      -0.0000000285757921,      -0.0000106755342180
        0.0000001117471310,       0.0029999519361692,       0.0000000380783646,       0.0029999519361692,       0.0000180714378963,      -0.0000000624250485,       0.0000000380783646,      -0.0000000624250485,      -0.0000107234593413
        0.0000001322264160,       0.0030000012855760,      -0.0000000057074147,       0.0030000012855760,       0.0000180789541463,      -0.0000000192300715,      -0.0000000057074147,      -0.0000000192300715,      -0.0000107523271660
        0.0000001243698643,       0.0030000663428086,       0.0000000247577580,       0.0030000663428086,       0.0000180871677773,      -0.0000000503587646,       0.0000000247577580,      -0.0000000503587646,      -0.0000107639113254
        0.0000001081382497,       0.0030001246767529,       0.0000000257881886,       0.0030001246767529,       0.0000180891745334,      -0.0000000346072481,       0.0000000257881886,      -0.0000000346072481,      -0.0000107441175884
        0.0000000812203040,       0.0030001760400653,       0.0000000306206267,       0.0030001760400653,       0.0000180793860913,      -0.0000000307661603,       0.0000000306206267,      -0.0000000307661603,      -0.0000107099040554
        0.0000000606594931,       0.0030002172772677,       0.0000000340614836,       0.0030002172772677,       0.0000180644338703,      -0.0000000253581995,       0.0000000340614836,      -0.0000000253581995,      -0.0000106645742122
        0.0000000389991355,       0.0030002452160118,       0.0000000332864817,       0.0030002452160118,       0.0000180402832717,      -0.0000000122757076,       0.0000000332864817,      -0.0000000122757076,      -0.0000106124177491
        0.0000000173316500,       0.0030002605037182,       0.0000000342912601,       0.0030002605037182,       0.0000180116259066,      -0.0000000077567023,       0.0000000342912601,      -0.0000000077567023,      -0.0000105487850593
       -0.0000000139887848,       0.0030001910751933,       0.0000000398507221,       0.0030001910751933,       0.0000179788589104,       0.0000000006593716,       0.0000000398507221,       0.0000000006593716,      -0.0000104716212617
       -0.0000000455579001,       0.0030001795606467,       0.0000000394542869,       0.0030001795606467,       0.0000179426773647,       0.0000000148752115,       0.0000000394542869,       0.0000000148752115,      -0.0000103947158728
       -0.0000000645838741,       0.0030001577089023,       0.0000000406243169,       0.0030001577089023,       0.0000179129336509,       0.0000000176059466,       0.0000000406243169,       0.0000000176059466,      -0.0000103324775844
       -0.0000000914872781,       0.0030001263770993,       0.0000000345642436,       0.0030001263770993,       0.0000178902751342,       0.0000000255392494,       0.0000000345642436,       0.0000000255392494,      -0.0000102816256063
       -0.0000001181816833,       0.0030000853012220,       0.0000000378220406,       0.0030000853012220,       0.0000178810740057,       0.0000000377163371,       0.0000000378220406,       0.0000000377163371,      -0.0000102365139479
       -0.0000001418464405,       0.0030000339162885,       0.0000000142405434,       0.0030000339162885,       0.0000178779889047,       0.0000000224171918,       0.0000000142405434,       0.0000000224171918,      -0.0000102199336227
       -0.0000001389970586,       0.0029999911376881,       0.0000000296884741,       0.0029999911376881,       0.0000178902362153,       0.0000000550400043,       0.0000000296884741,       0.0000000550400043,      -0.0000102308612510
       -0.0000001382324692,       0.0029999289319573,      -0.0000000260178835,       0.0029999289319573,       0.0000179089380458,       0.0000000121551533,      -0.0000000260178835,       0.0000000121551533,      -0.0000102634340208
       -0.0000000906072111,       0.0029998987840283,       0.0000000000824140,       0.0029998987840283,       0.0000179308459217,       0.0000000026861202,       0.0000000000824140,       0.0000000026861202,      -0.0000103467588374
       -0.0000000384395042,       0.0029999237857326,       0.0000004060085886,       0.0029999237857326,       0.0000179839197365,       0.0000001935471286,       0.0000004060085886,       0.0000001935471286,      -0.0000104264547741
        0.0000000000382113,       0.0029999389184922,       0.0000006573140418,       0.0029999389184922,       0.0000179983043964,       0.0000000024832667,       0.0000006573140418,       0.0000000024832667,      -0.0000105128834212
        0.0000000387556977,       0.0029999235252254,       0.0000004041649837,       0.0029999235252254,       0.0000180136159934,      -0.0000001902827906,       0.0000004041649837,      -0.0000001902827906,      -0.0000106004731438
        0.0000000910190734,       0.0029998979286869,      -0.0000000001475155,       0.0029998979286869,       0.0000180677722734,      -0.0000000023774610,      -0.0000000001475155,      -0.0000000023774610,      -0.0000106816300119
        0.0000001386816593,       0.0029999275861360,      -0.0000000258314855,       0.0029999275861360,       0.0000180895957596,      -0.0000000127618555,      -0.0000000258314855,      -0.0000000127618555,      -0.0000107650736421
        0.0000001386835247,       0.0029999895508743,       0.0000000295651432,       0.0029999895508743,       0.0000181083059876,      -0.0000000548378611,       0.0000000295651432,      -0.0000000548378611,      -0.0000107968865108
        0.0000001411204702,       0.0030000319836169,       0.0000000140475693,       0.0030000319836169,       0.0000181205395804,      -0.0000000226372855,       0.0000000140475693,      -0.0000000226372855,      -0.0000108074526015
        0.0000001178100349,       0.0030000832478399,       0.0000000380619777,       0.0030000832478399,       0.0000181170912521,      -0.0000000381713970,       0.0000000380619777,      -0.0000000381713970,      -0.0000107910284710
        0.0000000908543888,       0.0030001247034502,       0.0000000344250516,       0.0030001247034502,       0.0000181072627125,      -0.0000000260434012,       0.0000000344250516,      -0.0000000260434012,      -0.0000107450949771
        0.0000000628687008,       0.0030001567824501,       0.0000000408033993,       0.0030001567824501,       0.0000180838888291,      -0.0000000181516205,       0.0000000408033993,      -0.0000000181516205,      -0.0000106925004721
        0.0000000451813401,       0.0030001790868427,       0.0000000391724257,       0.0030001790868427,       0.0000180536782091,      -0.0000000152590673,       0.0000000391724257,      -0.0000000152590673,      -0.0000106310230982
        0.0000000169102470,       0.0030001909199554,       0.0000000399280589,       0.0030001909199554,       0.0000180172784267,      -0.0000000013230477,       0.0000000399280589,      -0.0000000013230477,      -0.0000105571727120
       -0.0000000167686153,       0.0030001128646381,       0.0000000413328824,       0.0030001128646381,       0.0000179771507397,       0.0000000044896159,       0.0000000413328824,       0.0000000044896159,      -0.0000104705602990
       -0.0000000443008391,       0.0030001048638504,       0.0000000460954681,       0.0030001048638504,       0.0000179355737741,       0.0000000076801781,       0.0000000460954681,       0.0000000076801781,      -0.0000103856206959
       -0.0000000632507889,       0.0030000892553860,       0.0000000358270737,       0.0030000892553860,       0.0000178986710868,       0.0000000119677984,       0.0000000358270737,       0.0000000119677984,      -0.0000103251924882
       -0.0000000883962968,       0.0030000680484369,       0.0000000500970135,       0.0030000680484369,       0.0000178748149220,       0.0000000242166815,       0.0000000500970135,       0.0000000242166815,      -0.0000102638648360
       -0.0000001214485894,       0.0030000338619306,       0.0000000227176206,       0.0030000338619306,       0.0000178579416578,       0.0000000139451180,       0.0000000227176206,       0.0000000139451180,      -0.0000102204329803
       -0.0000001365123883,       0.0030000050642586,       0.0000000398461506,       0.0030000050642586,       0.0000178631957075,       0.0000000398261866,       0.0000000398461506,       0.0000000398261866,      -0.0000102033052228
       -0.0000001507313686,       0.0029999510110488,       0.0000000040315221,       0.0029999510110488,       0.0000178678301425,       0.0000000145461367,       0.0000000040315221,       0.0000000145461367,      -0.0000102092114866
       -0.0000001189989312,       0.0029999391390697,       0.0000000065396718,       0.0029999391390697,       0.0000179007834535,       0.0000000197456638,       0.0000000065396718,       0.0000000197456638,      -0.0000102762964374
       -0.0000001072619504,       0.0029998962254670,       0.0000000173560153,       0.0029998962254670,       0.0000179347255517,       0.0000000564467244,       0.0000000173560153,       0.0000000564467244,      -0.0000103175888453
       -0.0000000754414670,       0.0029998015172802,      -0.0000004342826395,       0.0029998015172802,       0.0000179193116829,      -0.0000001164420740,      -0.0000004342826395,      -0.0000001164420740,      -0.0000103818169496
        0.0000000000677266,       0.0029997492390072,      -0.0000007291807196,       0.0029997492390072,       0.0000180006696070,      -0.0000000042804863,      -0.0000007291807196,      -0.0000000042804863,      -0.0000105159180238
        0.0000000753980518,       0.0029998011016849,      -0.0000004324436848,       0.0029998011016849,       0.0000180810578098,       0.0000001118628656,      -0.0000004324436848,       0.0000001118628656,      -0.0000106486269298
        0.0000001073814319,       0.0029998954233633,       0.0000000170928294,       0.0029998954233633,       0.0000180646212565,      -0.0000000560617553,       0.0000000170928294,      -0.0000000560617553,      -0.0000107116539281
        0.0000001193695144,       0.0029999379015799,       0.0000000064370553,       0.0029999379015799,       0.0000180985116928,      -0.0000000192471171,       0.0000000064370553,      -0.0000000192471171,      -0.0000107530477643
        0.0000001507037156,       0.0029999495595417,       0.0000000039974687,       0.0029999495595417,       0.0000181311086296,      -0.0000000152496522,       0.0000000039974687,      -0.0000000152496522,      -0.0000108195827666
        0.0000001356877173,       0.0030000035024448,       0.0000000398510933,       0.0030000035024448,       0.0000181356537499,      -0.0000000398784097,       0.0000000398510933,      -0.0000000398784097,      -0.0000108244953849
        0.0000001210874297,       0.0030000320429478,       0.0000000223350968,       0.0030000320429478,       0.0000181411520547,      -0.0000000143470446,       0.0000000223350968,      -0.0000000143470446,      -0.0000108081917539
        0.0000000885940488,       0.0030000663797060,       0.0000000504182977,       0.0030000663797060,       0.0000181244325359,      -0.0000000249859062,       0.0000000504182977,      -0.0000000249859062,      -0.0000107657084349
        0.0000000619242786,       0.0030000883077630,       0.0000000355266942,       0.0030000883077630,       0.0000181006329485,      -0.0000000125355102,       0.0000000355266942,      -0.0000000125355102,      -0.0000107030185587
        0.0000000434410532,       0.0030001045032879,       0.0000000462202551,       0.0030001045032879,       0.0000180637246358,      -0.0000000082467134,       0.0000000462202551,      -0.0000000082467134,      -0.0000106430037963
        0.0000000194572278,       0.0030001127845831,       0.0000000409711239,       0.0030001127845831,       0.0000180222323818,      -0.0000000052282852,       0.0000000409711239,      -0.0000000052282852,      -0.0000105616222288
       -0.0000000202965541,       0.0030000330665686,       0.0000000443300207,       0.0030000330665686,       0.0000179788796122,       0.0000000099253945,       0.0000000443300207,       0.0000000099253945,      -0.0000104664232443
       -0.0000000380666150,       0.0030000270474915,       0.0000000310927001,       0.0030000270474915,       0.0000179326755803,      -0.0000000064236246,       0.0000000310927001,      -0.0000000064236246,      -0.0000103951053493
       -0.0000000564409737,       0.0030000211595455,       0.0000000570065946,       0.0030000211595455,       0.0000178989207427,       0.0000000190528642,       0.0000000570065946,       0.0000000190528642,      -0.0000103302924709
       -0.0000000793737452,       0.0030000027367383,       0.0000000192181479,       0.0030000027367383,       0.0000178678710510,      -0.0000000062085781,       0.0000000192181479,      -0.0000000062085781,      -0.0000102772711076
       -0.0000001092894095,       0.0029999910021932,       0.0000000548791726,       0.0029999910021932,       0.0000178611328556,       0.0000000294910895,       0.0000000548791726,       0.0000000294910895,      -0.0000102317212184
       -0.0000001318193703,       0.0029999509337462,       0.0000000149381149,       0.0029999509337462,       0.0000178491969198,       0.0000000036241865,       0.0000000149381149,       0.0000000036241865,      -0.0000102096600186
       -0.0000001209940079,       0.0029999524559219,       0.0000000086715353,       0.0029999524559219,       0.0000178787866100,       0.0000000087705871,       0.0000000086715353,       0.0000000087705871,      -0.0000102485018808
       -0.0000001308000766,       0.0029998918315488,       0.0000000311675360,       0.0029998918315488,       0.0000178857806373,       0.0000000462350226,       0.0000000311675360,       0.0000000462350226,      -0.0000102494320551
       -0.0000000871804844,       0.0029998792701853,      -0.0000000655116409,       0.0029998792701853,       0.0000179097883821,      -0.0000000355690618,      -0.0000000655116409,      -0.0000000355690618,      -0.0000103426692021
       -0.0000000191846761,       0.0029999662946394,       0.0000003695838031,       0.0029999662946394,       0.0000180248643674,       0.0000000304027054,       0.0000003695838031,       0.0000000304027054,      -0.0000104856434406
       -0.0000000001930335,       0.0030000381256176,       0.0000006885283554,       0.0030000381256176,       0.0000179995672538,       0.0000000055835677,       0.0000006885283554,       0.0000000055835677,      -0.0000105137839743
        0.0000000190857529,       0.0029999657048568,       0.0000003680819390,       0.0029999657048568,       0.0000179748945139,      -0.0000000252674714,       0.0000003680819390,      -0.0000000252674714,      -0.0000105435087722
        0.0000000874968620,       0.0029998785134123,      -0.0000000649188237,       0.0029998785134123,       0.0000180902311202,       0.0000000343992096,      -0.0000000649188237,       0.0000000343992096,      -0.0000106875705707
        0.0000001309241826,       0.0029998908677976,       0.0000000307724933,       0.0029998908677976,       0.0000181140324034,      -0.0000000465554376,       0.0000000307724933,      -0.0000000465554376,      -0.0000107806974049
        0.0000001213501760,       0.0029999510689214,       0.0000000086594856,       0.0029999510689214,       0.0000181212876258,      -0.0000000085594352,       0.0000000086594856,      -0.0000000085594352,      -0.0000107818518770
        0.0000001311995604,       0.0029999496302619,       0.0000000148517539,       0.0029999496302619,       0.0000181507891033,      -0.0000000044007665,       0.0000000148517539,      -0.0000000044007665,      -0.0000108199212122
        0.0000001087872873,       0.0029999896813091,       0.0000000549915438,       0.0029999896813091,       0.0000181389590226,      -0.0000000297590281,       0.0000000549915438,      -0.0000000297590281,      -0.0000107979050875
        0.0000000799181097,       0.0030000014017577,       0.0000000190017821,       0.0030000014017577,       0.0000181326741845,       0.0000000054823762,       0.0000000190017821,       0.0000000054823762,      -0.0000107541945145
        0.0000000557792300,       0.0030000203306636,       0.0000000574254148,       0.0030000203306636,       0.0000181019336674,      -0.0000000198565755,       0.0000000574254148,      -0.0000000198565755,      -0.0000107004510872
        0.0000000366575845,       0.0030000269739908,       0.0000000306523483,       0.0030000269739908,       0.0000180684850328,       0.0000000059178161,       0.0000000306523483,       0.0000000059178161,      -0.0000106352003253
        0.0000000224408707,       0.0030000331062204,       0.0000000445059115,       0.0030000331062204,       0.0000180225198642,      -0.0000000106974951,       0.0000000445059115,      -0.0000000106974951,      -0.0000105675208542
       -0.0000000081332871,       0.0029999584602902,       0.0000000294004276,       0.0029999584602902,       0.0000179785855176,      -0.0000000407512747,       0.0000000294004276,      -0.0000000407512747,      -0.0000104808923520
       -0.0000000420582453,       0.0029999583763052,       0.0000000529734215,       0.0029999583763052,       0.0000179442803515,       0.0000000397704480,       0.0000000529734215,       0.0000000397704480,      -0.0000104042503233
       -0.0000000340169667,       0.0029999524156407,       0.0000000091088540,       0.0029999524156407,       0.0000179046780263,      -0.0000000428729812,       0.0000000091088540,      -0.0000000428729812,      -0.0000103670873441
       -0.0000000714283872,       0.0029999530096165,       0.0000000626419706,       0.0029999530096165,       0.0000178895909880,       0.0000000379026370,       0.0000000626419706,       0.0000000379026370,      -0.0000103077728492
       -0.0000000907201355,       0.0029999287051655,       0.0000000122392623,       0.0029999287051655,       0.0000178623940966,      -0.0000000263267279,       0.0000000122392623,      -0.0000000263267279,      -0.0000102649008792
       -0.0000000986876266,       0.0029999391020587,       0.0000000196894005,       0.0029999391020587,       0.0000178814368654,       0.0000000064344921,       0.0000000196894005,       0.0000000064344921,      -0.0000102774489334
       -0.0000001140376640,       0.0029998917784634,       0.0000000464287828,       0.0029998917784634,       0.0000178693897881,       0.0000000307757999,       0.0000000464287828,       0.0000000307757999,      -0.0000102499689472
       -0.0000000945672655,       0.0029999041302673,      -0.0000000479564103,       0.0029999041302673,       0.0000179052112539,      -0.0000000480960176,      -0.0000000479564103,      -0.0000000480960176,      -0.0000103250815393
       -0.0000000666119093,       0.0029998968950834,       0.0000000621011028,       0.0029998968950834,       0.0000179520469072,       0.0000000345439739,       0.0000000621011028,       0.0000000345439739,      -0.0000103749059989
       -0.0000000779814198,       0.0029997451329200,      -0.0000003106001496,       0.0029997451329200,       0.0000178893977997,       0.0000001124287842,      -0.0000003106001496,       0.0000001124287842,      -0.0000103506301589
       -0.0000000001703861,       0.0029996295799065,      -0.0000006677450410,       0.0029996295799065,       0.0000179994001162,      -0.0000000058501542,      -0.0000006677450410,      -0.0000000058501542,      -0.0000105150878868
        0.0000000781220301,       0.0029997453425663,      -0.0000003103178226,       0.0029997453425663,       0.0000181095126273,      -0.0000001171187449,      -0.0000003103178226,      -0.0000001171187449,      -0.0000106788850003
        0.0000000664217334,       0.0029998963106396,       0.0000000611579180,       0.0029998963106396,       0.0000180477317608,      -0.0000000328984665,       0.0000000611579180,      -0.0000000328984665,      -0.0000106549223842
        0.0000000953379653,       0.0029999032124724,      -0.0000000476209732,       0.0029999032124724,       0.0000180950095523,       0.0000000474913106,      -0.0000000476209732,       0.0000000474913106,      -0.0000107057450960
        0.0000001140767667,       0.0029998909141431,       0.0000000463701844,       0.0029998909141431,       0.0000181309998258,      -0.0000000311674126,       0.0000000463701844,      -0.0000000311674126,      -0.0000107809819493
        0.0000000987957177,       0.0029999379411852,       0.0000000192874474,       0.0029999379411852,       0.0000181197013611,      -0.0000000065403417,       0.0000000192874474,      -0.0000000065403417,      -0.0000107538408403
        0.0000000899548315,       0.0029999278109897,       0.0000000126750980,       0.0029999278109897,       0.0000181392232216,       0.0000000255263395,       0.0000000126750980,       0.0000000255263395,      -0.0000107664720500
        0.0000000720281145,       0.0029999520632680,       0.0000000625293601,       0.0029999520632680,       0.0000181125564097,      -0.0000000383120097,       0.0000000625293601,      -0.0000000383120097,      -0.0000107253454544
        0.0000000337773968,       0.0029999517189385,       0.0000000095063941,       0.0029999517189385,       0.0000180979844892,       0.0000000420043813,       0.0000000095063941,       0.0000000420043813,      -0.0000106662619205
        0.0000000406058577,       0.0029999584356890,       0.0000000529529592,       0.0029999584356890,       0.0000180586310745,      -0.0000000403176659,       0.0000000529529592,      -0.0000000403176659,      -0.0000106280397090
        0.0000000092930252,       0.0029999587636591,       0.0000000292466027,       0.0029999587636591,       0.0000180245552520,       0.0000000400861218,       0.0000000292466027,       0.0000000400861218,      -0.0000105540991898
       -0.0000000239620440,       0.0029998984691420,       0.0000000309383534,       0.0029998984691420,       0.0000179887671627,       0.0000000713096743,       0.0000000309383534,       0.0000000713096743,      -0.0000104804303741
       -0.0000000147309001,       0.0029999017834151,       0.0000000155182291,       0.0029999017834151,       0.0000179548668244,      -0.0000000750991030,       0.0000000155182291,      -0.0000000750991030,      -0.0000104434313592
