        0.0000074959285550,       0.0050495465483132,      -0.0000000062167285,       0.0050495465483132,      -0.0000074980288494,      -0.0000000061643666,      -0.0000000062167285,      -0.0000000061643666,      -0.0000000005896973
        0.0000075011201622,       0.0050495718774679,      -0.0000000095896013,       0.0050495718774679,      -0.0000074935190765,      -0.0000000219745322,      -0.0000000095896013,      -0.0000000219745322,      -0.0000000061287600
        0.0000075003568550,       0.0050496220088774,      -0.0000000042026080,       0.0050496220088774,      -0.0000074944539675,      -0.0000000337667011,      -0.0000000042026080,      -0.0000000337667011,      -0.0000000119375627
        0.0000075074080211,       0.0050496966269736,      -0.0000000072061077,       0.0050496966269736,      -0.0000074926973526,      -0.0000000454398300,      -0.0000000072061077,      -0.0000000454398300,      -0.0000000159423567
        0.0000075050567995,       0.0050497901570416,      -0.0000000148792708,       0.0050497901570416,      -0.0000074916998832,      -0.0000000559047476,      -0.0000000148792708,      -0.0000000559047476,      -0.0000000214933263
        0.0000075146623054,       0.0050499008376690,       0.0000000266462255,       0.0050499008376690,      -0.0000074973730452,      -0.0000000547789383,       0.0000000266462255,      -0.0000000547789383,      -0.0000000208054327
        0.0000075076221777,       0.0050500144280114,      -0.0000000776690251,       0.0050500144280114,      -0.0000074887691913,      -0.0000000641588423,      -0.0000000776690251,      -0.0000000641588423,      -0.0000000254283022
        0.0000075161573649,       0.0050501239038272,       0.0000001149490666,       0.0050501239038272,      -0.0000075041332448,      -0.0000000437153432,       0.0000001149490666,      -0.0000000437153432,      -0.0000000183226137
        0.0000075102169496,       0.0050502174430065,       0.0000000249874650,       0.0050502174430065,      -0.0000074981270229,      -0.0000000350172714,       0.0000000249874650,      -0.0000000350172714,      -0.0000000118426882
        0.0000074995889409,       0.0050502703981748,      -0.0000012912445389,       0.0050502703981748,      -0.0000074664997494,      -0.0000000714041017,      -0.0000012912445389,      -0.0000000714041017,      -0.0000000404491321
        0.0000075014999679,       0.0050502854083996,      -0.0000021980026075,       0.0050502854083996,      -0.0000075013974173,       0.0000000506101456,      -0.0000021980026075,       0.0000000506101456,      -0.0000000000740426
        0.0000075031033214,       0.0050502711902774,      -0.0000012921976276,       0.0050502711902774,      -0.0000075358207302,       0.0000001121054363,      -0.0000012921976276,       0.0000001121054363,       0.0000000400819504
        0.0000074914930991,       0.0050502178337154,       0.0000000257036209,       0.0050502178337154,      -0.0000075032445368,       0.0000000219194760,       0.0000000257036209,       0.0000000219194760,       0.0000000116327347
        0.0000074839880592,       0.0050501241665175,       0.0000001157079561,       0.0050501241665175,      -0.0000074962631221,       0.0000000464043922,       0.0000001157079561,       0.0000000464043922,       0.0000000190036991
        0.0000074908329768,       0.0050500147911538,      -0.0000000773338409,       0.0050500147911538,      -0.0000075106061031,       0.0000000651070725,      -0.0000000773338409,       0.0000000651070725,       0.0000000269924753
        0.0000074820822898,       0.0050499012717693,       0.0000000274191066,       0.0050499012717693,      -0.0000075008320903,       0.0000000532450615,       0.0000000274191066,       0.0000000532450615,       0.0000000232575801
        0.0000074902347101,       0.0050497901599517,      -0.0000000147434625,       0.0050497901599517,      -0.0000075055360796,       0.0000000575157246,      -0.0000000147434625,       0.0000000575157246,       0.0000000247134253
        0.0000074867408097,       0.0050496970077223,      -0.0000000067808907,       0.0050496970077223,      -0.0000075037176067,       0.0000000445100206,      -0.0000000067808907,       0.0000000445100206,       0.0000000197558623
        0.0000074930063557,       0.0050496217852933,      -0.0000000042602865,       0.0050496217852933,      -0.0000075013627187,       0.0000000345871294,      -0.0000000042602865,       0.0000000345871294,       0.0000000161647097
        0.0000074917620920,       0.0050495721783018,      -0.0000000093889409,       0.0050495721783018,      -0.0000075019203213,       0.0000000217387103,      -0.0000000093889409,       0.0000000217387103,       0.0000000106058531
        0.0000074967332016,       0.0050495462649151,      -0.0000000063538400,       0.0050495462649151,      -0.0000074972220079,       0.0000000064069694,      -0.0000000063538400,       0.0000000064069694,       0.0000000051827716
        0.0000075006228099,       0.0050495718863778,      -0.0000000220911249,       0.0050495718863778,      -0.0000074930672516,      -0.0000000093671488,      -0.0000000220911249,      -0.0000000093671488,      -0.0000000060506905
        0.0000075041142609,       0.0050495956810280,      -0.0000000192375948,       0.0050495956810280,      -0.0000074902424486,      -0.0000000190839766,      -0.0000000192375948,      -0.0000000190839766,      -0.0000000230766072
        0.0000075142973088,       0.0050496453168690,      -0.0000000228943382,       0.0050496453168690,      -0.0000074831942033,      -0.0000000348447156,      -0.0000000228943382,      -0.0000000348447156,      -0.0000000385291242
        0.0000075181276148,       0.0050497140670230,      -0.0000000210718868,       0.0050497140670230,      -0.0000074818671623,      -0.0000000480920673,      -0.0000000210718868,      -0.0000000480920673,      -0.0000000536419739
        0.0000075311540747,       0.0050498092253574,      -0.0000000072855732,       0.0050498092253574,      -0.0000074819037368,      -0.0000000483173662,      -0.0000000072855732,      -0.0000000483173662,      -0.0000000630283348
        0.0000075303285816,       0.0050499103543507,      -0.0000000477072125,       0.0050499103543507,      -0.0000074786550857,      -0.0000000729569592,      -0.0000000477072125,      -0.0000000729569592,      -0.0000000720185923
        0.0000075423328705,       0.0050500276034848,       0.0000000646688292,       0.0050500276034848,      -0.0000074909331511,      -0.0000000397347283,       0.0000000646688292,      -0.0000000397347283,      -0.0000000678832987
        0.0000075313195141,       0.0050501331811311,      -0.0000001150620736,       0.0050501331811311,      -0.0000074811460406,      -0.0000000696513592,      -0.0000001150620736,      -0.0000000696513592,      -0.0000000640468630
        0.0000075290100611,       0.0050502136808910,      -0.0000000376085267,       0.0050502136808910,      -0.0000074934584703,      -0.0000000619551483,      -0.0000000376085267,      -0.0000000619551483,      -0.0000000514306202
        0.0000075250793888,       0.0050502949802990,       0.0000013128819466,       0.0050502949802990,      -0.0000075284719049,       0.0000001676558365,       0.0000013128819466,       0.0000001676558365,       0.0000000045966802
        0.0000075017240680,       0.0050503361146971,       0.0000022473688155,       0.0050503361146971,      -0.0000075003311009,      -0.0000000541420117,       0.0000022473688155,      -0.0000000541420117,      -0.0000000016324750
        0.0000074777584833,       0.0050502950036385,       0.0000013167745187,       0.0050502950036385,      -0.0000074726585014,      -0.0000002111824458,       0.0000013167745187,      -0.0000002111824458,      -0.0000000064156534
        0.0000074726238639,       0.0050502144965490,      -0.0000000377974988,       0.0050502144965490,      -0.0000075079319947,       0.0000000760386737,      -0.0000000377974988,       0.0000000760386737,       0.0000000513360366
        0.0000074689465708,       0.0050501343835896,      -0.0000001148566137,       0.0050501343835896,      -0.0000075194340522,       0.0000000666993652,      -0.0000001148566137,       0.0000000666993652,       0.0000000645098300
        0.0000074561113075,       0.0050500287042302,       0.0000000660688059,       0.0050500287042302,      -0.0000075083525346,       0.0000000391486680,       0.0000000660688059,       0.0000000391486680,       0.0000000693953526
        0.0000074664806964,       0.0050499111194285,      -0.0000000479986923,       0.0050499111194285,      -0.0000075197400433,       0.0000000749680659,      -0.0000000479986923,       0.0000000749680659,       0.0000000744628828
        0.0000074641950881,       0.0050498100643843,      -0.0000000062148858,       0.0050498100643843,      -0.0000075154516688,       0.0000000471549291,      -0.0000000062148858,       0.0000000471549291,       0.0000000662757104
        0.0000074761283301,       0.0050497141769747,      -0.0000000214913868,       0.0050497141769747,      -0.0000075147348909,       0.0000000496329796,      -0.0000000214913868,       0.0000000496329796,       0.0000000575035969
        0.0000074792025664,       0.0050496457493379,      -0.0000000222663400,       0.0050496457493379,      -0.0000075128463887,       0.0000000345137755,      -0.0000000222663400,       0.0000000345137755,       0.0000000428037419
        0.0000074889359628,       0.0050495954548619,      -0.0000000197028338,       0.0050495954548619,      -0.0000075054158161,       0.0000000198591381,      -0.0000000197028338,       0.0000000198591381,       0.0000000275990258
        0.0000074922222728,       0.0050495721693382,      -0.0000000216232762,       0.0050495721693382,      -0.0000075024259581,       0.0000000096088435,      -0.0000000216232762,       0.0000000096088435,       0.0000000106839441
        0.0000075000528366,       0.0050496220134615,      -0.0000000337534177,       0.0050496220134615,      -0.0000074942872562,      -0.0000000038827519,      -0.0000000337534177,      -0.0000000038827519,      -0.0000000117047714
        0.0000075115176017,       0.0050496453680498,      -0.0000000351144435,       0.0050496453680498,      -0.0000074805059528,      -0.0000000225164242,      -0.0000000351144435,      -0.0000000225164242,      -0.0000000383739796
        0.0000075197861855,       0.0050496869758968,      -0.0000000347719592,       0.0050496869758968,      -0.0000074752989093,      -0.0000000345252257,      -0.0000000347719592,      -0.0000000345252257,      -0.0000000652059701
        0.0000075352908497,       0.0050497576731021,      -0.0000000285467633,       0.0050497576731021,      -0.0000074676859155,      -0.0000000409787055,      -0.0000000285467633,      -0.0000000409787055,      -0.0000000875206201
        0.0000075424471628,       0.0050498356763459,      -0.0000000445794503,       0.0050498356763459,      -0.0000074655837624,      -0.0000000679659977,      -0.0000000445794503,      -0.0000000679659977,      -0.0000001074738196
        0.0000075594124610,       0.0050499451905394,       0.0000000123718496,       0.0050499451905394,      -0.0000074702110492,      -0.0000000392979176,       0.0000000123718496,      -0.0000000392979176,      -0.0000001158691818
        0.0000075545286191,       0.0050500416285680,      -0.0000000890511767,       0.0050500416285680,      -0.0000074657111304,      -0.0000000917096144,      -0.0000000890511767,      -0.0000000917096144,      -0.0000001184079842
        0.0000075622738850,       0.0050501489693198,       0.0000000920710776,       0.0050501489693198,      -0.0000074846469692,      -0.0000000319138397,       0.0000000920710776,      -0.0000000319138397,      -0.0000001040082252
        0.0000075442650554,       0.0050502473369158,       0.0000000714070536,       0.0050502473369158,      -0.0000074832662608,       0.0000000043859081,       0.0000000714070536,       0.0000000043859081,      -0.0000000735996542
        0.0000075142028609,       0.0050502633850352,      -0.0000013212999686,       0.0050502633850352,      -0.0000074661965807,      -0.0000003330284988,      -0.0000013212999686,      -0.0000003330284988,      -0.0000000690837498
        0.0000075013437800,       0.0050502455863758,      -0.0000023005061507,       0.0050502455863758,      -0.0000075020884420,       0.0000000602402304,      -0.0000023005061507,       0.0000000602402304,       0.0000000007985497
        0.0000074886289053,       0.0050502643945535,      -0.0000013266033229,       0.0050502643945535,      -0.0000075368522752,       0.0000003807541962,      -0.0000013266033229,       0.0000003807541962,       0.0000000689290909
        0.0000074577111490,       0.0050502488853149,       0.0000000733369721,       0.0050502488853149,      -0.0000075179630163,      -0.0000000208062323,       0.0000000733369721,      -0.0000000208062323,       0.0000000723892086
        0.0000074379416351,       0.0050501506337207,       0.0000000933347554,       0.0050501506337207,      -0.0000075155851961,       0.0000000358024128,       0.0000000933347554,       0.0000000358024128,       0.0000001043268091
        0.0000074440450476,       0.0050500433115728,      -0.0000000896128380,       0.0050500433115728,      -0.0000075339396441,       0.0000000925952790,      -0.0000000896128380,       0.0000000925952790,       0.0000001197023345
        0.0000074374753048,       0.0050499467513178,       0.0000000142258787,       0.0050499467513178,      -0.0000075282072780,       0.0000000380262201,       0.0000000142258787,       0.0000000380262201,       0.0000001182638760
        0.0000074530357663,       0.0050498364778025,      -0.0000000454957236,       0.0050498364778025,      -0.0000075320922298,       0.0000000702164088,      -0.0000000454957236,       0.0000000702164088,       0.0000001107452739
        0.0000074591793923,       0.0050497584891705,      -0.0000000272968766,       0.0050497584891705,      -0.0000075292567877,       0.0000000403318442,      -0.0000000272968766,       0.0000000403318442,       0.0000000914399206
        0.0000074739707926,       0.0050496869948615,      -0.0000000357064911,       0.0050496869948615,      -0.0000075211059293,       0.0000000359587855,      -0.0000000357064911,       0.0000000359587855,       0.0000000695537693
        0.0000074818624962,       0.0050496456989716,      -0.0000000342472337,       0.0050496456989716,      -0.0000075155979306,       0.0000000226400781,      -0.0000000342472337,       0.0000000226400781,       0.0000000429592153
        0.0000074931404934,       0.0050496217816889,      -0.0000000346005417,       0.0050496217816889,      -0.0000075016346581,       0.0000000045851762,      -0.0000000346005417,       0.0000000045851762,       0.0000000163977422
        0.0000075023570849,       0.0050496967192438,      -0.0000000455868949,       0.0050496967192438,      -0.0000074879193265,      -0.0000000067383887,      -0.0000000455868949,      -0.0000000067383887,      -0.0000000154836525
        0.0000075133348735,       0.0050497141546481,      -0.0000000481718724,       0.0050497141546481,      -0.0000074773091315,      -0.0000000206557790,      -0.0000000481718724,      -0.0000000206557790,      -0.0000000532558560
        0.0000075278861047,       0.0050497578102776,      -0.0000000413633840,       0.0050497578102776,      -0.0000074604213682,      -0.0000000280397228,      -0.0000000413633840,      -0.0000000280397228,      -0.0000000872879648
        0.0000075411303784,       0.0050498085547272,      -0.0000000556027443,       0.0050498085547272,      -0.0000074548972903,      -0.0000000552710347,      -0.0000000556027443,      -0.0000000552710347,      -0.0000001205759756
        0.0000075609495268,       0.0050498969263240,      -0.0000000201941453,       0.0050498969263240,      -0.0000074488970732,      -0.0000000353895513,      -0.0000000201941453,      -0.0000000353895513,      -0.0000001449782868
        0.0000075672308758,       0.0050499716002285,      -0.0000000739090913,       0.0050499716002285,      -0.0000074476838443,      -0.0000000910585492,      -0.0000000739090913,      -0.0000000910585492,      -0.0000001611681924
        0.0000075838670853,       0.0050500873192038,       0.0000000452038185,       0.0050500873192038,      -0.0000074588702764,      -0.0000000255873430,       0.0000000452038185,      -0.0000000255873430,      -0.0000001617258025
        0.0000075679689749,       0.0050501707210025,      -0.0000000850154808,       0.0050501707210025,      -0.0000074564439411,      -0.0000000759130588,      -0.0000000850154808,      -0.0000000759130588,      -0.0000001424010823
        0.0000075607539332,       0.0050502364000844,      -0.0000001120510113,       0.0050502364000844,      -0.0000074772106481,      -0.0000001166603338,      -0.0000001120510113,      -0.0000001166603338,      -0.0000001160881101
        0.0000075502808665,       0.0050503589827547,       0.0000013581269452,       0.0050503589827547,      -0.0000075040106089,       0.0000003744889300,       0.0000013581269452,       0.0000003744889300,      -0.0000000427754263
        0.0000075023321580,       0.0050504418329747,       0.0000024133388186,       0.0050504418329747,      -0.0000074997666773,      -0.0000000693103058,       0.0000024133388186,      -0.0000000693103058,      -0.0000000034967732
        0.0000074529178565,       0.0050503603358649,       0.0000013656014900,       0.0050503603358649,      -0.0000074961704950,      -0.0000004288309609,       0.0000013656014900,      -0.0000004288309609,       0.0000000387540854
        0.0000074411214878,       0.0050502380842610,      -0.0000001135779392,       0.0050502380842610,      -0.0000075238107220,       0.0000001355715758,      -0.0000001135779392,       0.0000001355715758,       0.0000001150573253
        0.0000074324965406,       0.0050501730361340,      -0.0000000845925426,       0.0050501730361340,      -0.0000075441580322,       0.0000000706797208,      -0.0000000845925426,       0.0000000706797208,       0.0000001418367446
        0.0000074148348841,       0.0050500895850896,       0.0000000473964450,       0.0050500895850896,      -0.0000075404303267,       0.0000000257056394,       0.0000000473964450,       0.0000000257056394,       0.0000001627591385
        0.0000074297514750,       0.0050499733306474,      -0.0000000751608520,       0.0050499733306474,      -0.0000075511263227,       0.0000000933034840,      -0.0000000751608520,       0.0000000933034840,       0.0000001633604869
        0.0000074348208726,       0.0050498983990775,      -0.0000000181442946,       0.0050498983990775,      -0.0000075490356305,       0.0000000342507542,      -0.0000000181442946,       0.0000000342507542,       0.0000001482067055
        0.0000074535649852,       0.0050498091417864,      -0.0000000571169048,       0.0050498091417864,      -0.0000075424528534,       0.0000000574577159,      -0.0000000571169048,       0.0000000574577159,       0.0000001245192655
        0.0000074663089202,       0.0050497583550140,      -0.0000000399527561,       0.0050497583550140,      -0.0000075365273062,       0.0000000277980265,      -0.0000000399527561,       0.0000000277980265,       0.0000000916735925
        0.0000074804596807,       0.0050497140942467,      -0.0000000495516523,       0.0050497140942467,      -0.0000075193025123,       0.0000000219161344,      -0.0000000495516523,       0.0000000219161344,       0.0000000578909321
        0.0000074913364946,       0.0050496969199167,      -0.0000000443660660,       0.0050496969199167,      -0.0000075085861198,       0.0000000072419957,      -0.0000000443660660,       0.0000000072419957,       0.0000000202149472
        0.0000075040415570,       0.0050497901727830,      -0.0000000558972965,       0.0050497901727830,      -0.0000074911389912,      -0.0000000143408480,      -0.0000000558972965,      -0.0000000143408480,      -0.0000000207453878
        0.0000075139899883,       0.0050498095429166,      -0.0000000485119188,       0.0050498095429166,      -0.0000074651493774,      -0.0000000067171605,      -0.0000000485119188,      -0.0000000067171605,      -0.0000000623502195
        0.0000075305159822,       0.0050498358961264,      -0.0000000681366473,       0.0050498358961264,      -0.0000074539998462,      -0.0000000440648030,      -0.0000000681366473,      -0.0000000440648030,      -0.0000001069300220
        0.0000075477067238,       0.0050498971719993,      -0.0000000358188023,       0.0050498971719993,      -0.0000074358498538,      -0.0000000196027702,      -0.0000000358188023,      -0.0000000196027702,      -0.0000001446644801
        0.0000075641512524,       0.0050499455173798,      -0.0000000799633537,       0.0050499455173798,      -0.0000074329027753,      -0.0000000795538166,      -0.0000000799633537,      -0.0000000795538166,      -0.0000001772909560
        0.0000075854171055,       0.0050500484901265,      -0.0000000003061636,       0.0050500484901265,      -0.0000074302952052,      -0.0000000213243345,      -0.0000000003061636,      -0.0000000213243345,      -0.0000001983095672
        0.0000075834249903,       0.0050501059268050,      -0.0000000839428645,       0.0050501059268050,      -0.0000074330531017,      -0.0000000929280522,      -0.0000000839428645,      -0.0000000929280522,      -0.0000001958288088
        0.0000075934693118,       0.0050502109627193,       0.0000000244043918,       0.0050502109627193,      -0.0000074513931595,      -0.0000000495649770,       0.0000000244043918,      -0.0000000495649770,      -0.0000001846826527
        0.0000075678221478,       0.0050502990902914,       0.0000001783038307,       0.0050502990902914,      -0.0000074562081255,       0.0000000634253202,       0.0000001783038307,       0.0000000634253202,      -0.0000001297936458
        0.0000075156080795,       0.0050502397201973,      -0.0000013136004526,       0.0050502397201973,      -0.0000074802392215,      -0.0000004448030364,      -0.0000013136004526,      -0.0000004448030364,      -0.0000000753202293
        0.0000075009292877,       0.0050501584565266,      -0.0000024493591764,       0.0050501584565266,      -0.0000075010673736,       0.0000000775644425,      -0.0000024493591764,       0.0000000775644425,       0.0000000001576966
        0.0000074877922795,       0.0050502398354336,      -0.0000013206354717,       0.0050502398354336,      -0.0000075216757701,       0.0000005023297029,      -0.0000013206354717,       0.0000005023297029,       0.0000000729051976
        0.0000074344625795,       0.0050503015260236,       0.0000001826011659,       0.0050503015260236,      -0.0000075444978066,      -0.0000000869711623,       0.0000001826011659,      -0.0000000869711623,       0.0000001263841801
        0.0000074072288633,       0.0050502134793976,       0.0000000248572086,       0.0050502134793976,      -0.0000075483314725,       0.0000000565097589,       0.0000000248572086,       0.0000000565097589,       0.0000001836883044
        0.0000074152907079,       0.0050501084541121,      -0.0000000842991823,       0.0050501084541121,      -0.0000075666194868,       0.0000000923677798,      -0.0000000842991823,       0.0000000923677798,       0.0000001960551739
        0.0000074120127279,       0.0050500506921729,       0.0000000021162516,       0.0050500506921729,      -0.0000075684151839,       0.0000000203036305,       0.0000000021162516,       0.0000000203036305,       0.0000002002093364
        0.0000074316764799,       0.0050499469611003,      -0.0000000817286931,       0.0050499469611003,      -0.0000075653697570,       0.0000000821487512,      -0.0000000817286931,       0.0000000821487512,       0.0000001803088919
        0.0000074475609113,       0.0050498981596902,      -0.0000000338297937,       0.0050498981596902,      -0.0000075619729281,       0.0000000187284205,      -0.0000000338297937,       0.0000000187284205,       0.0000001485224016
        0.0000074639978629,       0.0050498362701647,      -0.0000000700414536,       0.0050498362701647,      -0.0000075434047418,       0.0000000460223434,      -0.0000000700414536,       0.0000000460223434,       0.0000001112919023
        0.0000074804373929,       0.0050498097583047,      -0.0000000469667438,       0.0050498097583047,      -0.0000075321052694,       0.0000000067760881,      -0.0000000469667438,       0.0000000067760881,       0.0000000669559602
        0.0000074902019552,       0.0050497901573219,      -0.0000000575257652,       0.0050497901573219,      -0.0000075059592278,       0.0000000152915059,      -0.0000000575257652,       0.0000000152915059,       0.0000000254623292
        0.0000074991927935,       0.0050499011223056,      -0.0000000546988840,       0.0050499011223056,      -0.0000074825614347,       0.0000000272404958,      -0.0000000546988840,       0.0000000272404958,      -0.0000000197282328
        0.0000075179611247,       0.0050499105803791,      -0.0000000731314082,       0.0050499105803791,      -0.0000074669379362,      -0.0000000470819745,      -0.0000000731314082,      -0.0000000470819745,      -0.0000000709901194
        0.0000075266640848,       0.0050499457978789,      -0.0000000393834743,       0.0050499457978789,      -0.0000074380218036,       0.0000000129820545,      -0.0000000393834743,       0.0000000129820545,      -0.0000001149691837
        0.0000075493750328,       0.0050499719287033,      -0.0000000913548290,       0.0050499719287033,      -0.0000074303113985,      -0.0000000733017303,      -0.0000000913548290,      -0.0000000733017303,      -0.0000001604575974
        0.0000075673915796,       0.0050500488243631,      -0.0000000216772946,       0.0050500488243631,      -0.0000074125284409,       0.0000000003032006,      -0.0000000216772946,       0.0000000003032006,      -0.0000001979108485
        0.0000075816412459,       0.0050500810521107,      -0.0000000861085481,       0.0050500810521107,      -0.0000074163928175,      -0.0000000856350709,      -0.0000000861085481,      -0.0000000856350709,      -0.0000002161416781
        0.0000075999659764,       0.0050501911975446,      -0.0000000044820425,       0.0050501911975446,      -0.0000074181930896,      -0.0000000304807015,      -0.0000000044820425,      -0.0000000304807015,      -0.0000002306628598
        0.0000075843091794,       0.0050502318138700,       0.0000000030091104,       0.0050502318138700,      -0.0000074278940510,      -0.0000000185597032,       0.0000000030091104,      -0.0000000185597032,      -0.0000001928423058
        0.0000075713549223,       0.0050502650475758,      -0.0000002315033607,       0.0050502650475758,      -0.0000074607483342,      -0.0000001626573998,      -0.0000002315033607,      -0.0000001626573998,      -0.0000001580578397
        0.0000075741510016,       0.0050504696655338,       0.0000012662206390,       0.0050504696655338,      -0.0000074505687481,       0.0000003304473688,       0.0000012662206390,       0.0000003304473688,      -0.0000001093914172
        0.0000075036163867,       0.0050506301622343,       0.0000025201595342,       0.0050506301622343,      -0.0000075007279892,      -0.0000000863763578,       0.0000025201595342,      -0.0000000863763578,      -0.0000000050228187
        0.0000074293214590,       0.0050504730643426,       0.0000012733024095,       0.0050504730643426,      -0.0000075493365548,      -0.0000003913790672,       0.0000012733024095,      -0.0000003913790672,       0.0000001030158922
        0.0000074313875550,       0.0050502665884230,      -0.0000002359149178,       0.0050502665884230,      -0.0000075386746793,       0.0000001879245697,      -0.0000002359149178,       0.0000001879245697,       0.0000001542177423
        0.0000074162731781,       0.0050502346713771,       0.0000000066334567,       0.0050502346713771,      -0.0000075720440236,       0.0000000082613934,       0.0000000066334567,       0.0000000082613934,       0.0000001899476232
        0.0000073995090425,       0.0050501938153993,      -0.0000000039515722,       0.0050501938153993,      -0.0000075807562311,       0.0000000326532396,      -0.0000000039515722,       0.0000000326532396,       0.0000002303090398
        0.0000074155400984,       0.0050500833523880,      -0.0000000863806568,       0.0050500833523880,      -0.0000075824909896,       0.0000000868556722,      -0.0000000863806568,       0.0000000868556722,       0.0000002172737406
        0.0000074292664024,       0.0050500503677950,      -0.0000000199589558,       0.0050500503677950,      -0.0000075859300404,      -0.0000000015106285,      -0.0000000199589558,      -0.0000000015106285,       0.0000002006105861
        0.0000074459240972,       0.0050499730238125,      -0.0000000930005111,       0.0050499730238125,      -0.0000075677869934,       0.0000000757783804,      -0.0000000930005111,       0.0000000757783804,       0.0000001640755878
        0.0000074686607175,       0.0050499461651088,      -0.0000000379505366,       0.0050499461651088,      -0.0000075599557885,      -0.0000000136207438,      -0.0000000379505366,      -0.0000000136207438,       0.0000001191683188
        0.0000074768703719,       0.0050499109205633,      -0.0000000747940447,       0.0050499109205633,      -0.0000075307840029,       0.0000000486338632,      -0.0000000747940447,       0.0000000486338632,       0.0000000754948739
        0.0000074957319349,       0.0050499010128198,      -0.0000000533317484,       0.0050499010128198,      -0.0000075151402084,      -0.0000000268317398,      -0.0000000533317484,      -0.0000000268317398,       0.0000000243359673
        0.0000075086367494,       0.0050500144035630,      -0.0000000646623676,       0.0050500144035630,      -0.0000074906773143,      -0.0000000770496701,      -0.0000000646623676,      -0.0000000770496701,      -0.0000000240004933
        0.0000075065535724,       0.0050500282661567,      -0.0000000392616236,       0.0050500282661567,      -0.0000074560136033,       0.0000000652233553,      -0.0000000392616236,       0.0000000652233553,      -0.0000000664979714
        0.0000075318092731,       0.0050500420449737,      -0.0000000922080487,       0.0050500420449737,      -0.0000074438653441,      -0.0000000883411838,      -0.0000000922080487,      -0.0000000883411838,      -0.0000001171001945
        0.0000075389777925,       0.0050500881513443,      -0.0000000252988092,       0.0050500881513443,      -0.0000074147096416,       0.0000000457988842,      -0.0000000252988092,       0.0000000457988842,      -0.0000001605974199
        0.0000075649031549,       0.0050501062648066,      -0.0000000934776980,       0.0050501062648066,      -0.0000074151653579,      -0.0000000833172150,      -0.0000000934776980,      -0.0000000833172150,      -0.0000001949553342
        0.0000075805026053,       0.0050501915577629,      -0.0000000305555529,       0.0050501915577629,      -0.0000073990524889,      -0.0000000039138784,      -0.0000000305555529,      -0.0000000039138784,      -0.0000002301850272
        0.0000075861813761,       0.0050502048916311,      -0.0000000214615514,       0.0050502048916311,      -0.0000074126920738,      -0.0000000209063394,      -0.0000000214615514,      -0.0000000209063394,      -0.0000002168204083
        0.0000075904270206,       0.0050502805384613,      -0.0000000955253090,       0.0050502805384613,      -0.0000074256978325,      -0.0000001019657219,      -0.0000000955253090,      -0.0000001019657219,      -0.0000002168807605
        0.0000075803376379,       0.0050503854341334,       0.0000002700749471,       0.0050503854341334,      -0.0000074238268034,       0.0000000950432205,       0.0000002700749471,       0.0000000950432205,      -0.0000001663748062
        0.0000074981182824,       0.0050501700539895,      -0.0000010448000851,       0.0050501700539895,      -0.0000075195927664,      -0.0000001702922726,      -0.0000010448000851,      -0.0000001702922726,      -0.0000000346179222
        0.0000074999739790,       0.0050499815047687,      -0.0000024280424068,       0.0050499815047687,      -0.0000074968478293,       0.0000000883986825,      -0.0000024280424068,       0.0000000883986825,      -0.0000000030243892
        0.0000075066270045,       0.0050501678016504,      -0.0000010481100473,       0.0050501678016504,      -0.0000074782386344,       0.0000002231159281,      -0.0000010481100473,       0.0000002231159281,       0.0000000263034849
        0.0000074218392811,       0.0050503889137145,       0.0000002791829149,       0.0050503889137145,      -0.0000075760622173,      -0.0000001235581566,       0.0000002791829149,      -0.0000001235581566,       0.0000001601098618
        0.0000074114381618,       0.0050502825933029,      -0.0000001012828400,       0.0050502825933029,      -0.0000075725509350,       0.0000001137393266,      -0.0000001012828400,       0.0000001137393266,       0.0000002130701816
        0.0000074125966635,       0.0050502076978646,      -0.0000000157599315,       0.0050502076978646,      -0.0000075862793551,       0.0000000162823775,      -0.0000000157599315,       0.0000000162823775,       0.0000002147861078
        0.0000074179377419,       0.0050501934682219,      -0.0000000325745803,       0.0050501934682219,      -0.0000075995103628,       0.0000000045381370,      -0.0000000325745803,       0.0000000045381370,       0.0000002307894333
        0.0000074313325141,       0.0050501081468071,      -0.0000000918154386,       0.0050501081468071,      -0.0000075833005868,       0.0000000849155745,      -0.0000000918154386,       0.0000000849155745,       0.0000001969340512
        0.0000074574108546,       0.0050500887843734,      -0.0000000260052380,       0.0050500887843734,      -0.0000075837409758,      -0.0000000467937163,      -0.0000000260052380,      -0.0000000467937163,       0.0000001638936580
        0.0000074635755211,       0.0050500429391682,      -0.0000000920942816,       0.0050500429391682,      -0.0000075543498387,       0.0000000903221460,      -0.0000000920942816,       0.0000000903221460,       0.0000001210162610
        0.0000074891283355,       0.0050500280825858,      -0.0000000396323229,       0.0050500280825858,      -0.0000075422332968,      -0.0000000655103492,      -0.0000000396323229,      -0.0000000655103492,       0.0000000707849762
        0.0000074867996938,       0.0050500148608981,      -0.0000000646081763,       0.0050500148608981,      -0.0000075074680897,       0.0000000779519674,      -0.0000000646081763,       0.0000000779519674,       0.0000000284217445
        0.0000074940973889,       0.0050501243097242,      -0.0000000425087285,       0.0050501243097242,      -0.0000074831728468,       0.0000001154456905,      -0.0000000425087285,       0.0000001154456905,      -0.0000000165653933
        0.0000075171002841,       0.0050501334386831,      -0.0000000707752963,       0.0050501334386831,      -0.0000074680529366,      -0.0000001144495591,      -0.0000000707752963,      -0.0000001144495591,      -0.0000000623135127
        0.0000075136456567,       0.0050501498695074,      -0.0000000306402086,       0.0050501498695074,      -0.0000074371087532,       0.0000000925849754,      -0.0000000306402086,       0.0000000925849754,      -0.0000001023138555
        0.0000075419079596,       0.0050501711955859,      -0.0000000770524898,       0.0050501711955859,      -0.0000074314811781,      -0.0000000843906742,      -0.0000000770524898,      -0.0000000843906742,      -0.0000001408448345
        0.0000075472574756,       0.0050502118169077,      -0.0000000484602260,       0.0050502118169077,      -0.0000074060946033,       0.0000000250596793,      -0.0000000484602260,       0.0000000250596793,      -0.0000001833333883
        0.0000075708500362,       0.0050502320540578,      -0.0000000197320731,       0.0050502320540578,      -0.0000074151872411,       0.0000000034168025,      -0.0000000197320731,       0.0000000034168025,      -0.0000001918607964
        0.0000075737282210,       0.0050502808464938,      -0.0000001012671505,       0.0050502808464938,      -0.0000074093664469,      -0.0000000951416106,      -0.0000001012671505,      -0.0000000951416106,      -0.0000002163546599
        0.0000075845257245,       0.0050503466896996,       0.0000001004642422,       0.0050503466896996,      -0.0000074151488206,       0.0000001016802188,       0.0000001004642422,       0.0000001016802188,      -0.0000001884173483
        0.0000075377976803,       0.0050502324019213,      -0.0000002085994210,       0.0050502324019213,      -0.0000074756881705,      -0.0000000746365578,      -0.0000002085994210,      -0.0000000746365578,      -0.0000001189303005
        0.0000075890420497,       0.0050506224659887,       0.0000007360381483,       0.0050506224659887,      -0.0000073975459098,      -0.0000001641862510,       0.0000007360381483,      -0.0000001641862510,      -0.0000001645698470
        0.0000075055063968,       0.0050508724747570,       0.0000023467511875,       0.0050508724747570,      -0.0000075040354119,      -0.0000000871601660,       0.0000023467511875,      -0.0000000871601660,      -0.0000000052172831
        0.0000074140637652,       0.0050506282015768,       0.0000007368531355,       0.0050506282015768,      -0.0000076026078171,       0.0000001230959560,       0.0000007368531355,       0.0000001230959560,       0.0000001567031511
        0.0000074667495550,       0.0050502315362713,      -0.0000002194874780,       0.0050502315362713,      -0.0000075201813327,       0.0000000968275037,      -0.0000002194874780,       0.0000000968275037,       0.0000001095869353
        0.0000074158368641,       0.0050503502223423,       0.0000001170843101,       0.0050503502223423,      -0.0000075838485187,      -0.0000001159605810,       0.0000001170843101,      -0.0000001159605810,       0.0000001827956719
        0.0000074268739014,       0.0050502823014196,      -0.0000001144009332,       0.0050502823014196,      -0.0000075883565789,       0.0000001017465986,      -0.0000001144009332,       0.0000001017465986,       0.0000002135983956
        0.0000074267015036,       0.0050502344655809,      -0.0000000071060471,       0.0050502344655809,      -0.0000075832286878,      -0.0000000062965964,      -0.0000000071060471,      -0.0000000062965964,       0.0000001909338202
        0.0000074503141851,       0.0050502126665161,      -0.0000000576169300,       0.0050502126665161,      -0.0000075923368546,      -0.0000000241487712,      -0.0000000576169300,      -0.0000000241487712,       0.0000001850438146
        0.0000074541917566,       0.0050501726191148,      -0.0000000695395294,       0.0050501726191148,      -0.0000075669580558,       0.0000000851755541,      -0.0000000695395294,       0.0000000851755541,       0.0000001434002578
        0.0000074827001487,       0.0050501497904989,      -0.0000000370872617,       0.0050501497904989,      -0.0000075614406743,      -0.0000000927842866,      -0.0000000370872617,      -0.0000000927842866,       0.0000001060277399
        0.0000074788120206,       0.0050501341914705,      -0.0000000655768319,       0.0050501341914705,      -0.0000075304292924,       0.0000001154389676,      -0.0000000655768319,       0.0000001154389676,       0.0000000662473603
        0.0000075019630872,       0.0050501238250308,      -0.0000000476190948,       0.0050501238250308,      -0.0000075153400576,      -0.0000001151815579,      -0.0000000476190948,      -0.0000001151815579,       0.0000000207628817
        0.0000075008171539,       0.0050502176118040,      -0.0000000364207903,       0.0050502176118040,      -0.0000074900014534,       0.0000000253474779,      -0.0000000364207903,       0.0000000253474779,      -0.0000000098325918
        0.0000075053413675,       0.0050502141142804,      -0.0000000602313612,       0.0050502141142804,      -0.0000074711379063,      -0.0000000369900224,      -0.0000000602313612,      -0.0000000369900224,      -0.0000000493482492
