        0.0000000046304724,       0.0000000051604061,       0.0000000051604061,       0.0000000051604061,      -0.0000019968152909,      -0.0039961439928916,       0.0000000051604061,      -0.0039961439928916,      -0.0000019968152909
        0.0000000042544129,       0.0000000173677897,       0.0000000173677897,       0.0000000173677897,      -0.0000020010461827,      -0.0039961177840230,       0.0000000173677897,      -0.0039961177840230,      -0.0000020010461827
        0.0000000043057873,       0.0000000274291970,       0.0000000274291970,       0.0000000274291970,      -0.0000019918607159,      -0.0039960640185323,       0.0000000274291970,      -0.0039960640185323,      -0.0000019918607159
        0.0000000019697389,       0.0000000360025839,       0.0000000360025839,       0.0000000360025839,      -0.0000020045220555,      -0.0039959906822449,       0.0000000360025839,      -0.0039959906822449,      -0.0000020045220555
        0.0000000043671021,       0.0000000453794592,       0.0000000453794592,       0.0000000453794592,      -0.0000019878188290,      -0.0039958935547962,       0.0000000453794592,      -0.0039958935547962,      -0.0000019878188290
       -0.0000000044471138,       0.0000000434968485,       0.0000000434968485,       0.0000000434968485,      -0.0000020006372109,      -0.0039957910655606,       0.0000000434968485,      -0.0039957910655606,      -0.0000020006372109
        0.0000000070180208,       0.0000000515888767,       0.0000000515888767,       0.0000000515888767,      -0.0000020015744529,      -0.0039956804871960,       0.0000000515888767,      -0.0039956804871960,      -0.0000020015744529
       -0.0000000152491270,       0.0000000365621885,       0.0000000365621885,       0.0000000365621885,      -0.0000019512780614,      -0.0039955732186426,       0.0000000365621885,      -0.0039955732186426,      -0.0000019512780614
        0.0000000055744327,       0.0000000224402607,       0.0000000224402607,       0.0000000224402607,      -0.0000021157682873,      -0.0039955200864911,       0.0000000224402607,      -0.0039955200864911,      -0.0000021157682873
        0.0000000134893214,       0.0000000743097612,       0.0000000743097612,       0.0000000743097612,      -0.0000016919088106,      -0.0039953770479075,       0.0000000743097612,      -0.0039953770479075,      -0.0000016919088106
       -0.0000000518260372,       0.0000000000000000,       0.0000000000000000,       0.0000000000000000,      -0.0000011080633363,      -0.0039952450219616,       0.0000000000000000,      -0.0039952450219616,      -0.0000011080633363
        0.0000000134893214,      -0.0000000743097612,      -0.0000000743097612,      -0.0000000743097612,      -0.0000016919088106,      -0.0039953770479075,      -0.0000000743097612,      -0.0039953770479075,      -0.0000016919088106
        0.0000000055744327,      -0.0000000224402607,      -0.0000000224402607,      -0.0000000224402607,      -0.0000021157682873,      -0.0039955200864911,      -0.0000000224402607,      -0.0039955200864911,      -0.0000021157682873
       -0.0000000152491270,      -0.0000000365621885,      -0.0000000365621885,      -0.0000000365621885,      -0.0000019512780614,      -0.0039955732186426,      -0.0000000365621885,      -0.0039955732186426,      -0.0000019512780614
        0.0000000070180208,      -0.0000000515888767,      -0.0000000515888767,      -0.0000000515888767,      -0.0000020015744529,      -0.0039956804871960,      -0.0000000515888767,      -0.0039956804871960,      -0.0000020015744529
       -0.0000000044471138,      -0.0000000434968485,      -0.0000000434968485,      -0.0000000434968485,      -0.0000020006372109,      -0.0039957910655606,      -0.0000000434968485,      -0.0039957910655606,      -0.0000020006372109
        0.0000000043671021,      -0.0000000453794592,      -0.0000000453794592,      -0.0000000453794592,      -0.0000019878188290,      -0.0039958935547962,      -0.0000000453794592,      -0.0039958935547962,      -0.0000019878188290
        0.0000000019697389,      -0.0000000360025839,      -0.0000000360025839,      -0.0000000360025839,      -0.0000020045220555,      -0.0039959906822449,      -0.0000000360025839,      -0.0039959906822449,      -0.0000020045220555
        0.0000000043057873,      -0.0000000274291970,      -0.0000000274291970,      -0.0000000274291970,      -0.0000019918607159,      -0.0039960640185323,      -0.0000000274291970,      -0.0039960640185323,      -0.0000019918607159
        0.0000000042544129,      -0.0000000173677897,      -0.0000000173677897,      -0.0000000173677897,      -0.0000020010461827,      -0.0039961177840230,      -0.0000000173677897,      -0.0039961177840230,      -0.0000020010461827
        0.0000000046304724,      -0.0000000051604061,      -0.0000000051604061,      -0.0000000051604061,      -0.0000019968152909,      -0.0039961439928916,      -0.0000000051604061,      -0.0039961439928916,      -0.0000019968152909
        0.0000000090782411,       0.0000000073633243,       0.0000000172045942,       0.0000000073633243,      -0.0000020009806103,      -0.0039961645446048,       0.0000000172045942,      -0.0039961645446048,      -0.0000020005707420
        0.0000000090986610,       0.0000000158570427,       0.0000000499884276,       0.0000000158570427,      -0.0000019959943994,      -0.0039961370629986,       0.0000000499884276,      -0.0039961370629986,      -0.0000019965286137
        0.0000000073152314,       0.0000000278060064,       0.0000000812407343,       0.0000000278060064,      -0.0000020053085656,      -0.0039960872620997,       0.0000000812407343,      -0.0039960872620997,      -0.0000020031582484
        0.0000000079645448,       0.0000000392907564,       0.0000001095564875,       0.0000000392907564,      -0.0000019893982558,      -0.0039960080601545,       0.0000001095564875,      -0.0039960080601545,      -0.0000019918945505
        0.0000000015516521,       0.0000000388181098,       0.0000001274352027,       0.0000000388181098,      -0.0000020073222817,      -0.0039959199991175,       0.0000001274352027,      -0.0039959199991175,      -0.0000020011362970
        0.0000000061925245,       0.0000000591839702,       0.0000001437027683,       0.0000000591839702,      -0.0000019873975188,      -0.0039958054548680,       0.0000001437027683,      -0.0039958054548680,      -0.0000019925814560
       -0.0000000105843585,       0.0000000327434150,       0.0000001334723968,       0.0000000327434150,      -0.0000019875877579,      -0.0039957007389082,       0.0000001334723968,      -0.0039957007389082,      -0.0000019801481812
        0.0000000046256335,       0.0000000542326859,       0.0000001253061123,       0.0000000542326859,      -0.0000020375075903,      -0.0039956065884896,       0.0000001253061123,      -0.0039956065884896,      -0.0000020280551917
       -0.0000000184168234,       0.0000000568122334,       0.0000001000835798,       0.0000000568122334,      -0.0000018414170575,      -0.0039954638141246,       0.0000001000835798,      -0.0039954638141246,      -0.0000018865061477
       -0.0000000331302313,      -0.0000001540850340,      -0.0000000085062481,      -0.0000001540850340,      -0.0000023699147753,      -0.0039956027390399,      -0.0000000085062481,      -0.0039956027390399,      -0.0000021994206703
        0.0000000326098431,       0.0000000000000000,       0.0000000000000000,       0.0000000000000000,      -0.0000030785297354,      -0.0039958214995198,       0.0000000000000000,      -0.0039958214995198,      -0.0000026700309473
       -0.0000000331302313,       0.0000001540850340,       0.0000000085062481,       0.0000001540850340,      -0.0000023699147753,      -0.0039956027390400,       0.0000000085062481,      -0.0039956027390400,      -0.0000021994206703
       -0.0000000184168234,      -0.0000000568122334,      -0.0000001000835798,      -0.0000000568122334,      -0.0000018414170575,      -0.0039954638141246,      -0.0000001000835798,      -0.0039954638141246,      -0.0000018865061477
        0.0000000046256335,      -0.0000000542326859,      -0.0000001253061123,      -0.0000000542326859,      -0.0000020375075903,      -0.0039956065884896,      -0.0000001253061123,      -0.0039956065884896,      -0.0000020280551917
       -0.0000000105843585,      -0.0000000327434150,      -0.0000001334723968,      -0.0000000327434150,      -0.0000019875877579,      -0.0039957007389082,      -0.0000001334723968,      -0.0039957007389082,      -0.0000019801481812
        0.0000000061925245,      -0.0000000591839702,      -0.0000001437027683,      -0.0000000591839702,      -0.0000019873975188,      -0.0039958054548680,      -0.0000001437027683,      -0.0039958054548680,      -0.0000019925814560
        0.0000000015516521,      -0.0000000388181098,      -0.0000001274352027,      -0.0000000388181098,      -0.0000020073222817,      -0.0039959199991175,      -0.0000001274352027,      -0.0039959199991175,      -0.0000020011362970
        0.0000000079645448,      -0.0000000392907564,      -0.0000001095564875,      -0.0000000392907564,      -0.0000019893982558,      -0.0039960080601545,      -0.0000001095564875,      -0.0039960080601545,      -0.0000019918945505
        0.0000000073152314,      -0.0000000278060064,      -0.0000000812407343,      -0.0000000278060064,      -0.0000020053085656,      -0.0039960872620997,      -0.0000000812407343,      -0.0039960872620997,      -0.0000020031582484
        0.0000000090986610,      -0.0000000158570427,      -0.0000000499884276,      -0.0000000158570427,      -0.0000019959943994,      -0.0039961370629986,      -0.0000000499884276,      -0.0039961370629986,      -0.0000019965286137
        0.0000000090782411,      -0.0000000073633243,      -0.0000000172045942,      -0.0000000073633243,      -0.0000020009806103,      -0.0039961645446048,      -0.0000000172045942,      -0.0039961645446048,      -0.0000020005707420
        0.0000000136595570,       0.0000000036411380,       0.0000000275987800,       0.0000000036411380,      -0.0000020005297603,      -0.0039962041030032,       0.0000000275987800,      -0.0039962041030032,      -0.0000020004561229
        0.0000000123409885,       0.0000000180070962,       0.0000000810590963,       0.0000000180070962,      -0.0000020059498165,      -0.0039961798831231,       0.0000000810590963,      -0.0039961798831231,      -0.0000020021067320
        0.0000000132845441,       0.0000000283480114,       0.0000001330430341,       0.0000000283480114,      -0.0000019936368250,      -0.0039961261622817,       0.0000001330430341,      -0.0039961261622817,      -0.0000019973076701
        0.0000000078945357,       0.0000000331012216,       0.0000001763178134,       0.0000000331012216,      -0.0000020117195159,      -0.0039960583584279,       0.0000001763178134,      -0.0039960583584279,      -0.0000019988441984
        0.0000000102254404,       0.0000000551979779,       0.0000002140513920,       0.0000000551979779,      -0.0000019849177893,      -0.0039959562687201,       0.0000002140513920,      -0.0039959562687201,      -0.0000019955468783
       -0.0000000028850604,       0.0000000323423108,       0.0000002274998226,       0.0000000323423108,      -0.0000020097415720,      -0.0039958610747940,       0.0000002274998226,      -0.0039958610747940,      -0.0000019835378785
        0.0000000038297207,       0.0000000734179241,       0.0000002323721415,       0.0000000734179241,      -0.0000019982772378,      -0.0039957416350137,       0.0000002323721415,      -0.0039957416350137,      -0.0000020029354951
       -0.0000000180558457,       0.0000000289514018,       0.0000002001378855,       0.0000000289514018,      -0.0000019368031027,      -0.0039956228595191,       0.0000002001378855,      -0.0039956228595191,      -0.0000019474499578
       -0.0000000112365784,      -0.0000000113826015,       0.0000001406261499,      -0.0000000113826015,      -0.0000021862905717,      -0.0039956235487546,       0.0000001406261499,      -0.0039956235487546,      -0.0000020273022579
        0.0000000036855768,       0.0000002907600087,       0.0000001346172431,       0.0000002907600087,      -0.0000014541127743,      -0.0039952781120099,       0.0000001346172431,      -0.0039952781120099,      -0.0000019184104304
       -0.0000000654859281,       0.0000000000000000,       0.0000000000000000,       0.0000000000000000,      -0.0000005033770627,      -0.0039949034831088,       0.0000000000000000,      -0.0039949034831088,      -0.0000016676448224
        0.0000000036855768,      -0.0000002907600087,      -0.0000001346172431,      -0.0000002907600087,      -0.0000014541127743,      -0.0039952781120099,      -0.0000001346172431,      -0.0039952781120099,      -0.0000019184104304
       -0.0000000112365784,       0.0000000113826015,      -0.0000001406261499,       0.0000000113826015,      -0.0000021862905717,      -0.0039956235487546,      -0.0000001406261499,      -0.0039956235487546,      -0.0000020273022579
       -0.0000000180558457,      -0.0000000289514018,      -0.0000002001378855,      -0.0000000289514018,      -0.0000019368031027,      -0.0039956228595191,      -0.0000002001378855,      -0.0039956228595191,      -0.0000019474499578
        0.0000000038297207,      -0.0000000734179241,      -0.0000002323721415,      -0.0000000734179241,      -0.0000019982772378,      -0.0039957416350137,      -0.0000002323721415,      -0.0039957416350137,      -0.0000020029354951
       -0.0000000028850604,      -0.0000000323423108,      -0.0000002274998226,      -0.0000000323423108,      -0.0000020097415720,      -0.0039958610747940,      -0.0000002274998226,      -0.0039958610747940,      -0.0000019835378785
        0.0000000102254404,      -0.0000000551979779,      -0.0000002140513920,      -0.0000000551979779,      -0.0000019849177893,      -0.0039959562687201,      -0.0000002140513920,      -0.0039959562687201,      -0.0000019955468783
        0.0000000078945357,      -0.0000000331012216,      -0.0000001763178134,      -0.0000000331012216,      -0.0000020117195159,      -0.0039960583584279,      -0.0000001763178134,      -0.0039960583584279,      -0.0000019988441984
        0.0000000132845441,      -0.0000000283480114,      -0.0000001330430341,      -0.0000000283480114,      -0.0000019936368250,      -0.0039961261622817,      -0.0000001330430341,      -0.0039961261622817,      -0.0000019973076701
        0.0000000123409885,      -0.0000000180070962,      -0.0000000810590963,      -0.0000000180070962,      -0.0000020059498165,      -0.0039961798831231,      -0.0000000810590963,      -0.0039961798831231,      -0.0000020021067320
        0.0000000136595570,      -0.0000000036411380,      -0.0000000275987800,      -0.0000000036411380,      -0.0000020005297603,      -0.0039962041030032,      -0.0000000275987800,      -0.0039962041030032,      -0.0000020004561229
        0.0000000167181430,       0.0000000056935868,       0.0000000354724929,       0.0000000056935868,      -0.0000020057391521,      -0.0039962638221369,       0.0000000354724929,      -0.0039962638221369,      -0.0000020018304201
        0.0000000181998641,       0.0000000168029282,       0.0000001097556868,       0.0000000168029282,      -0.0000019986572764,      -0.0039962383699377,       0.0000001097556868,      -0.0039962383699377,      -0.0000020018987442
        0.0000000132637231,       0.0000000228272367,       0.0000001761157294,       0.0000000228272367,      -0.0000020137702022,      -0.0039961957557089,       0.0000001761157294,      -0.0039961957557089,      -0.0000019971216219
        0.0000000168244567,       0.0000000445036313,       0.0000002404615192,       0.0000000445036313,      -0.0000019886853112,      -0.0039961193760693,       0.0000002404615192,      -0.0039961193760693,      -0.0000020016705505
        0.0000000049467723,       0.0000000291646317,       0.0000002847281214,       0.0000000291646317,      -0.0000020222667574,      -0.0039960421493991,       0.0000002847281214,      -0.0039960421493991,      -0.0000019808070697
        0.0000000087798451,       0.0000000729565226,       0.0000003162656651,       0.0000000729565226,      -0.0000019837237486,      -0.0039959263329531,       0.0000003162656651,      -0.0039959263329531,      -0.0000020026910740
       -0.0000000093924926,       0.0000000223357546,       0.0000003101908387,       0.0000000223357546,      -0.0000019982923507,      -0.0039958258614773,       0.0000003101908387,      -0.0039958258614773,      -0.0000019532959709
       -0.0000000091288648,       0.0000000578509526,       0.0000002759477252,       0.0000000578509526,      -0.0000020703836920,      -0.0039957441917775,       0.0000002759477252,      -0.0039957441917775,      -0.0000019880035427
       -0.0000000159952775,       0.0000001037081697,       0.0000002210554954,       0.0000001037081697,      -0.0000017329005112,      -0.0039955433447048,       0.0000002210554954,      -0.0039955433447048,      -0.0000019825334280
       -0.0000000500142112,      -0.0000003283273745,       0.0000000697293580,      -0.0000003283273745,      -0.0000027292355647,      -0.0039958425381277,       0.0000000697293580,      -0.0039958425381277,      -0.0000017959609368
        0.0000000115957358,       0.0000000000000000,       0.0000000000000000,       0.0000000000000000,      -0.0000040116769602,      -0.0039962721039776,       0.0000000000000000,      -0.0039962721039776,      -0.0000017245613921
       -0.0000000500142112,       0.0000003283273745,      -0.0000000697293580,       0.0000003283273745,      -0.0000027292355647,      -0.0039958425381277,      -0.0000000697293580,      -0.0039958425381277,      -0.0000017959609368
       -0.0000000159952775,      -0.0000001037081697,      -0.0000002210554954,      -0.0000001037081697,      -0.0000017329005112,      -0.0039955433447048,      -0.0000002210554954,      -0.0039955433447048,      -0.0000019825334280
       -0.0000000091288648,      -0.0000000578509526,      -0.0000002759477252,      -0.0000000578509526,      -0.0000020703836920,      -0.0039957441917775,      -0.0000002759477252,      -0.0039957441917775,      -0.0000019880035427
       -0.0000000093924926,      -0.0000000223357546,      -0.0000003101908387,      -0.0000000223357546,      -0.0000019982923507,      -0.0039958258614773,      -0.0000003101908387,      -0.0039958258614773,      -0.0000019532959709
        0.0000000087798451,      -0.0000000729565226,      -0.0000003162656651,      -0.0000000729565226,      -0.0000019837237486,      -0.0039959263329531,      -0.0000003162656651,      -0.0039959263329531,      -0.0000020026910740
        0.0000000049467723,      -0.0000000291646317,      -0.0000002847281214,      -0.0000000291646317,      -0.0000020222667574,      -0.0039960421493991,      -0.0000002847281214,      -0.0039960421493991,      -0.0000019808070697
        0.0000000168244567,      -0.0000000445036313,      -0.0000002404615192,      -0.0000000445036313,      -0.0000019886853112,      -0.0039961193760693,      -0.0000002404615192,      -0.0039961193760693,      -0.0000020016705505
        0.0000000132637231,      -0.0000000228272367,      -0.0000001761157294,      -0.0000000228272367,      -0.0000020137702022,      -0.0039961957557089,      -0.0000001761157294,      -0.0039961957557089,      -0.0000019971216219
        0.0000000181998641,      -0.0000000168029282,      -0.0000001097556868,      -0.0000000168029282,      -0.0000019986572764,      -0.0039962383699377,      -0.0000001097556868,      -0.0039962383699377,      -0.0000020018987442
        0.0000000167181430,      -0.0000000056935868,      -0.0000000354724929,      -0.0000000056935868,      -0.0000020057391521,      -0.0039962638221369,      -0.0000000354724929,      -0.0039962638221369,      -0.0000020018304201
        0.0000000208894352,       0.0000000107448259,       0.0000000457007024,       0.0000000107448259,      -0.0000020037991827,      -0.0039963382305327,       0.0000000457007024,      -0.0039963382305327,      -0.0000020037424487
        0.0000000170483647,       0.0000000063809157,       0.0000001268827176,       0.0000000063809157,      -0.0000020133928808,      -0.0039963205932369,       0.0000001268827176,      -0.0039963205932369,      -0.0000019966762612
        0.0000000228741395,       0.0000000343888209,       0.0000002142284405,       0.0000000343888209,      -0.0000019941158802,      -0.0039962756147411,       0.0000002142284405,      -0.0039962756147411,      -0.0000020076952546
        0.0000000107815914,       0.0000000167164920,       0.0000002845332147,       0.0000000167164920,      -0.0000020268764765,      -0.0039962243860538,       0.0000002845332147,      -0.0039962243860538,      -0.0000019791276814
        0.0000000177170379,       0.0000000626929662,       0.0000003482706540,       0.0000000626929662,      -0.0000019834690863,      -0.0039961354945674,       0.0000003482706540,      -0.0039961354945674,      -0.0000020099748119
       -0.0000000001267106,       0.0000000183096843,       0.0000003803598338,       0.0000000183096843,      -0.0000020308864806,      -0.0039960566756901,       0.0000003803598338,      -0.0039960566756901,      -0.0000019487393456
       -0.0000000028739402,       0.0000000727199138,       0.0000003802503661,       0.0000000727199138,      -0.0000020132085325,      -0.0039959560055596,       0.0000003802503661,      -0.0039959560055596,      -0.0000019923384430
       -0.0000000089309597,       0.0000000437684543,       0.0000003461891571,       0.0000000437684543,      -0.0000019118262994,      -0.0039958283953860,       0.0000003461891571,      -0.0039958283953860,      -0.0000019599364981
       -0.0000000402096364,      -0.0000000625961534,       0.0000002439424730,      -0.0000000625961534,      -0.0000023519742095,      -0.0039958851098732,       0.0000002439424730,      -0.0039958851098732,      -0.0000018283974721
       -0.0000000084357993,       0.0000003884388973,       0.0000001579055257,       0.0000003884388973,      -0.0000010709282183,      -0.0039954527458631,       0.0000001579055257,      -0.0039954527458631,      -0.0000023245992935
       -0.0000000574676665,       0.0000000000000000,       0.0000000000000000,       0.0000000000000000,       0.0000005900230412,      -0.0039949325764090,       0.0000000000000000,      -0.0039949325764090,      -0.0000027806830462
       -0.0000000084357993,      -0.0000003884388973,      -0.0000001579055257,      -0.0000003884388973,      -0.0000010709282183,      -0.0039954527458631,      -0.0000001579055257,      -0.0039954527458631,      -0.0000023245992935
       -0.0000000402096364,       0.0000000625961534,      -0.0000002439424730,       0.0000000625961534,      -0.0000023519742095,      -0.0039958851098732,      -0.0000002439424730,      -0.0039958851098732,      -0.0000018283974721
       -0.0000000089309597,      -0.0000000437684543,      -0.0000003461891570,      -0.0000000437684543,      -0.0000019118262994,      -0.0039958283953860,      -0.0000003461891570,      -0.0039958283953860,      -0.0000019599364981
       -0.0000000028739402,      -0.0000000727199138,      -0.0000003802503661,      -0.0000000727199138,      -0.0000020132085325,      -0.0039959560055596,      -0.0000003802503661,      -0.0039959560055596,      -0.0000019923384430
       -0.0000000001267106,      -0.0000000183096843,      -0.0000003803598338,      -0.0000000183096843,      -0.0000020308864806,      -0.0039960566756901,      -0.0000003803598338,      -0.0039960566756901,      -0.0000019487393456
        0.0000000177170379,      -0.0000000626929662,      -0.0000003482706540,      -0.0000000626929662,      -0.0000019834690863,      -0.0039961354945674,      -0.0000003482706540,      -0.0039961354945674,      -0.0000020099748119
        0.0000000107815914,      -0.0000000167164920,      -0.0000002845332147,      -0.0000000167164920,      -0.0000020268764765,      -0.0039962243860538,      -0.0000002845332147,      -0.0039962243860538,      -0.0000019791276814
        0.0000000228741395,      -0.0000000343888209,      -0.0000002142284405,      -0.0000000343888209,      -0.0000019941158802,      -0.0039962756147411,      -0.0000002142284405,      -0.0039962756147411,      -0.0000020076952546
        0.0000000170483647,      -0.0000000063809157,      -0.0000001268827176,      -0.0000000063809157,      -0.0000020133928808,      -0.0039963205932369,      -0.0000001268827176,      -0.0039963205932369,      -0.0000019966762612
        0.0000000208894352,      -0.0000000107448259,      -0.0000000457007024,      -0.0000000107448259,      -0.0000020037991827,      -0.0039963382305327,      -0.0000000457007024,      -0.0039963382305327,      -0.0000020037424487
        0.0000000199489736,      -0.0000000189032390,       0.0000000428471154,      -0.0000000189032390,      -0.0000020103314246,      -0.0039964265327054,       0.0000000428471154,      -0.0039964265327054,      -0.0000019990055380
        0.0000000255747930,       0.0000000348790865,       0.0000001439096817,       0.0000000348790865,      -0.0000019990889531,      -0.0039964096563888,       0.0000001439096817,      -0.0039964096563888,      -0.0000020108996072
        0.0000000137262069,      -0.0000000082697166,       0.0000002270511935,      -0.0000000082697166,      -0.0000020253786625,      -0.0039963852937386,       0.0000002270511935,      -0.0039963852937386,      -0.0000019797274060
        0.0000000261430193,       0.0000000557018187,       0.0000003162900420,       0.0000000557018187,      -0.0000019882342441,      -0.0039963337543040,       0.0000003162900420,      -0.0039963337543040,      -0.0000020184467912
        0.0000000061334572,       0.0000000011894451,       0.0000003802509796,       0.0000000011894451,      -0.0000020413338363,      -0.0039962837334631,       0.0000003802509796,      -0.0039962837334631,      -0.0000019483823625
        0.0000000093392968,       0.0000000658590594,       0.0000004201305492,       0.0000000658590594,      -0.0000019942729916,      -0.0039962079652675,       0.0000004201305492,      -0.0039962079652675,      -0.0000020064970508
        0.0000000012271893,       0.0000000257133693,       0.0000004312107120,       0.0000000257133693,      -0.0000020029122099,      -0.0039961235057852,       0.0000004312107120,      -0.0039961235057852,      -0.0000019367423600
       -0.0000000345590625,       0.0000000094789132,       0.0000003700318773,       0.0000000094789132,      -0.0000021504235849,      -0.0039960964360102,       0.0000003700318773,      -0.0039960964360102,      -0.0000018917683266
        0.0000000019438866,       0.0000001420345358,       0.0000002958097953,       0.0000001420345358,      -0.0000016017993438,      -0.0039958928207840,       0.0000002958097953,      -0.0039958928207840,      -0.0000021368321268
       -0.0000000470868375,      -0.0000003002033652,       0.0000001719498044,      -0.0000003002033652,      -0.0000031119310182,      -0.0039961895690758,       0.0000001719498044,      -0.0039961895690758,      -0.0000013305582152
       -0.0000000447826423,       0.0000000000000000,       0.0000000000000000,       0.0000000000000000,      -0.0000051217610184,      -0.0039966580648378,       0.0000000000000000,      -0.0039966580648378,      -0.0000004576396835
       -0.0000000470868375,       0.0000003002033652,      -0.0000001719498044,       0.0000003002033652,      -0.0000031119310182,      -0.0039961895690758,      -0.0000001719498044,      -0.0039961895690758,      -0.0000013305582152
        0.0000000019438866,      -0.0000001420345358,      -0.0000002958097953,      -0.0000001420345358,      -0.0000016017993438,      -0.0039958928207840,      -0.0000002958097953,      -0.0039958928207840,      -0.0000021368321268
       -0.0000000345590625,      -0.0000000094789132,      -0.0000003700318773,      -0.0000000094789132,      -0.0000021504235849,      -0.0039960964360102,      -0.0000003700318773,      -0.0039960964360102,      -0.0000018917683266
        0.0000000012271893,      -0.0000000257133693,      -0.0000004312107120,      -0.0000000257133693,      -0.0000020029122099,      -0.0039961235057852,      -0.0000004312107120,      -0.0039961235057852,      -0.0000019367423600
        0.0000000093392968,      -0.0000000658590594,      -0.0000004201305492,      -0.0000000658590594,      -0.0000019942729916,      -0.0039962079652675,      -0.0000004201305492,      -0.0039962079652675,      -0.0000020064970508
        0.0000000061334572,      -0.0000000011894451,      -0.0000003802509796,      -0.0000000011894451,      -0.0000020413338363,      -0.0039962837334631,      -0.0000003802509796,      -0.0039962837334631,      -0.0000019483823625
        0.0000000261430193,      -0.0000000557018187,      -0.0000003162900420,      -0.0000000557018187,      -0.0000019882342441,      -0.0039963337543040,      -0.0000003162900420,      -0.0039963337543040,      -0.0000020184467912
        0.0000000137262069,       0.0000000082697166,      -0.0000002270511935,       0.0000000082697166,      -0.0000020253786625,      -0.0039963852937386,      -0.0000002270511935,      -0.0039963852937386,      -0.0000019797274060
        0.0000000255747930,      -0.0000000348790865,      -0.0000001439096817,      -0.0000000348790865,      -0.0000019990889531,      -0.0039964096563888,      -0.0000001439096817,      -0.0039964096563888,      -0.0000020108996072
        0.0000000199489736,       0.0000000189032390,      -0.0000000428471153,       0.0000000189032390,      -0.0000020103314246,      -0.0039964265327054,      -0.0000000428471153,      -0.0039964265327054,      -0.0000019990055380
        0.0000000231312757,       0.0000000563925380,       0.0000000512572017,       0.0000000563925380,      -0.0000020043540329,      -0.0039965173695077,       0.0000000512572017,      -0.0039965173695077,      -0.0000020069582188
        0.0000000151506008,      -0.0000000477829657,       0.0000001333278686,      -0.0000000477829657,      -0.0000020191787534,      -0.0039965114085699,       0.0000001333278686,      -0.0039965114085699,      -0.0000019842223401
        0.0000000292096170,       0.0000000652675314,       0.0000002320737657,       0.0000000652675314,      -0.0000019934313435,      -0.0039964938127610,       0.0000002320737657,      -0.0039964938127610,      -0.0000020228198919
        0.0000000088896939,      -0.0000000341603457,       0.0000003101620842,      -0.0000000341603457,      -0.0000020369244998,      -0.0039964721796894,       0.0000003101620842,      -0.0039964721796894,      -0.0000019544701387
        0.0000000208384237,       0.0000000620311970,       0.0000003799353273,       0.0000000620311970,      -0.0000019933282142,      -0.0039964405844197,       0.0000003799353273,      -0.0039964405844197,      -0.0000020189449691
        0.0000000081300780,       0.0000000033332466,       0.0000004313054226,       0.0000000033332466,      -0.0000020326145081,      -0.0039963922783656,       0.0000004313054226,      -0.0039963922783656,      -0.0000019347813611
       -0.0000000198269378,       0.0000000129996533,       0.0000004178332680,       0.0000000129996533,      -0.0000020644372162,      -0.0039963728695157,       0.0000004178332680,      -0.0039963728695157,      -0.0000019402768415
        0.0000000166313718,       0.0000000834312950,       0.0000003973586826,       0.0000000834312950,      -0.0000018634135448,      -0.0039962717833749,       0.0000003973586826,      -0.0039962717833749,      -0.0000020273687483
       -0.0000000612337469,      -0.0000000893773389,       0.0000003017481258,      -0.0000000893773389,      -0.0000025033430609,      -0.0039963487325788,       0.0000003017481258,      -0.0039963487325788,      -0.0000016177867980
       -0.0000000519604140,       0.0000001685815441,       0.0000000967398004,       0.0000001685815441,      -0.0000009064115198,      -0.0039960927461641,       0.0000000967398004,      -0.0039960927461641,      -0.0000025739187450
        0.0000000220790770,       0.0000000000000000,       0.0000000000000000,       0.0000000000000000,       0.0000013203785281,      -0.0039957106016900,       0.0000000000000000,      -0.0039957106016900,      -0.0000037978636442
       -0.0000000519604140,      -0.0000001685815441,      -0.0000000967398004,      -0.0000001685815441,      -0.0000009064115198,      -0.0039960927461641,      -0.0000000967398004,      -0.0039960927461641,      -0.0000025739187450
       -0.0000000612337469,       0.0000000893773389,      -0.0000003017481258,       0.0000000893773389,      -0.0000025033430609,      -0.0039963487325788,      -0.0000003017481258,      -0.0039963487325788,      -0.0000016177867980
        0.0000000166313718,      -0.0000000834312950,      -0.0000003973586826,      -0.0000000834312950,      -0.0000018634135448,      -0.0039962717833749,      -0.0000003973586826,      -0.0039962717833749,      -0.0000020273687482
       -0.0000000198269378,      -0.0000000129996533,      -0.0000004178332680,      -0.0000000129996533,      -0.0000020644372162,      -0.0039963728695157,      -0.0000004178332680,      -0.0039963728695157,      -0.0000019402768415
        0.0000000081300780,      -0.0000000033332466,      -0.0000004313054226,      -0.0000000033332466,      -0.0000020326145081,      -0.0039963922783656,      -0.0000004313054226,      -0.0039963922783656,      -0.0000019347813611
        0.0000000208384237,      -0.0000000620311970,      -0.0000003799353273,      -0.0000000620311970,      -0.0000019933282142,      -0.0039964405844197,      -0.0000003799353273,      -0.0039964405844197,      -0.0000020189449691
        0.0000000088896939,       0.0000000341603457,      -0.0000003101620842,       0.0000000341603457,      -0.0000020369244998,      -0.0039964721796894,      -0.0000003101620842,      -0.0039964721796894,      -0.0000019544701387
        0.0000000292096170,      -0.0000000652675314,      -0.0000002320737657,      -0.0000000652675314,      -0.0000019934313435,      -0.0039964938127610,      -0.0000002320737657,      -0.0039964938127610,      -0.0000020228198919
        0.0000000151506008,       0.0000000477829657,      -0.0000001333278686,       0.0000000477829657,      -0.0000020191787534,      -0.0039965114085699,      -0.0000001333278686,      -0.0039965114085699,      -0.0000019842223401
        0.0000000231312757,      -0.0000000563925380,      -0.0000000512572017,      -0.0000000563925380,      -0.0000020043540329,      -0.0039965173695077,      -0.0000000512572017,      -0.0039965173695077,      -0.0000020069582188
        0.0000000170471809,      -0.0000000874946141,       0.0000000381059952,      -0.0000000874946141,      -0.0000020097297465,      -0.0039966044995718,       0.0000000381059952,      -0.0039966044995718,      -0.0000019950822798
        0.0000000231940228,       0.0000000862630814,       0.0000001235182661,       0.0000000862630814,      -0.0000019991981583,      -0.0039966068659140,       0.0000001235182661,      -0.0039966068659140,      -0.0000020159631477
        0.0000000126595242,      -0.0000000721243167,       0.0000002013421276,      -0.0000000721243167,      -0.0000020231767657,      -0.0039966023496758,       0.0000002013421276,      -0.0039966023496758,      -0.0000019703239359
        0.0000000209051241,       0.0000000633573011,       0.0000002745507570,       0.0000000633573011,      -0.0000019995058410,      -0.0039966119157371,       0.0000002745507570,      -0.0039966119157371,      -0.0000020181431815
        0.0000000153827894,      -0.0000000223437507,       0.0000003470281535,      -0.0000000223437507,      -0.0000020257914309,      -0.0039965921892377,       0.0000003470281535,      -0.0039965921892377,      -0.0000019562727372
       -0.0000000080604244,      -0.0000000042735482,       0.0000003692914025,      -0.0000000042735482,      -0.0000020382263080,      -0.0039966159584333,       0.0000003692914025,      -0.0039966159584333,      -0.0000019630197814
        0.0000000264300495,       0.0000000705002136,       0.0000003977129052,       0.0000000705002136,      -0.0000019587561401,      -0.0039965715580587,       0.0000003977129052,      -0.0039965715580587,      -0.0000019996766364
       -0.0000000509829927,      -0.0000000829879781,       0.0000003507845364,      -0.0000000829879781,      -0.0000022292769622,      -0.0039966088156687,       0.0000003507845364,      -0.0039966088156687,      -0.0000017794427443
       -0.0000000113884899,       0.0000000628570820,       0.0000002268210275,       0.0000000628570820,      -0.0000015807165534,      -0.0039965540696003,       0.0000002268210275,      -0.0039965540696003,      -0.0000022221605579
        0.0000000456335866,       0.0000001035701124,       0.0000002507890009,       0.0000001035701124,      -0.0000030605943165,      -0.0039966164928059,       0.0000002507890009,      -0.0039966164928059,      -0.0000012801199281
       -0.0000001816418421,       0.0000000000000000,       0.0000000000000000,       0.0000000000000000,      -0.0000052687033398,      -0.0039967832341141,       0.0000000000000000,      -0.0039967832341141,       0.0000001827784089
        0.0000000456335866,      -0.0000001035701124,      -0.0000002507890009,      -0.0000001035701124,      -0.0000030605943165,      -0.0039966164928059,      -0.0000002507890009,      -0.0039966164928059,      -0.0000012801199281
       -0.0000000113884899,      -0.0000000628570820,      -0.0000002268210275,      -0.0000000628570820,      -0.0000015807165534,      -0.0039965540696003,      -0.0000002268210275,      -0.0039965540696003,      -0.0000022221605579
       -0.0000000509829927,       0.0000000829879781,      -0.0000003507845364,       0.0000000829879781,      -0.0000022292769622,      -0.0039966088156687,      -0.0000003507845364,      -0.0039966088156687,      -0.0000017794427443
        0.0000000264300495,      -0.0000000705002136,      -0.0000003977129052,      -0.0000000705002136,      -0.0000019587561401,      -0.0039965715580586,      -0.0000003977129052,      -0.0039965715580586,      -0.0000019996766364
       -0.0000000080604244,       0.0000000042735482,      -0.0000003692914025,       0.0000000042735482,      -0.0000020382263080,      -0.0039966159584333,      -0.0000003692914025,      -0.0039966159584333,      -0.0000019630197814
        0.0000000153827894,       0.0000000223437507,      -0.0000003470281535,       0.0000000223437507,      -0.0000020257914309,      -0.0039965921892377,      -0.0000003470281535,      -0.0039965921892377,      -0.0000019562727372
        0.0000000209051241,      -0.0000000633573011,      -0.0000002745507570,      -0.0000000633573011,      -0.0000019995058410,      -0.0039966119157371,      -0.0000002745507570,      -0.0039966119157371,      -0.0000020181431815
        0.0000000126595242,       0.0000000721243167,      -0.0000002013421276,       0.0000000721243167,      -0.0000020231767657,      -0.0039966023496758,      -0.0000002013421276,      -0.0039966023496758,      -0.0000019703239359
        0.0000000231940228,      -0.0000000862630814,      -0.0000001235182661,      -0.0000000862630814,      -0.0000019991981583,      -0.0039966068659140,      -0.0000001235182661,      -0.0039966068659140,      -0.0000020159631477
        0.0000000170471809,       0.0000000874946141,      -0.0000000381059952,       0.0000000874946141,      -0.0000020097297465,      -0.0039966044995718,      -0.0000000381059952,      -0.0039966044995718,      -0.0000019950822798
        0.0000000108635041,      -0.0000000082114996,       0.0000000165493298,      -0.0000000082114996,      -0.0000020039726866,      -0.0039966792418771,       0.0000000165493298,      -0.0039966792418771,      -0.0000019991399081
        0.0000000251083338,       0.0000000155521560,       0.0000001052028224,       0.0000000155521560,      -0.0000020050517155,      -0.0039966784867641,       0.0000001052028224,      -0.0039966784867641,      -0.0000020018469595
