        0.0000033314359913,       0.0033663435833399,      -0.0000000041411325,       0.0033663435833399,      -0.0000033325418843,      -0.0000000041178812,      -0.0000000041411325,      -0.0000000041178812,      -0.0000000008989248
        0.0000033348572843,       0.0033663604598631,      -0.0000000063430999,       0.0033663604598631,      -0.0000033295283360,      -0.0000000145597384,      -0.0000000063430999,      -0.0000000145597384,      -0.0000000045626149
        0.0000033342973630,       0.0033663936770932,      -0.0000000027948640,       0.0033663936770932,      -0.0000033301065585,      -0.0000000225019298,      -0.0000000027948640,      -0.0000000225019298,      -0.0000000083905769
        0.0000033388904238,       0.0033664432719640,      -0.0000000047369095,       0.0033664432719640,      -0.0000033288748474,      -0.0000000300587271,      -0.0000000047369095,      -0.0000000300587271,      -0.0000000110030832
        0.0000033372034933,       0.0033665053124071,      -0.0000000098592765,       0.0033665053124071,      -0.0000033281219462,      -0.0000000372827812,      -0.0000000098592765,      -0.0000000372827812,      -0.0000000146220914
        0.0000033434183502,       0.0033665788263105,       0.0000000177702315,       0.0033665788263105,      -0.0000033317802953,      -0.0000000361917149,       0.0000000177702315,      -0.0000000361917149,      -0.0000000140807980
        0.0000033385564843,       0.0033666542171729,      -0.0000000515146836,       0.0033666542171729,      -0.0000033259406346,      -0.0000000426892740,      -0.0000000515146836,      -0.0000000426892740,      -0.0000000170513218
        0.0000033440348957,       0.0033667268741305,       0.0000000763846151,       0.0033667268741305,      -0.0000033360254202,      -0.0000000293108795,       0.0000000763846151,      -0.0000000293108795,      -0.0000000122374853
        0.0000033399189276,       0.0033667889778700,       0.0000000166502120,       0.0033667889778700,      -0.0000033319309979,      -0.0000000218092179,       0.0000000166502120,      -0.0000000218092179,      -0.0000000078382451
        0.0000033327563723,       0.0033668241736520,      -0.0000008571347413,       0.0033668241736520,      -0.0000033108355275,      -0.0000000518491105,      -0.0000008571347413,      -0.0000000518491105,      -0.0000000268068655
        0.0000033339903841,       0.0033668340503158,      -0.0000014588464157,       0.0033668340503158,      -0.0000033339448810,       0.0000000225071260,      -0.0000014588464157,       0.0000000225071260,      -0.0000000000331829
        0.0000033350882398,       0.0033668245247979,      -0.0000008575582820,       0.0033668245247979,      -0.0000033568441008,       0.0000000699477228,      -0.0000008575582820,       0.0000000699477228,       0.0000000266431095
        0.0000033274908759,       0.0033667891513203,       0.0000000169673557,       0.0033667891513203,      -0.0000033353282032,       0.0000000159850841,       0.0000000169673557,       0.0000000159850841,       0.0000000077439617
        0.0000033226822112,       0.0033667269904506,       0.0000000767204444,       0.0033667269904506,      -0.0000033308018071,       0.0000000305068502,       0.0000000767204444,       0.0000000305068502,       0.0000000125381262
        0.0000033274125053,       0.0033666543780641,      -0.0000000513669767,       0.0033666543780641,      -0.0000033404344916,       0.0000000431105658,      -0.0000000513669767,       0.0000000431105658,       0.0000000177431740
        0.0000033217935598,       0.0033665790188598,       0.0000000181122251,       0.0033665790188598,      -0.0000033340765943,       0.0000000355100308,       0.0000000181122251,       0.0000000355100308,       0.0000000151660974
        0.0000033273654993,       0.0033665053135141,      -0.0000000097999536,       0.0033665053135141,      -0.0000033373058380,       0.0000000379987041,      -0.0000000097999536,       0.0000000379987041,       0.0000000160475849
        0.0000033251730891,       0.0033664434408853,      -0.0000000045488923,       0.0033664434408853,      -0.0000033361894394,       0.0000000296453967,      -0.0000000045488923,       0.0000000296453967,       0.0000000126914254
        0.0000033294187711,       0.0033663935778366,      -0.0000000028210494,       0.0033663935778366,      -0.0000033346928841,       0.0000000228664885,      -0.0000000028210494,       0.0000000228664885,       0.0000000102621181
        0.0000033286462472,       0.0033663605933321,      -0.0000000062543134,       0.0033663605933321,      -0.0000033351041134,       0.0000000144548337,      -0.0000000062543134,       0.0000000144548337,       0.0000000065448278
        0.0000033319701104,       0.0033663434576032,      -0.0000000042021445,       0.0033663434576032,      -0.0000033320071162,       0.0000000042256230,      -0.0000000042021445,       0.0000000042256230,       0.0000000029324913
        0.0000033345314405,       0.0033663604638129,      -0.0000000146113095,       0.0033663604638129,      -0.0000033292226779,      -0.0000000062447365,      -0.0000000146113095,      -0.0000000062447365,      -0.0000000045279606
        0.0000033368258352,       0.0033663762015253,      -0.0000000128191978,       0.0033663762015253,      -0.0000033273286775,      -0.0000000127509564,      -0.0000000128191978,      -0.0000000127509564,      -0.0000000158165138
        0.0000033435348046,       0.0033664092199770,      -0.0000000151273208,       0.0033664092199770,      -0.0000033226086406,      -0.0000000230925123,      -0.0000000151273208,      -0.0000000230925123,      -0.0000000260456854
        0.0000033459934226,       0.0033664548180882,      -0.0000000140310047,       0.0033664548180882,      -0.0000033216653649,      -0.0000000320887078,      -0.0000000140310047,      -0.0000000320887078,      -0.0000000360312738
        0.0000033545188260,       0.0033665180610303,      -0.0000000047191441,       0.0033665180610303,      -0.0000033216065232,      -0.0000000319441996,      -0.0000000047191441,      -0.0000000319441996,      -0.0000000421938017
        0.0000033538096792,       0.0033665851795163,      -0.0000000316956255,       0.0033665851795163,      -0.0000033193356302,      -0.0000000486444191,      -0.0000000316956255,      -0.0000000486444191,      -0.0000000480726841
        0.0000033615970011,       0.0033666630436130,       0.0000000430777349,       0.0033666630436130,      -0.0000033273864547,      -0.0000000263108044,       0.0000000430777349,      -0.0000000263108044,      -0.0000000452251980
        0.0000033540856626,       0.0033667331352602,      -0.0000000763528426,       0.0033667331352602,      -0.0000033207478528,      -0.0000000459077401,      -0.0000000763528426,      -0.0000000459077401,      -0.0000000425632281
        0.0000033524017105,       0.0033667865277533,      -0.0000000249684834,       0.0033667865277533,      -0.0000033288307227,      -0.0000000426631904,      -0.0000000249684834,      -0.0000000426631904,      -0.0000000341274536
        0.0000033496591447,       0.0033668404045608,       0.0000008718213930,       0.0033668404045608,      -0.0000033520975980,       0.0000001160391667,       0.0000008718213930,       0.0000001160391667,       0.0000000032493254
        0.0000033340897343,       0.0033668677057685,       0.0000014916144564,       0.0033668677057685,      -0.0000033334723425,      -0.0000000240737301,       0.0000014916144564,      -0.0000000240737301,      -0.0000000007245139
        0.0000033182499488,       0.0033668404149971,       0.0000008735489387,       0.0033668404149971,      -0.0000033150544973,      -0.0000001353902623,       0.0000008735489387,      -0.0000001353902623,      -0.0000000040567547
        0.0000033149742949,       0.0033667868889898,      -0.0000000250532238,       0.0033667868889898,      -0.0000033384369457,       0.0000000489252976,      -0.0000000250532238,       0.0000000489252976,       0.0000000340846744
        0.0000033126849861,       0.0033667336683465,      -0.0000000762626123,       0.0033667336683465,      -0.0000033461611787,       0.0000000445955859,      -0.0000000762626123,       0.0000000445955859,       0.0000000427672033
        0.0000033043670329,       0.0033666635315873,       0.0000000436979468,       0.0033666635315873,      -0.0000033389490709,       0.0000000260507106,       0.0000000436979468,       0.0000000260507106,       0.0000000458942159
        0.0000033114309179,       0.0033665855184634,      -0.0000000318261125,       0.0033665855184634,      -0.0000033466057197,       0.0000000495380458,      -0.0000000318261125,       0.0000000495380458,       0.0000000491546354
        0.0000033100756458,       0.0033665184331051,      -0.0000000042448081,       0.0033665184331051,      -0.0000033438743708,       0.0000000314275345,      -0.0000000042448081,       0.0000000314275345,       0.0000000436315735
        0.0000033181175496,       0.0033664548666340,      -0.0000000142180863,       0.0033664548666340,      -0.0000033434820305,       0.0000000327732650,      -0.0000000142180863,       0.0000000327732650,       0.0000000377411217
        0.0000033202418450,       0.0033664094118188,      -0.0000000148489929,       0.0033664094118188,      -0.0000033422902160,       0.0000000229452274,      -0.0000000148489929,       0.0000000229452274,       0.0000000279384219
        0.0000033267521119,       0.0033663761011289,      -0.0000000130261757,       0.0033663761011289,      -0.0000033374009412,       0.0000000130952128,      -0.0000000130261757,       0.0000000130952128,       0.0000000178189857
        0.0000033289558719,       0.0033663605893648,      -0.0000000144036051,       0.0033663605893648,      -0.0000033354339026,       0.0000000063519222,      -0.0000000144036051,       0.0000000063519222,       0.0000000065794884
        0.0000033341144862,       0.0033663936790506,      -0.0000000224960153,       0.0033663936790506,      -0.0000033299846142,      -0.0000000026527938,      -0.0000000224960153,      -0.0000000026527938,      -0.0000000082872298
        0.0000033417032471,       0.0033664092425878,      -0.0000000232117815,       0.0033664092425878,      -0.0000033208176565,      -0.0000000149601965,      -0.0000000232117815,      -0.0000000149601965,      -0.0000000259767967
        0.0000033471492595,       0.0033664368256627,      -0.0000000231810810,       0.0033664368256627,      -0.0000033173275653,      -0.0000000230714074,      -0.0000000231810810,      -0.0000000230714074,      -0.0000000437601789
        0.0000033573615937,       0.0033664838393654,      -0.0000000188112450,       0.0033664838393654,      -0.0000033122152925,      -0.0000000271302193,      -0.0000000188112450,      -0.0000000271302193,      -0.0000000585242926
        0.0000033619995613,       0.0033665356136651,      -0.0000000296882703,       0.0033665356136651,      -0.0000033107389206,      -0.0000000453570465,      -0.0000000296882703,      -0.0000000453570465,      -0.0000000716969606
        0.0000033731054351,       0.0033666083896402,       0.0000000084145373,       0.0033666083896402,      -0.0000033137280957,      -0.0000000259465326,       0.0000000084145373,      -0.0000000259465326,      -0.0000000771729815
        0.0000033696776694,       0.0033666724165492,      -0.0000000591686558,       0.0033666724165492,      -0.0000033106058050,      -0.0000000609678534,      -0.0000000591686558,      -0.0000000609678534,      -0.0000000787370984
        0.0000033746375864,       0.0033667436654841,       0.0000000612556229,       0.0033667436654841,      -0.0000033231096808,      -0.0000000216092372,       0.0000000612556229,      -0.0000000216092372,      -0.0000000690717183
        0.0000033624895230,       0.0033668089468825,       0.0000000475948844,       0.0033668089468825,      -0.0000033220834276,       0.0000000047065876,       0.0000000475948844,       0.0000000047065876,      -0.0000000487196355
        0.0000033424413653,       0.0033668195428116,      -0.0000008775649854,       0.0033668195428116,      -0.0000033105543086,      -0.0000002262598047,      -0.0000008775649854,      -0.0000002262598047,      -0.0000000458365124
        0.0000033339211467,       0.0033668076181440,      -0.0000015268852186,       0.0033668076181440,      -0.0000033342513468,       0.0000000267799243,      -0.0000015268852186,       0.0000000267799243,       0.0000000003542641
        0.0000033254651935,       0.0033668199899314,      -0.0000008799195696,       0.0033668199899314,      -0.0000033574489784,       0.0000002474747925,      -0.0000008799195696,       0.0000002474747925,       0.0000000457675592
        0.0000033050382922,       0.0033668096336294,       0.0000000484506929,       0.0033668096336294,      -0.0000033451135694,      -0.0000000120040222,       0.0000000484506929,      -0.0000000120040222,       0.0000000481821601
        0.0000032921104788,       0.0033667444032191,       0.0000000618152780,       0.0033667444032191,      -0.0000033436452412,       0.0000000233381257,       0.0000000618152780,       0.0000000233381257,       0.0000000692123108
        0.0000032963438365,       0.0033666731625077,      -0.0000000594191269,       0.0033666731625077,      -0.0000033558921416,       0.0000000613615109,      -0.0000000594191269,       0.0000000613615109,       0.0000000793097552
        0.0000032921697852,       0.0033666090817181,       0.0000000092363286,       0.0033666090817181,      -0.0000033522238166,       0.0000000253817215,       0.0000000092363286,       0.0000000253817215,       0.0000000782333908
        0.0000033026541837,       0.0033665359687405,      -0.0000000300961278,       0.0033665359687405,      -0.0000033548844715,       0.0000000463566931,      -0.0000000300961278,       0.0000000463566931,       0.0000000731457159
        0.0000033068442280,       0.0033664842013284,      -0.0000000182570593,       0.0033664842013284,      -0.0000033530834230,       0.0000000268426710,      -0.0000000182570593,       0.0000000268426710,       0.0000000602600387
        0.0000033167412841,       0.0033664368339022,      -0.0000000235967216,       0.0033664368339022,      -0.0000033477330605,       0.0000000237080431,      -0.0000000235967216,       0.0000000237080431,       0.0000000456856927
        0.0000033220208059,       0.0033664093894455,      -0.0000000228269008,       0.0033664093894455,      -0.0000033441097964,       0.0000000150148809,      -0.0000000228269008,       0.0000000150148809,       0.0000000280074078
        0.0000033295270975,       0.0033663935761641,      -0.0000000228724401,       0.0033663935761641,      -0.0000033348622892,       0.0000000029646101,      -0.0000000228724401,       0.0000000029646101,       0.0000000103655366
        0.0000033355889296,       0.0033664433125044,      -0.0000000301236788,       0.0033664433125044,      -0.0000033256943874,      -0.0000000045301737,      -0.0000000301236788,      -0.0000000045301737,      -0.0000000107994488
        0.0000033428632531,       0.0033664548565433,      -0.0000000321241067,       0.0033664548565433,      -0.0000033186394109,      -0.0000000138460445,      -0.0000000321241067,      -0.0000000138460445,      -0.0000000358597963
        0.0000033524772621,       0.0033664838999092,      -0.0000000273002713,       0.0033664838999092,      -0.0000033073932036,      -0.0000000185870037,      -0.0000000273002713,      -0.0000000185870037,      -0.0000000584209475
        0.0000033612122127,       0.0033665175865767,      -0.0000000370706324,       0.0033665175865767,      -0.0000033036819019,      -0.0000000369231354,      -0.0000000370706324,      -0.0000000369231354,      -0.0000000804671022
        0.0000033742488905,       0.0033665763423899,      -0.0000000131797188,       0.0033665763423899,      -0.0000032996348694,      -0.0000000233673893,      -0.0000000131797188,      -0.0000000233673893,      -0.0000000965856066
        0.0000033782841522,       0.0033666259371306,      -0.0000000491928088,       0.0033666259371306,      -0.0000032987330800,      -0.0000000606836979,      -0.0000000491928088,      -0.0000000606836979,      -0.0000001072178320
        0.0000033891373464,       0.0033667028079367,       0.0000000302457033,       0.0033667028079367,      -0.0000033061032964,      -0.0000000169985116,       0.0000000302457033,      -0.0000000169985116,      -0.0000001074605652
        0.0000033783900694,       0.0033667581738229,      -0.0000000563861323,       0.0033667581738229,      -0.0000033043500712,      -0.0000000498136385,      -0.0000000563861323,      -0.0000000498136385,      -0.0000000944579831
        0.0000033734457008,       0.0033668017024501,      -0.0000000745266762,       0.0033668017024501,      -0.0000033180870988,      -0.0000000795004901,      -0.0000000745266762,      -0.0000000795004901,      -0.0000000769408914
        0.0000033663472285,       0.0033668830304165,       0.0000009022530220,       0.0033668830304165,      -0.0000033359671531,       0.0000002545018604,       0.0000009022530220,       0.0000002545018604,      -0.0000000279511146
        0.0000033343593474,       0.0033669378754202,       0.0000016017814970,       0.0033669378754202,      -0.0000033332232648,      -0.0000000308021798,       0.0000016017814970,      -0.0000000308021798,      -0.0000000015506994
        0.0000033017217042,       0.0033668836311800,       0.0000009055698837,       0.0033668836311800,      -0.0000033307653850,      -0.0000002786490842,       0.0000009055698837,      -0.0000002786490842,       0.0000000261681935
        0.0000032940373403,       0.0033668024487042,      -0.0000000752053872,       0.0033668024487042,      -0.0000033490176965,       0.0000000879046473,      -0.0000000752053872,       0.0000000879046473,       0.0000000764838738
        0.0000032884689763,       0.0033667592003151,      -0.0000000561995490,       0.0033667592003151,      -0.0000033625698599,       0.0000000474895655,      -0.0000000561995490,       0.0000000474895655,       0.0000000942071765
        0.0000032769407771,       0.0033667038127025,       0.0000000312175561,       0.0033667038127025,      -0.0000033602396737,       0.0000000170517547,       0.0000000312175561,       0.0000000170517547,       0.0000001079182908
        0.0000032870330043,       0.0033666267041222,      -0.0000000497498096,       0.0033666267041222,      -0.0000033673931999,       0.0000000616809265,      -0.0000000497498096,       0.0000000616809265,       0.0000001081888284
        0.0000032905320508,       0.0033665769956379,      -0.0000000122706979,       0.0033665769956379,      -0.0000033661027415,       0.0000000228617535,      -0.0000000122706979,       0.0000000228617535,       0.0000000980158522
        0.0000033030932987,       0.0033665178466791,      -0.0000000377439494,       0.0033665178466791,      -0.0000033617979015,       0.0000000378941448,      -0.0000000377439494,       0.0000000378941448,       0.0000000822139453
        0.0000033116072604,       0.0033664841416727,      -0.0000000266742739,       0.0033664841416727,      -0.0000033579089326,       0.0000000184795550,      -0.0000000266742739,       0.0000000184795550,       0.0000000603636846
        0.0000033210443766,       0.0033664548296189,      -0.0000000327374134,       0.0033664548296189,      -0.0000033465135344,       0.0000000144056065,      -0.0000000327374134,       0.0000000144056065,       0.0000000379129592
        0.0000033282742374,       0.0033664434016554,      -0.0000000295813643,       0.0033664434016554,      -0.0000033394115977,       0.0000000047536684,      -0.0000000295813643,       0.0000000047536684,       0.0000000128951725
        0.0000033366458151,       0.0033665053184093,      -0.0000000372791965,       0.0033665053184093,      -0.0000033277659022,      -0.0000000096200347,      -0.0000000372791965,      -0.0000000096200347,      -0.0000000142900289
        0.0000033432285727,       0.0033665182008561,      -0.0000000320299853,       0.0033665182008561,      -0.0000033104981184,      -0.0000000044678024,      -0.0000000320299853,      -0.0000000044678024,      -0.0000000418926448
        0.0000033541870310,       0.0033665357101307,      -0.0000000454327803,       0.0033665357101307,      -0.0000033030806570,      -0.0000000294594691,      -0.0000000454327803,      -0.0000000294594691,      -0.0000000714553723
        0.0000033655144696,       0.0033665764507587,      -0.0000000235571010,       0.0033665764507587,      -0.0000032909873314,      -0.0000000129181068,      -0.0000000235571010,      -0.0000000129181068,      -0.0000000964461747
        0.0000033763670665,       0.0033666085905352,      -0.0000000532673155,       0.0033666085905352,      -0.0000032889816710,      -0.0000000530853908,      -0.0000000532673155,      -0.0000000530853908,      -0.0000001180096991
        0.0000033903064746,       0.0033666770251998,       0.0000000000622705,       0.0033666770251998,      -0.0000032872019999,      -0.0000000140444348,       0.0000000000622705,      -0.0000000140444348,      -0.0000001318381161
        0.0000033888419245,       0.0033667151859415,      -0.0000000557559322,       0.0033667151859415,      -0.0000032889272362,      -0.0000000616180333,      -0.0000000557559322,      -0.0000000616180333,      -0.0000001300075886
        0.0000033952910045,       0.0033667849064777,       0.0000000162537937,       0.0033667849064777,      -0.0000033010935737,      -0.0000000336591475,       0.0000000162537937,      -0.0000000336591475,      -0.0000001224749320
        0.0000033780918869,       0.0033668433937441,       0.0000001188095512,       0.0033668433937441,      -0.0000033041822750,       0.0000000446732558,       0.0000001188095512,       0.0000000446732558,      -0.0000000857763507
        0.0000033433116986,       0.0033668037361939,      -0.0000008726538290,       0.0033668037361939,      -0.0000033199992517,      -0.0000003015197026,      -0.0000008726538290,      -0.0000003015197026,      -0.0000000497276476
        0.0000033337374621,       0.0033667497821718,      -0.0000016256904550,       0.0033667497821718,      -0.0000033337982234,       0.0000000344637306,      -0.0000016256904550,       0.0000000344637306,       0.0000000000700605
        0.0000033248473467,       0.0033668037859023,      -0.0000008757757779,       0.0033668037859023,      -0.0000033475021202,       0.0000003270806908,      -0.0000008757757779,       0.0000003270806908,       0.0000000486568220
        0.0000032895726766,       0.0033668444743874,       0.0000001207156695,       0.0033668444743874,      -0.0000033627844696,      -0.0000000551306458,       0.0000001207156695,      -0.0000000551306458,       0.0000000842649372
        0.0000032716709302,       0.0033667860224382,       0.0000000164534051,       0.0033667860224382,      -0.0000033654373525,       0.0000000367445608,       0.0000000164534051,       0.0000000367445608,       0.0000001220345215
        0.0000032772423631,       0.0033667163064726,      -0.0000000559156323,       0.0033667163064726,      -0.0000033775817139,       0.0000000613699486,      -0.0000000559156323,       0.0000000613699486,       0.0000001301076876
        0.0000032752087392,       0.0033666780020306,       0.0000000011364134,       0.0033666780020306,      -0.0000033788804447,       0.0000000135918612,       0.0000000011364134,       0.0000000135918612,       0.0000001326803133
        0.0000032884391637,       0.0033666092305369,      -0.0000000540525543,       0.0033666092305369,      -0.0000033769072593,       0.0000000542376003,      -0.0000000540525543,       0.0000000542376003,       0.0000001193470931
        0.0000032990444455,       0.0033665768891223,      -0.0000000226744967,       0.0033665768891223,      -0.0000033747025146,       0.0000000125301602,      -0.0000000226744967,       0.0000000125301602,       0.0000000981558430
        0.0000033100386190,       0.0033665358758550,      -0.0000000462796814,       0.0033665358758550,      -0.0000033624241053,       0.0000000303284792,      -0.0000000462796814,       0.0000000303284792,       0.0000000733881416
        0.0000033209593430,       0.0033665182966597,      -0.0000000313436323,       0.0033665182966597,      -0.0000033549403805,       0.0000000044940106,      -0.0000000313436323,       0.0000000044940106,       0.0000000439333618
        0.0000033274609143,       0.0033665053113734,      -0.0000000380030529,       0.0033665053113734,      -0.0000033376033463,       0.0000000100420485,      -0.0000000380030529,       0.0000000100420485,       0.0000000163799329
        0.0000033333526390,       0.0033665789505013,      -0.0000000361558960,       0.0033665789505013,      -0.0000033220064383,       0.0000000180330484,      -0.0000000361558960,       0.0000000180330484,      -0.0000000136025656
        0.0000033458192894,       0.0033665852776387,      -0.0000000487214342,       0.0033665852776387,      -0.0000033116339866,      -0.0000000314179460,      -0.0000000487214342,      -0.0000000314179460,      -0.0000000476159076
        0.0000033515413500,       0.0033666086571289,      -0.0000000259838771,       0.0033666086571289,      -0.0000032924123255,       0.0000000086846506,      -0.0000000259838771,       0.0000000086846506,      -0.0000000767731624
        0.0000033666176087,       0.0033666260810480,      -0.0000000608150714,       0.0033666260810480,      -0.0000032872813213,      -0.0000000489231838,      -0.0000000608150714,      -0.0000000489231838,      -0.0000001069020796
        0.0000033784269831,       0.0033666771725390,      -0.0000000142005325,       0.0033666771725390,      -0.0000032754374828,       0.0000000003322903,      -0.0000000142005325,       0.0000000003322903,      -0.0000001316609448
        0.0000033878268045,       0.0033666986468588,      -0.0000000571826413,       0.0033666986468588,      -0.0000032779562271,      -0.0000000569731692,      -0.0000000571826413,      -0.0000000569731692,      -0.0000001435894269
        0.0000033997382384,       0.0033667717952163,      -0.0000000029151100,       0.0033667717952163,      -0.0000032791426990,      -0.0000000204690614,      -0.0000000029151100,      -0.0000000204690614,      -0.0000001530647107
        0.0000033892230604,       0.0033667987812760,       0.0000000023921397,       0.0033667987812760,      -0.0000032854740692,      -0.0000000111927594,       0.0000000023921397,      -0.0000000111927594,      -0.0000001276817735
        0.0000033803870967,       0.0033668206995895,      -0.0000001541325153,       0.0033668206995895,      -0.0000033073360688,      -0.0000001107247136,      -0.0000001541325153,      -0.0000001107247136,      -0.0000001044890718
        0.0000033821612708,       0.0033669567168444,       0.0000008412219233,       0.0033669567168444,      -0.0000033005287366,       0.0000002259938648,       0.0000008412219233,       0.0000002259938648,      -0.0000000719062994
        0.0000033349288413,       0.0033670628790489,       0.0000016726887097,       0.0033670628790489,      -0.0000033336519990,      -0.0000000383680338,       0.0000016726887097,      -0.0000000383680338,      -0.0000000022257955
        0.0000032860287155,       0.0033669582261347,       0.0000008443618803,       0.0033669582261347,      -0.0000033660840010,      -0.0000002530600457,       0.0000008443618803,      -0.0000002530600457,       0.0000000690814821
        0.0000032874806837,       0.0033668213822797,      -0.0000001560910273,       0.0033668213822797,      -0.0000033590609504,       0.0000001219474108,      -0.0000001560910273,       0.0000001219474108,       0.0000001027870924
        0.0000032776875777,       0.0033668000487098,       0.0000000039992160,       0.0033668000487098,      -0.0000033811532477,       0.0000000066218642,       0.0000000039992160,       0.0000000066218642,       0.0000001263988507
        0.0000032666824005,       0.0033667729566163,      -0.0000000026808689,       0.0033667729566163,      -0.0000033870457128,       0.0000000214345328,      -0.0000000026808689,       0.0000000214345328,       0.0000001529087529
        0.0000032775781015,       0.0033666996668412,      -0.0000000573054653,       0.0033666996668412,      -0.0000033882040382,       0.0000000575154011,      -0.0000000573054653,       0.0000000575154011,       0.0000001440915203
        0.0000032867469934,       0.0033666778575992,      -0.0000000134382159,       0.0033666778575992,      -0.0000033905343890,      -0.0000000008675054,      -0.0000000134382159,      -0.0000000008675054,       0.0000001328582333
        0.0000032979549779,       0.0033666265665918,      -0.0000000615475674,       0.0033666265665918,      -0.0000033785313340,       0.0000000500224550,      -0.0000000615475674,       0.0000000500224550,       0.0000001085059137
        0.0000033130435129,       0.0033666088204596,      -0.0000000253472977,       0.0033666088204596,      -0.0000033733470325,      -0.0000000089677246,      -0.0000000253472977,      -0.0000000089677246,       0.0000000786345248
        0.0000033185474811,       0.0033665854283528,      -0.0000000494611543,       0.0033665854283528,      -0.0000033540122052,       0.0000000321067429,      -0.0000000494611543,       0.0000000321067429,       0.0000000496124527
        0.0000033310558033,       0.0033665789022420,      -0.0000000355478105,       0.0033665789022420,      -0.0000033436308610,      -0.0000000178514619,      -0.0000000355478105,      -0.0000000178514619,       0.0000000156446810
        0.0000033395644336,       0.0033666542029906,      -0.0000000429117268,       0.0033666542029906,      -0.0000033273450596,      -0.0000000512403899,      -0.0000000429117268,      -0.0000000512403899,      -0.0000000164174385
        0.0000033381539315,       0.0033666633341455,      -0.0000000261006371,       0.0033666633341455,      -0.0000033043250443,       0.0000000433238218,      -0.0000000261006371,       0.0000000433238218,      -0.0000000446099617
        0.0000033549494600,       0.0033666725977670,      -0.0000000611884344,       0.0033666725977670,      -0.0000032962655684,      -0.0000000588542947,      -0.0000000611884344,      -0.0000000588542947,      -0.0000000781561404
        0.0000033595968945,       0.0033667031742562,      -0.0000000168701429,       0.0033667031742562,      -0.0000032768865387,       0.0000000305101796,      -0.0000000168701429,       0.0000000305101796,      -0.0000001069592434
        0.0000033768210217,       0.0033667153334122,      -0.0000000618612922,       0.0033667153334122,      -0.0000032771880450,      -0.0000000554797121,      -0.0000000618612922,      -0.0000000554797121,      -0.0000001296194666
        0.0000033869332315,       0.0033667719538314,      -0.0000000205028051,       0.0033667719538314,      -0.0000032664810877,      -0.0000000026616718,      -0.0000000205028051,      -0.0000000026616718,      -0.0000001528524197
        0.0000033906644184,       0.0033667809019667,      -0.0000000136188767,       0.0033667809019667,      -0.0000032754906488,      -0.0000000133753661,      -0.0000000136188767,      -0.0000000133753661,      -0.0000001436915565
        0.0000033931434667,       0.0033668310347155,      -0.0000000640318970,       0.0033668310347155,      -0.0000032842007965,      -0.0000000689620278,      -0.0000000640318970,      -0.0000000689620278,      -0.0000001435361369
        0.0000033864108813,       0.0033669008151741,       0.0000001802569277,       0.0033669008151741,      -0.0000032827811052,       0.0000000662009944,       0.0000001802569277,       0.0000000662009944,      -0.0000001097417251
        0.0000033315549145,       0.0033667572326254,      -0.0000006938470876,       0.0033667572326254,      -0.0000033465670060,      -0.0000001188072549,      -0.0000006938470876,      -0.0000001188072549,      -0.0000000220642853
        0.0000033333140334,       0.0033666323223063,      -0.0000016115436521,       0.0033666323223063,      -0.0000033319257200,       0.0000000392606456,      -0.0000016115436521,       0.0000000392606456,      -0.0000000013422064
        0.0000033372016549,       0.0033667562313831,      -0.0000006953120736,       0.0033667562313831,      -0.0000033191240670,       0.0000001422757569,      -0.0000006953120736,       0.0000001422757569,       0.0000000183769360
        0.0000032812053242,       0.0033669023595676,       0.0000001842971126,       0.0033669023595676,      -0.0000033838255983,      -0.0000000788604860,       0.0000001842971126,      -0.0000000788604860,       0.0000001069658261
        0.0000032743362335,       0.0033668319461995,      -0.0000000665883908,       0.0033668319461995,      -0.0000033816768584,       0.0000000741893871,      -0.0000000665883908,       0.0000000741893871,       0.0000001418479186
        0.0000032754468719,       0.0033667821466601,      -0.0000000110902573,       0.0033667821466601,      -0.0000033907089447,       0.0000000113240761,      -0.0000000110902573,       0.0000000113240761,       0.0000001427905590
        0.0000032790297009,       0.0033667728018487,      -0.0000000213996586,       0.0033667728018487,      -0.0000033995371958,       0.0000000029397531,      -0.0000000213996586,       0.0000000029397531,       0.0000001531218014
        0.0000032881652744,       0.0033667161680676,      -0.0000000611258889,       0.0033667161680676,      -0.0000033887878756,       0.0000000561891242,      -0.0000000611258889,       0.0000000561891242,       0.0000001304974080
        0.0000033054584740,       0.0033667034556535,      -0.0000000171833942,       0.0033667034556535,      -0.0000033890828452,      -0.0000000309508194,      -0.0000000171833942,      -0.0000000309508194,       0.0000001084214281
        0.0000033096615668,       0.0033666729942779,      -0.0000000611401693,       0.0033666729942779,      -0.0000033695996669,       0.0000000597332997,      -0.0000000611401693,       0.0000000597332997,       0.0000000798925286
        0.0000033265895816,       0.0033666632531578,      -0.0000000262639971,       0.0033666632531578,      -0.0000033615544568,      -0.0000000434507093,      -0.0000000262639971,      -0.0000000434507093,       0.0000000465107231
        0.0000033250705317,       0.0033666544056110,      -0.0000000428894806,       0.0033666544056110,      -0.0000033384895019,       0.0000000516409217,      -0.0000000428894806,       0.0000000516409217,       0.0000000183774893
        0.0000033298445305,       0.0033667270491876,      -0.0000000287758836,       0.0033667270491876,      -0.0000033223229727,       0.0000000766068846,      -0.0000000287758836,       0.0000000766068846,      -0.0000000114573437
        0.0000033451292878,       0.0033667332445179,      -0.0000000464053005,       0.0033667332445179,      -0.0000033122912975,      -0.0000000760837525,      -0.0000000464053005,      -0.0000000760837525,      -0.0000000417935129
        0.0000033427873630,       0.0033667440600649,      -0.0000000210441540,       0.0033667440600649,      -0.0000032917435060,       0.0000000614861590,      -0.0000000210441540,       0.0000000614861590,      -0.0000000683191362
        0.0000033615734730,       0.0033667583798138,      -0.0000000503183452,       0.0033667583798138,      -0.0000032880212152,      -0.0000000561125218,      -0.0000000503183452,      -0.0000000561125218,      -0.0000000937666461
        0.0000033649620265,       0.0033667852818375,      -0.0000000331692803,       0.0033667852818375,      -0.0000032711702644,       0.0000000165482368,      -0.0000000331692803,       0.0000000165482368,      -0.0000001218755586
        0.0000033806233129,       0.0033667988851431,      -0.0000000117113323,       0.0033667988851431,      -0.0000032772084626,       0.0000000025675595,      -0.0000000117113323,       0.0000000025675595,      -0.0000001272457408
        0.0000033821986647,       0.0033668311699829,      -0.0000000686544869,       0.0033668311699829,      -0.0000032734191683,      -0.0000000638561971,      -0.0000000686544869,      -0.0000000638561971,      -0.0000001433024577
        0.0000033893906191,       0.0033668751010884,       0.0000000685058334,       0.0033668751010884,      -0.0000032771195585,       0.0000000690390583,       0.0000000685058334,       0.0000000690390583,      -0.0000001244433409
        0.0000033579150965,       0.0033667987636292,      -0.0000001396493004,       0.0033667987636292,      -0.0000033176421335,      -0.0000000519587646,      -0.0000001396493004,      -0.0000000519587646,      -0.0000000779133218
        0.0000033920852656,       0.0033670583901019,       0.0000004886485924,       0.0033670583901019,      -0.0000032653122983,      -0.0000001044753557,       0.0000004886485924,      -0.0000001044753557,      -0.0000001083625352
        0.0000033357673733,       0.0033672237142399,       0.0000015575898982,       0.0033672237142399,      -0.0000033351220465,      -0.0000000387009960,       0.0000015575898982,      -0.0000000387009960,      -0.0000000023097420
        0.0000032759408775,       0.0033670609367173,       0.0000004890031665,       0.0033670609367173,      -0.0000034014131161,       0.0000000862195407,       0.0000004890031665,       0.0000000862195407,       0.0000001048790838
        0.0000033107546510,       0.0033667983788022,      -0.0000001444818159,       0.0033667983788022,      -0.0000033471800855,       0.0000000618132859,      -0.0000001444818159,       0.0000000618132859,       0.0000000737706552
        0.0000032774212235,       0.0033668766686839,       0.0000000758814884,       0.0033668766686839,      -0.0000033890921556,      -0.0000000753755650,       0.0000000758814884,      -0.0000000753755650,       0.0000001219529224
        0.0000032847222346,       0.0033668318156968,      -0.0000000744859810,       0.0033668318156968,      -0.0000033922267695,       0.0000000667877982,      -0.0000000744859810,       0.0000000667877982,       0.0000001420822229
        0.0000032849445515,       0.0033667999550045,      -0.0000000061083295,       0.0033667999550045,      -0.0000033887455476,      -0.0000000038447607,      -0.0000000061083295,      -0.0000000038447607,       0.0000001268362704
        0.0000033006167687,       0.0033667856592677,      -0.0000000372351356,       0.0033667856592677,      -0.0000033947908644,      -0.0000000161432220,      -0.0000000372351356,      -0.0000000161432220,       0.0000001226357425
        0.0000033033530519,       0.0033667590113236,      -0.0000000469846359,       0.0033667590113236,      -0.0000033779436152,       0.0000000564607910,      -0.0000000469846359,       0.0000000564607910,       0.0000000949006630
        0.0000033222496450,       0.0033667440254492,      -0.0000000239065220,       0.0033667440254492,      -0.0000033742705114,      -0.0000000615739157,      -0.0000000239065220,      -0.0000000615739157,       0.0000000699668337
        0.0000033197158833,       0.0033667335784042,      -0.0000000440984409,       0.0033667335784042,      -0.0000033536929795,       0.0000000765227796,      -0.0000000440984409,       0.0000000765227796,       0.0000000435381552
        0.0000033350668346,       0.0033667268344026,      -0.0000000310442363,       0.0033667268344026,      -0.0000033436750368,      -0.0000000764893654,      -0.0000000310442363,      -0.0000000764893654,       0.0000000133188482
        0.0000033342553975,       0.0033667890464656,      -0.0000000224315510,       0.0033667890464656,      -0.0000033268326543,       0.0000000168036406,      -0.0000000224315510,       0.0000000168036406,      -0.0000000069459476
        0.0000033372911592,       0.0033667867135195,      -0.0000000418978999,       0.0033667867135195,      -0.0000033143186061,      -0.0000000246878502,      -0.0000000418978999,      -0.0000000246878502,      -0.0000000332028087
