        1.0833185494197077,     112.6382905698637273,       0.0001982999662308,     112.6382905698636989,       0.5481623272919973,       0.0001968168484452,       0.0001982999662308,       0.0001968168484452,       0.0002184587792624
        1.0832627916151409,     112.6375500171448181,       0.0002366102005520,     112.6375500171448323,       0.5481176355810862,       0.0006156780017550,       0.0002366102005520,       0.0006156780017550,       0.0006206625538150
        1.0831997517317065,     112.6360962252636142,       0.0001450184835555,     112.6360962252636284,       0.5481424547482840,       0.0009593443526878,       0.0001450184835555,       0.0009593443526878,       0.0009714777987704
        1.0830420157990501,     112.6340172036408660,       0.0002804248335079,     112.6340172036408376,       0.5480148967956093,       0.0012817090587219,       0.0002804248335079,       0.0012817090587219,       0.0012038742729974
        1.0830060468400267,     112.6314301252348287,       0.0000341009642034,     112.6314301252348287,       0.5481783049264705,       0.0014840442827280,       0.0000341009642034,       0.0014840442827280,       0.0014751303041969
        1.0827603139580440,     112.6285353823593454,       0.0001759104046609,     112.6285353823593169,       0.5480038925830298,       0.0015231973516498,       0.0001759104046609,       0.0015231973516498,       0.0013565609541048
        1.0828689445595676,     112.6256015092300657,       0.0003775919069052,     112.6256015092300515,       0.5480531246273813,       0.0016345307470358,       0.0003775919069052,       0.0016345307470358,       0.0015499177932130
        1.0827080059252476,     112.6228738580148416,      -0.0015114791534667,     112.6228738580148416,       0.5483685616853902,       0.0010702729837640,      -0.0015114791534667,       0.0010702729837640,       0.0010023364972798
        1.0827597807109819,     112.6206721120298795,       0.0026828420495264,     112.6206721120298937,       0.5476842214374639,       0.0011060678179504,       0.0026828420495264,       0.0011060678179504,       0.0008446319623418
        1.0833494573453928,     112.6193685192718448,       0.0134130694650006,     112.6193685192718448,       0.5471970124291368,       0.0018236441844670,       0.0134130694650006,       0.0018236441844670,       0.0017435735517442
        1.0831536935183763,     112.6189412348234526,       0.0189708299495853,     112.6189412348234526,       0.5481130836155691,      -0.0000956251346564,       0.0189708299495853,      -0.0000956251346564,      -0.0000287787988089
        1.0829643337286472,     112.6193887575978607,       0.0133876332656824,     112.6193887575978465,       0.5490378948304793,      -0.0019115153598013,       0.0133876332656824,      -0.0019115153598013,      -0.0017975025425021
        1.0835717219118741,     112.6206792847959264,       0.0026723885452764,     112.6206792847959264,       0.5485679239656003,      -0.0010905501953105,       0.0026723885452764,      -0.0010905501953105,      -0.0008888625582666
        1.0836593981582376,     112.6228679091816645,      -0.0015173804344757,     112.6228679091816787,       0.5479026152105504,      -0.0010694048507929,      -0.0015173804344757,      -0.0010694048507929,      -0.0010307981440071
        1.0835427755705913,     112.6256033921237503,       0.0003635942970294,     112.6256033921237361,       0.5482346433092902,      -0.0016372990138334,       0.0003635942970294,      -0.0016372990138334,      -0.0015665625446997
        1.0837027927606120,     112.6285355340421575,       0.0001607921358138,     112.6285355340421575,       0.5483030312151107,      -0.0015201462823695,       0.0001607921358138,      -0.0015201462823695,      -0.0013600184888561
        1.0835133066660727,     112.6314270255839602,       0.0000191095401233,     112.6314270255839602,       0.5481480846127638,      -0.0014852360304284,       0.0000191095401233,      -0.0014852360304284,      -0.0014590546342556
        1.0835329705495700,     112.6340151843084669,       0.0002652130619307,     112.6340151843084811,       0.5483276064598268,      -0.0012804102745638,       0.0002652130619307,      -0.0012804102745638,      -0.0011703644021449
        1.0834225079305362,     112.6360947203224896,       0.0001329208166414,     112.6360947203224754,       0.5482107312528216,      -0.0009591956773934,       0.0001329208166414,      -0.0009591956773934,      -0.0009265484902082
        1.0833947011486975,     112.6375493793125315,       0.0002281321100353,     112.6375493793125173,       0.5482432231729821,      -0.0006156622639666,       0.0002281321100353,      -0.0006156622639666,      -0.0005681232009981
        1.0833576231993811,     112.6382896421907418,       0.0001955922189202,     112.6382896421907276,       0.5482020091271309,      -0.0001970376470607,       0.0001955922189202,      -0.0001970376470607,      -0.0001626126052863
        1.0832633156103624,     112.6375499166938852,       0.0006174061754574,     112.6375499166938852,       0.5481152290833544,       0.0002319035795845,       0.0006174061754574,       0.0002319035795845,       0.0006153071740330
        1.0831600003935296,     112.6368441027422307,       0.0005725467841481,     112.6368441027422165,       0.5480216761118403,       0.0005681517798218,       0.0005725467841481,       0.0005681517798218,       0.0017550559164739
        1.0829077457065697,     112.6354793179028064,       0.0006471893924763,     112.6354793179028206,       0.5478687373327967,       0.0010008685674884,       0.0006471893924763,       0.0010008685674884,       0.0027540352826979
        1.0827077072744018,     112.6334863458128410,       0.0004497889060694,     112.6334863458128410,       0.5479409184743097,       0.0012480265498643,       0.0004497889060694,       0.0012480265498643,       0.0036316168567959
        1.0822828607678896,     112.6310261119797644,       0.0005611960498395,     112.6310261119797644,       0.5477407283437342,       0.0014730547423404,       0.0005611960498395,       0.0014730547423404,       0.0040431495684868
        1.0821818140003450,     112.6282628048988954,       0.0002977987866824,     112.6282628048988954,       0.5479519540326047,       0.0017237936422055,       0.0002977987866824,       0.0017237936422055,       0.0044316265647047
        1.0818190550741176,     112.6253959747521520,      -0.0002248406205614,     112.6253959747521662,       0.5479102382689546,       0.0011599875708434,      -0.0002248406205614,       0.0011599875708434,       0.0039167234237480
        1.0820611930242194,     112.6228517472361688,       0.0015161348833477,     112.6228517472361830,       0.5476988049221458,       0.0019930812610149,       0.0015161348833477,       0.0019930812610149,       0.0036656827117198
        1.0822647733334128,     112.6207475689840578,      -0.0027688320718760,     112.6207475689840578,       0.5483970298647437,       0.0006305337442264,      -0.0027688320718760,       0.0006305337442264,       0.0025749471352277
        1.0821144989939562,     112.6189792739257172,      -0.0142196798698403,     112.6189792739257456,       0.5487313029407827,      -0.0033767650196178,      -0.0142196798698403,      -0.0033767650196178,      -0.0000749338187542
        1.0831448438692686,     112.6183278052372998,      -0.0202123106147907,     112.6183278052372856,       0.5481389277625400,       0.0000761382075548,      -0.0202123106147907,       0.0000761382075548,      -0.0000389517928931
        1.0841829008574277,     112.6189614332386526,      -0.0141589664549725,     112.6189614332386384,       0.5475360123557168,       0.0034375949227873,      -0.0141589664549725,       0.0034375949227873,       0.0000020387209981
        1.0840647315333707,     112.6207400896392983,      -0.0027639930653732,     112.6207400896392983,       0.5478674239567854,      -0.0006521801519964,      -0.0027639930653732,      -0.0006521801519964,      -0.0026262551768641
        1.0842990402963550,     112.6228576089824145,       0.0014933493905226,     112.6228576089823861,       0.5485754704821080,      -0.0019924932087804,       0.0014933493905226,      -0.0019924932087804,      -0.0037045929399583
        1.0845842956896685,     112.6253955031327649,      -0.0002335306106177,     112.6253955031327649,       0.5483828287083562,      -0.0011578813362477,      -0.0002335306106177,      -0.0011578813362477,      -0.0039407519794373
        1.0842726352756842,     112.6282611489292549,       0.0002824387673022,     112.6282611489292691,       0.5483578668012058,      -0.0017255993128985,       0.0002824387673022,      -0.0017255993128985,      -0.0044379037475623
        1.0842242993184641,     112.6310240392180901,       0.0005439399426903,     112.6310240392180759,       0.5485868542452272,      -0.0014709764235795,       0.0005439399426903,      -0.0014709764235795,      -0.0040373138391549
        1.0838484728708868,     112.6334814713599712,       0.0004357172056855,     112.6334814713599570,       0.5483991469189936,      -0.0012490759263907,       0.0004357172056855,      -0.0012490759263907,      -0.0036118869396114
        1.0836940390604470,     112.6354759992688770,       0.0006336043659266,     112.6354759992688628,       0.5484825612844211,      -0.0010001348602705,       0.0006336043659266,      -0.0010001348602705,      -0.0027216128701573
        1.0834748451627636,     112.6368412884921639,       0.0005645847545653,     112.6368412884921639,       0.5483371901855468,      -0.0005689250661189,       0.0005645847545653,      -0.0005689250661189,      -0.0017158059196643
        1.0833892366853068,     112.6375494388458520,       0.0006139780760616,     112.6375494388458378,       0.5482472492411924,      -0.0002328469786001,       0.0006139780760616,      -0.0002328469786001,      -0.0005730662862400
        1.0832698563048455,     112.6360958609379850,       0.0009599408513888,     112.6360958609379850,       0.5480696805882822,       0.0001376327243555,       0.0009599408513888,       0.0001376327243555,       0.0009560584501248
        1.0829890270012221,     112.6354794085132056,       0.0010052588674056,     112.6354794085131914,       0.5477858965767188,       0.0006396244431524,       0.0010052588674056,       0.0006396244431524,       0.0027435187777495
        1.0827840368390567,     112.6342318678254912,       0.0008895728650332,     112.6342318678255197,       0.5476791899062626,       0.0008832482909341,       0.0008895728650332,       0.0008832482909341,       0.0044254542176966
        1.0822281935538476,     112.6324641912666635,       0.0009563622502237,     112.6324641912666493,       0.5473983672005982,       0.0012857887976592,       0.0009563622502237,       0.0012857887976592,       0.0056372996092372
        1.0819256321342616,     112.6302056937857543,       0.0006821825259554,     112.6302056937857401,       0.5475541005504267,       0.0015275830916386,       0.0006821825259554,       0.0015275830916386,       0.0066638143980553
        1.0812745651280620,     112.6276609230770447,       0.0004758298765902,     112.6276609230770731,       0.5473159484566653,       0.0013406739622466,       0.0004758298765902,       0.0013406739622466,       0.0066847271479614
        1.0813372256012541,     112.6251343854798108,       0.0007521191264977,     112.6251343854798392,       0.5475267349509815,       0.0021459501332199,       0.0007521191264977,       0.0021459501332199,       0.0066963502063395
        1.0810874666735621,     112.6225875735343607,      -0.0015756905157806,     112.6225875735343607,       0.5477849193920468,       0.0003558109196134,      -0.0015756905157806,       0.0003558109196134,       0.0053538846327787
        1.0816100884037569,     112.6206874348247027,       0.0019017597974301,     112.6206874348246885,       0.5473879511315963,       0.0012914464221883,       0.0019017597974301,       0.0012914464221883,       0.0038384751082248
        1.0830813989381325,     112.6201520937623712,       0.0141422896520634,     112.6201520937623854,       0.5477732060248138,       0.0064903722105855,       0.0141422896520634,       0.0064903722105855,       0.0035287116158186
        1.0831600981466893,     112.6200051460767497,       0.0208269758404457,     112.6200051460767355,       0.5481043637926502,      -0.0000437936436218,       0.0208269758404457,      -0.0000437936436218,      -0.0000178584732562
        1.0832412706589709,     112.6201661655418889,       0.0140366212009686,     112.6201661655418889,       0.5484642648034999,      -0.0065163994351478,       0.0140366212009686,      -0.0065163994351478,      -0.0035656501037488
        1.0847052353647311,     112.6206963198188049,       0.0018804381854393,     112.6206963198187765,       0.5488785199757472,      -0.0012744879740855,       0.0018804381854393,      -0.0012744879740855,      -0.0038910109821478
        1.0852573197257467,     112.6225866522989207,      -0.0015680985958084,     112.6225866522989350,       0.5484951560045649,      -0.0003625082983965,      -0.0015680985958084,      -0.0003625082983965,      -0.0054028470384787
        1.0850497559168149,     112.6251374993338885,       0.0007316574870311,     112.6251374993338885,       0.5487680619644794,      -0.0021465713259416,       0.0007316574870311,      -0.0021465713259416,      -0.0067313845757336
        1.0851583612087496,     112.6276618670183751,       0.0004618143488998,     112.6276618670183609,       0.5489982829334711,      -0.0013394011827910,       0.0004618143488998,      -0.0013394011827910,      -0.0067049084402822
        1.0845541866125148,     112.6302045057075958,       0.0006671484180716,     112.6302045057075816,       0.5487743514997078,      -0.0015303800021565,       0.0006671484180716,      -0.0015303800021565,      -0.0066731815613464
        1.0842969600284433,     112.6324609682762485,       0.0009387498428109,     112.6324609682762770,       0.5489438417607884,      -0.0012856860845329,       0.0009387498428109,      -0.0012856860845329,      -0.0056356077961548
        1.0837774032570704,     112.6342283227559307,       0.0008790574281421,     112.6342283227559449,       0.5486721364370027,      -0.0008856271711628,       0.0008790574281421,      -0.0008856271711628,      -0.0044209988906931
        1.0836021283489137,     112.6354766953578235,       0.0009954158253607,     112.6354766953578093,       0.5485728455154700,      -0.0006413031853307,       0.0009954158253607,      -0.0006413031853307,      -0.0027314741117391
        1.0833368502598659,     112.6360946863261177,       0.0009585209756360,     112.6360946863261319,       0.5482926303883314,      -0.0001403290867806,       0.0009585209756360,      -0.0001403290867806,      -0.0009416822337401
        1.0831135490704769,     112.6340158749988802,       0.0012841604299357,     112.6340158749988802,       0.5479370906436002,       0.0002706972919104,       0.0012841604299357,       0.0002706972919104,       0.0011731304839068
        1.0830358930085815,     112.6334840861486271,       0.0012508185771452,     112.6334840861486128,       0.5476110119293567,       0.0004398949151781,       0.0012508185771452,       0.0004398949151781,       0.0036068744755675
        1.0824826275328041,     112.6324623536230689,       0.0012932863768911,     112.6324623536230689,       0.5471449377755137,       0.0009456865681188,       0.0012932863768911,       0.0009456865681188,       0.0056240451647127
        1.0821455903223816,     112.6309172666682059,       0.0011552526496785,     112.6309172666682059,       0.5470795411295524,       0.0011472179323023,       0.0011552526496785,       0.0011472179323023,       0.0074926395655176
        1.0812646075142232,     112.6290034373950135,       0.0009740019862938,     112.6290034373949993,       0.5466678308863485,       0.0012883901286447,       0.0009740019862938,       0.0012883901286447,       0.0083447499075303
        1.0810459249941371,     112.6268458958452356,       0.0009227639250986,     112.6268458958452356,       0.5469560136531254,       0.0018715772745965,       0.0009227639250986,       0.0018715772745965,       0.0090490821638807
        1.0803374285545730,     112.6244397534981516,      -0.0002272219750983,     112.6244397534981658,       0.5467807740326975,       0.0007071491200275,      -0.0002272219750983,       0.0007071491200275,       0.0081688858698080
        1.0808917300723491,     112.6226133415318884,       0.0014203849423746,     112.6226133415318742,       0.5470210258683307,       0.0023287769710756,       0.0014203849423746,       0.0023287769710756,       0.0072006002188184
        1.0811740767998401,     112.6207168743071918,      -0.0018079468134795,     112.6207168743071776,       0.5477471803455456,       0.0010327695787035,      -0.0018079468134795,       0.0010327695787035,       0.0055433071142465
        1.0809142471169806,     112.6183777117018678,      -0.0159332868462432,     112.6183777117018678,       0.5471176932705404,      -0.0065683989491808,      -0.0159332868462432,      -0.0065683989491808,       0.0013985193480643
        1.0831113566163815,     112.6174981197678164,      -0.0239775566628206,     112.6174981197678164,       0.5481533384262645,      -0.0000046786169538,      -0.0239775566628206,      -0.0000046786169538,      -0.0000544635322442
        1.0853244745140591,     112.6183790387316463,      -0.0158087943520019,     112.6183790387316463,       0.5491615038718768,       0.0065358040158458,      -0.0158087943520019,       0.0065358040158458,      -0.0014939005954400
        1.0851252221269845,     112.6207202401442657,      -0.0018056288459419,     112.6207202401442800,       0.5485191964413397,      -0.0010526106429213,      -0.0018056288459419,      -0.0010526106429213,      -0.0056108136840472
        1.0854386523601003,     112.6226253010059963,       0.0013882053562125,     112.6226253010060105,       0.5492620434367416,      -0.0023192985889962,       0.0013882053562125,      -0.0023192985889962,      -0.0072552788178242
        1.0860215310666517,     112.6244477779006559,      -0.0002314558898559,     112.6244477779006559,       0.5495192935926237,      -0.0007127177538349,      -0.0002314558898559,      -0.0007127177538349,      -0.0082209675811443
        1.0853536600443163,     112.6268527258800987,       0.0009056523535246,     112.6268527258800987,       0.5493608657597308,      -0.0018740533659926,       0.0009056523535246,      -0.0018740533659926,      -0.0090929215335870
        1.0851763499077491,     112.6290103181119093,       0.0009574371748478,     112.6290103181119093,       0.5496658602162238,      -0.0012897611069231,       0.0009574371748478,      -0.0012897611069231,      -0.0083802272378156
        1.0843315743291242,     112.6309212074610429,       0.0011443500385302,     112.6309212074610571,       0.5492664797118941,      -0.0011525334518475,       0.0011443500385302,      -0.0011525334518475,      -0.0075239044685129
        1.0840262348426060,     112.6324629059610345,       0.0012785766901571,     112.6324629059610345,       0.5492129495688888,      -0.0009487916541540,       0.0012785766901571,      -0.0009487916541540,      -0.0056496543407300
        1.0834927521952644,     112.6334843216353789,       0.0012462847430951,     112.6334843216353789,       0.5487512486123498,      -0.0004455306467650,       0.0012462847430951,      -0.0004455306467650,      -0.0036359050498288
        1.0834265413273694,     112.6340161664296602,       0.0012783586074647,     112.6340161664296460,       0.5484298492009334,      -0.0002755025362560,       0.0012783586074647,      -0.0002755025362560,      -0.0011994096910894
        1.0832449310190149,     112.6314286403587630,       0.0014827215499814,     112.6314286403587630,       0.5479356615096589,       0.0000225075047290,       0.0014827215499814,       0.0000225075047290,       0.0014284289897867
        1.0828031563346214,     112.6310237201147402,       0.0014772590921732,     112.6310237201147260,       0.5472163529528600,       0.0005490659654942,       0.0014772590921732,       0.0005490659654942,       0.0040067729432527
        1.0826092037362387,     112.6302004934576928,       0.0015310623542045,     112.6302004934577070,       0.5468699164705190,       0.0006700658019381,       0.0015310623542045,       0.0006700658019381,       0.0066332251169116
        1.0817099853379031,     112.6290006775271451,       0.0012970227662708,     112.6290006775271451,       0.5462221118824269,       0.0009632701221378,       0.0012970227662708,       0.0009632701221378,       0.0083277607928328
        1.0813352792449700,     112.6274789777137499,       0.0014111846837485,     112.6274789777137499,       0.5463108479249073,       0.0014027594437757,       0.0014111846837485,       0.0014027594437757,       0.0099236211699037
        1.0802601959430369,     112.6256001653784011,       0.0005208334889171,     112.6256001653784153,       0.5458230443897685,       0.0008289354103075,       0.0005208334889171,       0.0008289354103075,       0.0098790062784368
        1.0804912215089542,     112.6240339337803675,       0.0011091329088436,     112.6240339337803960,       0.5463899203249037,       0.0020466204116644,       0.0011091329088436,       0.0020466204116644,       0.0097141640396176
        1.0799424545531711,     112.6217378857798082,      -0.0009683494510952,     112.6217378857798082,       0.5464220931642729,       0.0004514037562803,      -0.0009683494510952,       0.0004514037562803,       0.0082318202588958
        1.0807926554010108,     112.6206297816846984,       0.0000064735995771,     112.6206297816846984,       0.5464810818098099,       0.0000965029378940,       0.0000064735995771,       0.0000965029378940,       0.0052255393529842
        1.0833933408526688,     112.6215629081890910,       0.0151748448993046,     112.6215629081891194,       0.5490772494441309,       0.0071968227924247,       0.0151748448993046,       0.0071968227924247,       0.0039269908199267
        1.0831763911745946,     112.6221216341153308,       0.0245076494383255,     112.6221216341153308,       0.5481126464961237,       0.0000511936900253,       0.0245076494383255,       0.0000511936900253,      -0.0000097459930204
        1.0829367385860185,     112.6215630270707919,       0.0150361867621064,     112.6215630270707493,       0.5471808040670575,      -0.0071251752338236,       0.0150361867621064,      -0.0071251752338236,      -0.0039729039415486
        1.0854828313994225,     112.6206436276031297,       0.0000006520219648,     112.6206436276031297,       0.5498062747868065,      -0.0000977498807442,       0.0000006520219648,      -0.0000977498807442,      -0.0053043344418578
        1.0863485566863771,     112.6217539364567131,      -0.0009615703791373,     112.6217539364567131,       0.5498674032529747,      -0.0004721723039683,      -0.0009615703791373,      -0.0004721723039683,      -0.0083142148102189
        1.0858418609443738,     112.6240512697281986,       0.0010863464143471,     112.6240512697281986,       0.5499185514905020,      -0.0020432520752695,       0.0010863464143471,      -0.0020432520752695,      -0.0097875046446850
        1.0860978324163206,     112.6256193304373028,       0.0005092991630930,     112.6256193304372744,       0.5505020212463303,      -0.0008363148838244,       0.0005092991630930,      -0.0008363148838244,      -0.0099521447446726
        1.0850544690268624,     112.6274936163295735,       0.0014007338557686,     112.6274936163295735,       0.5500305159277382,      -0.0014093863202092,       0.0014007338557686,      -0.0014093863202092,      -0.0099960348999183
        1.0847073840662695,     112.6290137580615038,       0.0012809242772683,     112.6290137580615038,       0.5501343977634248,      -0.0009687466446997,       0.0012809242772683,      -0.0009687466446997,      -0.0083979649492959
        1.0838287299962590,     112.6302101090731753,       0.0015272601837847,     112.6302101090731611,       0.5494982101209104,      -0.0006791085763011,       0.0015272601837847,      -0.0006791085763011,      -0.0067046723376409
        1.0836487980138680,     112.6310284010875620,       0.0014665732261981,     112.6310284010875478,       0.5491582573357813,      -0.0005559100301891,       0.0014665732261981,      -0.0005559100301891,      -0.0040785327567313
        1.0832140164455084,     112.6314305462865235,       0.0014863635178142,     112.6314305462865235,       0.5484425133727626,      -0.0000311217961101,       0.0014863635178142,      -0.0000311217961101,      -0.0015052151673978
        1.0830344774729019,     112.6285334689055020,       0.0015250752900839,     112.6285334689055020,       0.5477283631009103,       0.0001633658635032,       0.0015250752900839,       0.0001633658635032,       0.0012927803064235
        1.0829806857421103,     112.6282572834678462,       0.0017223361836464,     112.6282572834678462,       0.5471522136026949,       0.0002846606237156,       0.0017223361836464,       0.0002846606237156,       0.0043729281478675
        1.0823378338753427,     112.6276517238669044,       0.0013456038917773,     112.6276517238669044,       0.5462500844161854,       0.0004637323168167,       0.0013456038917773,       0.0004637323168167,       0.0066345336541157
        1.0819725389680781,     112.6268390241382207,       0.0018731360869663,     112.6268390241382065,       0.5460329810009504,       0.0009091134155220,       0.0018731360869663,       0.0009091134155220,       0.0090122801618380
        1.0808258717396142,     112.6255957399589391,       0.0008380691258364,     112.6255957399589249,       0.5452591402404363,       0.0005096827280619,       0.0008380691258364,       0.0005096827280619,       0.0098587392278514
        1.0807150140659241,     112.6245533090414028,       0.0014920328018347,     112.6245533090414028,       0.5457264227573300,       0.0014854822407604,       0.0014920328018347,       0.0014854822407604,       0.0106420458560389
        1.0796221931164378,     112.6225415720177097,       0.0001591354559681,     112.6225415720177381,       0.5452178015038595,       0.0005491392397950,       0.0001591354559681,       0.0005491392397950,       0.0099126336669834
        1.0804649326212235,     112.6221035310240524,       0.0002535534178376,     112.6221035310240808,       0.5460569221304836,       0.0007307285561981,       0.0002535534178376,       0.0007307285561981,       0.0078597626966899
        1.0809670581461230,     112.6205278724979166,       0.0006568428699977,     112.6205278724979166,       0.5472213693241273,       0.0021042170155362,       0.0006568428699977,       0.0021042170155362,       0.0068267117952561
        1.0799143738801569,     112.6170282888908218,      -0.0162159686744842,     112.6170282888908218,       0.5447943789031207,      -0.0043172640954405,      -0.0162159686744842,      -0.0043172640954405,       0.0029751880988383
        1.0830399201418637,     112.6151233384528041,      -0.0271914792915094,     112.6151233384528041,       0.5481467004722806,      -0.0001053182488446,      -0.0271914792915094,      -0.0001053182488446,      -0.0000746075981430
        1.0862292298350846,     112.6170643521689243,      -0.0161059959802441,     112.6170643521688959,       0.5514866689745563,       0.0041991370549748,      -0.0161059959802441,       0.0041991370549748,      -0.0030897660970801
        1.0852900274164674,     112.6205441868247732,       0.0006287459770770,     112.6205441868247590,       0.5490596053640587,      -0.0020941189420716,       0.0006287459770770,      -0.0020941189420716,      -0.0069136720552407
        1.0858213827911929,     112.6221237523220537,       0.0002419654388418,     112.6221237523220395,       0.5502556050330685,      -0.0007260357395655,       0.0002419654388418,      -0.0007260357395655,      -0.0079531941648427
        1.0866587846561708,     112.6225719573658210,       0.0001562052762048,     112.6225719573658353,       0.5510992812464918,      -0.0005695259278940,       0.0001562052762048,      -0.0005695259278940,      -0.0100213069929006
        1.0856030736822835,     112.6245787480853124,       0.0014806172798592,     112.6245787480853267,       0.5506145810682568,      -0.0014872048768332,       0.0014806172798592,      -0.0014872048768332,      -0.0107494452448713
        1.0855044275941907,     112.6256238598415109,       0.0008267482562889,     112.6256238598415251,       0.5510972143419378,      -0.0005205828977054,       0.0008267482562889,      -0.0005205828977054,      -0.0099726818309258
        1.0843771321973379,     112.6268602448113541,       0.0018719947443514,     112.6268602448113683,       0.5503405876938113,      -0.0009192570537737,       0.0018719947443514,      -0.0009192570537737,      -0.0091308761335998
        1.0840203688021635,     112.6276703872043328,       0.0013340232943602,     112.6276703872043328,       0.5501349641091428,      -0.0004739522663646,       0.0013340232943602,      -0.0004739522663646,      -0.0067562163629706
        1.0833851511533916,     112.6282680958266695,       0.0017263517176085,     112.6282680958266695,       0.5492428773193490,      -0.0002961495874271,       0.0017263517176085,      -0.0002961495874271,      -0.0044976595023946
        1.0833325346697447,     112.6285389999950013,       0.0015177877427978,     112.6285389999950013,       0.5486689057951907,      -0.0001736373754919,       0.0015177877427978,      -0.0001736373754919,      -0.0014248684884117
        1.0830458901220157,     112.6256008161413007,       0.0016331329555919,     112.6256008161413007,       0.5478757749802736,       0.0003650240821695,       0.0016331329555919,       0.0003650240821695,       0.0014681724318574
        1.0829014445976681,     112.6253888065350282,       0.0011612334833610,     112.6253888065350424,       0.5468271879134088,      -0.0002356307521509,       0.0011612334833610,      -0.0002356307521509,       0.0038400993203116
        1.0825206178171733,     112.6251255236958855,       0.0021442462027045,     112.6251255236958713,       0.5463492109134132,       0.0007356288538656,       0.0021442462027045,       0.0007356288538656,       0.0066275731396362
        1.0817673411957420,     112.6244281759543355,       0.0007106225657961,     112.6244281759543355,       0.5453548926715038,      -0.0002372622433251,       0.0007106225657961,      -0.0002372622433251,       0.0081115082604426
        1.0813764251503994,     112.6240275095251349,       0.0020465588481729,     112.6240275095251064,       0.5455157922595925,       0.0010957444190759,       0.0020465588481729,       0.0010957444190759,       0.0096738991670078
        1.0801861215060924,     112.6225372284166042,       0.0005598479466815,     112.6225372284166184,       0.5446580688256181,       0.0001468622001232,       0.0005598479466815,       0.0001468622001232,       0.0098913379424518
        1.0805527790758087,     112.6225855629970312,       0.0003243392184710,     112.6225855629970312,       0.5455895480402082,       0.0003253852070045,       0.0003243392184710,       0.0003253852070045,       0.0088270319258306
        1.0800946697109901,     112.6203556794944944,       0.0011637192214610,     112.6203556794944802,       0.5456413932972241,       0.0017258737591313,       0.0011637192214610,       0.0017258737591313,       0.0086058386876179
        1.0803246663624202,     112.6199010407105021,      -0.0024518966862927,     112.6199010407105021,       0.5453029252010632,      -0.0013261604547821,      -0.0024518966862927,      -0.0013261604547821,       0.0047995832473075
        1.0840082937466360,     112.6231469691818461,       0.0137836948150966,     112.6231469691818319,       0.5503474152512136,       0.0010962885647862,       0.0137836948150966,       0.0010962885647862,       0.0022132563132840
        1.0832200307754603,     112.6257987248381767,       0.0256760921813915,     112.6257987248381767,       0.5481468798177870,       0.0001343881644377,       0.0256760921813915,       0.0001343881644377,      -0.0000208782417820
        1.0823282352694976,     112.6231209522884456,       0.0137233825220707,     112.6231209522884598,       0.5459467740875361,      -0.0009775430505282,       0.0137233825220707,      -0.0009775430505282,      -0.0022933664385479
        1.0858917500457519,     112.6199277319528278,      -0.0024173843227600,     112.6199277319528278,       0.5510084297420847,       0.0012803284230943,      -0.0024173843227600,       0.0012803284230943,      -0.0049146044044133
        1.0861220535193843,     112.6203912374726883,       0.0011364279764530,     112.6203912374726883,       0.5506639988897041,      -0.0017310280966552,       0.0011364279764530,      -0.0017310280966552,      -0.0087262912587623
        1.0857227970708847,     112.6226117859454234,       0.0003234804426510,     112.6226117859454376,       0.5507598642049975,      -0.0003229292687083,       0.0003234804426510,      -0.0003229292687083,      -0.0089550205253913
        1.0860673448763301,     112.6225764811611327,       0.0005587492173541,     112.6225764811611327,       0.5516950522369712,      -0.0001687879101883,       0.0005587492173541,      -0.0001687879101883,      -0.0100435237001915
        1.0849045070758812,     112.6240584265228648,       0.0020430879429093,     112.6240584265228790,       0.5508665621160758,      -0.0010999708512794,       0.0020430879429093,      -0.0010999708512794,      -0.0098292166433320
        1.0845054630590938,     112.6244593822935940,       0.0007086854019523,     112.6244593822935940,       0.5510392402435174,       0.0002214550736646,       0.0007086854019523,       0.0002214550736646,      -0.0082799743361407
        1.0837604916929795,     112.6251470297758743,       0.0021481949866367,     112.6251470297758601,       0.5500617752475172,      -0.0007470839423308,       0.0021481949866367,      -0.0007470839423308,      -0.0068020822283773
        1.0833727100968449,     112.6254049071802399,       0.0011574572880545,     112.6254049071802399,       0.5495912928828852,       0.0002224191385819,       0.0011574572880545,       0.0002224191385819,      -0.0040197355888943
        1.0832269925463709,     112.6256059802474425,       0.0016380291422548,     112.6256059802474283,       0.5485486412061746,      -0.0003773011181850,       0.0016380291422548,      -0.0003773011181850,      -0.0016497408636819
        1.0833265968640704,     112.6228697764146034,       0.0010624918180213,     112.6228697764146176,       0.5477511863326053,      -0.0015203207355859,       0.0010624918180213,      -0.0015203207355859,       0.0009039153817801
        1.0826597813761456,     112.6228474673295210,       0.0019974296837608,     112.6228474673294926,       0.5471059292783035,       0.0015007735686699,       0.0019974296837608,       0.0015007735686699,       0.0035723477733546
        1.0827438371031723,     112.6225748520562320,       0.0003475384300619,     112.6225748520562604,       0.5461323206327476,      -0.0015815384946010,       0.0003475384300619,      -0.0015815384946010,       0.0052666088387723
        1.0819903867157139,     112.6226051726996360,       0.0023308435652959,     112.6226051726996502,       0.5459399396768589,       0.0014035116857166,       0.0023308435652959,       0.0014035116857166,       0.0071257353528233
        1.0813800193983432,     112.6217268331673864,       0.0004497282437066,     112.6217268331673864,       0.5449942553018048,      -0.0009769078246004,       0.0004497282437066,      -0.0009769078246004,       0.0081706221946705
        1.0810239695939274,     112.6220996315545904,       0.0007308154052143,     112.6220996315545904,       0.5455179586724052,       0.0002480882805825,       0.0007308154052143,       0.0002480882805825,       0.0078208285195692
        1.0805827748308618,     112.6203521561290302,       0.0017352855407303,     112.6203521561290017,       0.5451564244276337,       0.0011466663357975,       0.0017352855407303,       0.0011466663357975,       0.0085847902394946
        1.0803469980465032,     112.6208209449842741,      -0.0017989401020124,     112.6208209449842741,       0.5454021162740940,      -0.0017951849945227,      -0.0017989401020124,      -0.0017951849945227,       0.0055492496740324
        1.0821876296347899,     112.6205624306821562,       0.0023215144720654,     112.6205624306821562,       0.5478018124648872,       0.0012829184012703,       0.0023215144720654,       0.0012829184012703,       0.0051299468949203
        1.0797549429631834,     112.6149400565587086,      -0.0115558881428486,     112.6149400565587086,       0.5438865725075624,       0.0042223249916082,      -0.0115558881428486,       0.0042223249916082,       0.0038124407412133
        1.0829344295193248,     112.6106948281817637,      -0.0248987845569275,     112.6106948281817210,       0.5481205564185146,      -0.0001521489469796,      -0.0248987845569275,      -0.0001521489469796,      -0.0000835627516583
        1.0862905997985288,     112.6150006930765386,      -0.0115909335119563,     112.6150006930765386,       0.5523886675193121,      -0.0043395757258652,      -0.0115909335119563,      -0.0043395757258652,      -0.0039325742307669
        1.0840257209141348,     112.6205684702360088,       0.0022831271805457,     112.6205684702360088,       0.5485045594635045,      -0.0012352771735219,       0.0022831271805457,      -0.0012352771735219,      -0.0052551290636423
        1.0858902988572898,     112.6208461190930308,      -0.0017619897685489,     112.6208461190930166,       0.5509457078299671,       0.0017659658094572,      -0.0017619897685489,       0.0017659658094572,      -0.0056888929230921
        1.0856050935642090,     112.6203952141212881,       0.0017216620035167,     112.6203952141212739,       0.5511842458209012,      -0.0011538416982577,       0.0017216620035167,      -0.0011538416982577,      -0.0087480101193760
        1.0852223619562864,     112.6221285288368534,       0.0007257284846273,     112.6221285288368534,       0.5508749172257579,      -0.0002477259246945,       0.0007257284846273,      -0.0002477259246945,      -0.0079933547222841
        1.0848246367397532,     112.6217653077977872,       0.0004737307007501,     112.6217653077977872,       0.5514006893870259,       0.0009528693364391,       0.0004737307007501,       0.0009528693364391,      -0.0083774029448541
        1.0842305742586735,     112.6226342252166859,       0.0023179483741460,     112.6226342252166859,       0.5504870995151258,      -0.0014050834030252,       0.0023179483741460,      -0.0014050834030252,      -0.0073322462140623
        1.0834530410632424,     112.6226003037087651,       0.0003709562055945,     112.6226003037087651,       0.5503017887911860,       0.0015627535264688,       0.0003709562055945,       0.0015627535264688,      -0.0054933414800207
        1.0835347881875921,     112.6228627398596984,       0.0019880099403778,     112.6228627398596842,       0.5493424431719883,      -0.0015096411747092,       0.0019880099403778,      -0.0015096411747092,      -0.0038012730013692
        1.0828601870156556,     112.6228748881266029,       0.0010771354953559,     112.6228748881266029,       0.5487024710631013,       0.0015071983867816,       0.0010771354953559,       0.0015071983867816,      -0.0011296575775208
        1.0826159215443043,     112.6206737783441127,       0.0011297898134130,     112.6206737783440985,       0.5478335024693279,       0.0026744972133981,       0.0011297898134130,       0.0026744972133981,       0.0007346149301525
        1.0833288099031722,     112.6207395877418378,       0.0006010486009128,     112.6207395877418236,       0.5473360105599695,      -0.0027745984515899,       0.0006010486009128,      -0.0027745984515899,       0.0024674174322898
