       -0.0010084596365073,      -0.0000000000433313,      -0.0000000046389202,      -0.0000000000433313,       0.0033612627619587,      -0.0000000000433313,      -0.0000000046389202,      -0.0000000000433313,      -0.0010084596365073
       -0.0010084509961850,       0.0000000076833322,      -0.0000000156938168,       0.0000000076833322,       0.0033612612997200,       0.0000000084058716,      -0.0000000156938168,       0.0000000084058716,      -0.0010084698028782
       -0.0010084339024931,       0.0000000076944239,      -0.0000000247880334,       0.0000000076944239,       0.0033612584922494,      -0.0000000102050051,      -0.0000000247880334,      -0.0000000102050051,      -0.0010084900438076
       -0.0010084082010410,       0.0000000105821141,      -0.0000000328412770,       0.0000000105821141,       0.0033612532475510,       0.0000000184963355,      -0.0000000328412770,       0.0000000184963355,      -0.0010085188584798
       -0.0010083752049738,       0.0000000144417765,      -0.0000000412527456,       0.0000000144417765,       0.0033612472195658,      -0.0000000224859094,      -0.0000000412527456,      -0.0000000224859094,      -0.0010085559055404
       -0.0010083363462279,       0.0000000038880391,      -0.0000000401990224,       0.0000000038880391,       0.0033612372385840,       0.0000000199934512,      -0.0000000401990224,       0.0000000199934512,      -0.0010085966314569
       -0.0010082949112070,       0.0000000215749029,      -0.0000000473898362,       0.0000000215749029,       0.0033612292022919,      -0.0000000026016512,      -0.0000000473898362,      -0.0000000026016512,      -0.0010086404260481
       -0.0010082556633001,      -0.0000000062846118,      -0.0000000333922380,      -0.0000000062846118,       0.0033612181788891,      -0.0000000788641329,      -0.0000000333922380,      -0.0000000788641329,      -0.0010086808170921
       -0.0010082217496888,       0.0000000047899412,      -0.0000000218851403,       0.0000000047899412,       0.0033612055574687,       0.0000002731976883,      -0.0000000218851403,       0.0000002731976883,      -0.0010087084558535
       -0.0010082006257431,       0.0000000660560125,      -0.0000000734657982,       0.0000000660560125,       0.0033612256263962,      -0.0000007869519356,      -0.0000000734657982,      -0.0000007869519356,      -0.0010087561324569
       -0.0010081923024901,       0.0000000000000000,       0.0000000000000000,       0.0000000000000000,       0.0033612479760167,      -0.0000021306056931,       0.0000000000000000,      -0.0000021306056931,      -0.0010087928676428
       -0.0010082006257431,      -0.0000000660560125,       0.0000000734657982,      -0.0000000660560125,       0.0033612256263962,      -0.0000007869519356,       0.0000000734657982,      -0.0000007869519356,      -0.0010087561324569
       -0.0010082217496888,      -0.0000000047899412,       0.0000000218851403,      -0.0000000047899412,       0.0033612055574687,       0.0000002731976883,       0.0000000218851403,       0.0000002731976883,      -0.0010087084558535
       -0.0010082556633001,       0.0000000062846118,       0.0000000333922380,       0.0000000062846118,       0.0033612181788891,      -0.0000000788641329,       0.0000000333922380,      -0.0000000788641329,      -0.0010086808170921
       -0.0010082949112070,      -0.0000000215749029,       0.0000000473898362,      -0.0000000215749029,       0.0033612292022919,      -0.0000000026016512,       0.0000000473898362,      -0.0000000026016512,      -0.0010086404260481
       -0.0010083363462279,      -0.0000000038880391,       0.0000000401990224,      -0.0000000038880391,       0.0033612372385840,       0.0000000199934512,       0.0000000401990224,       0.0000000199934512,      -0.0010085966314569
       -0.0010083752049738,      -0.0000000144417765,       0.0000000412527456,      -0.0000000144417765,       0.0033612472195658,      -0.0000000224859094,       0.0000000412527456,      -0.0000000224859094,      -0.0010085559055404
       -0.0010084082010410,      -0.0000000105821141,       0.0000000328412770,      -0.0000000105821141,       0.0033612532475510,       0.0000000184963355,       0.0000000328412770,       0.0000000184963355,      -0.0010085188584798
       -0.0010084339024931,      -0.0000000076944239,       0.0000000247880334,      -0.0000000076944239,       0.0033612584922494,      -0.0000000102050051,       0.0000000247880334,      -0.0000000102050051,      -0.0010084900438076
       -0.0010084509961850,      -0.0000000076833322,       0.0000000156938168,      -0.0000000076833322,       0.0033612612997200,       0.0000000084058716,       0.0000000156938168,       0.0000000084058716,      -0.0010084698028782
       -0.0010084596365073,       0.0000000000433313,       0.0000000046389202,       0.0000000000433313,       0.0033612627619587,      -0.0000000000433313,       0.0000000046389202,      -0.0000000000433313,      -0.0010084596365073
       -0.0010084500914587,       0.0000000085673389,      -0.0000000064395464,       0.0000000085673389,       0.0033612498125645,       0.0000000085673389,      -0.0000000064395464,       0.0000000085673389,      -0.0010084500914587
       -0.0010084424920552,       0.0000000159985871,      -0.0000000136800747,       0.0000000159985871,       0.0033612492498948,      -0.0000000013734340,      -0.0000000136800747,      -0.0000000013734340,      -0.0010084601512677
       -0.0010084266231451,       0.0000000290491456,      -0.0000000244217203,       0.0000000290491456,       0.0033612470947865,       0.0000000184158155,      -0.0000000244217203,       0.0000000184158155,      -0.0010084792021741
       -0.0010084036669351,       0.0000000338587221,      -0.0000000340375777,       0.0000000338587221,       0.0033612454002118,      -0.0000000172115033,      -0.0000000340375777,      -0.0000000172115033,      -0.0010085084318510
       -0.0010083728557416,       0.0000000337599232,      -0.0000000347503569,       0.0000000337599232,       0.0033612388069345,       0.0000000286658049,      -0.0000000347503569,       0.0000000286658049,      -0.0010085428258277
       -0.0010083371590381,       0.0000000419326858,      -0.0000000516375928,       0.0000000419326858,       0.0033612370268666,      -0.0000000298481237,      -0.0000000516375928,      -0.0000000298481237,      -0.0010085860199841
       -0.0010082987991898,       0.0000000191241206,      -0.0000000292736163,       0.0000000191241206,       0.0033612250739763,      -0.0000000013874442,      -0.0000000292736163,      -0.0000000013874442,      -0.0010086264754931
       -0.0010082606538332,       0.0000000381440627,      -0.0000000498797310,       0.0000000381440627,       0.0033612217054823,       0.0000000738365202,      -0.0000000498797310,       0.0000000738365202,      -0.0010086660525264
       -0.0010082314950441,       0.0000000161988210,      -0.0000000485918634,       0.0000000161988210,       0.0033612270456152,      -0.0000003482577148,      -0.0000000485918634,      -0.0000003482577148,      -0.0010087152887244
       -0.0010082080811933,      -0.0000000523781004,       0.0000001576528782,      -0.0000000523781004,       0.0033611480923518,       0.0000009530217693,       0.0000001576528782,       0.0000009530217693,      -0.0010086607548623
       -0.0010082029420816,       0.0000000000000000,       0.0000000000000000,       0.0000000000000000,       0.0033610766305208,       0.0000025792033165,       0.0000000000000000,       0.0000025792033165,      -0.0010085819273984
       -0.0010082080811933,       0.0000000523781004,      -0.0000001576528782,       0.0000000523781004,       0.0033611480923518,       0.0000009530217693,      -0.0000001576528782,       0.0000009530217693,      -0.0010086607548623
       -0.0010082314950441,      -0.0000000161988210,       0.0000000485918634,      -0.0000000161988210,       0.0033612270456152,      -0.0000003482577148,       0.0000000485918634,      -0.0000003482577148,      -0.0010087152887244
       -0.0010082606538332,      -0.0000000381440627,       0.0000000498797310,      -0.0000000381440627,       0.0033612217054823,       0.0000000738365202,       0.0000000498797310,       0.0000000738365202,      -0.0010086660525264
       -0.0010082987991898,      -0.0000000191241206,       0.0000000292736163,      -0.0000000191241206,       0.0033612250739763,      -0.0000000013874442,       0.0000000292736163,      -0.0000000013874442,      -0.0010086264754931
       -0.0010083371590381,      -0.0000000419326858,       0.0000000516375928,      -0.0000000419326858,       0.0033612370268666,      -0.0000000298481237,       0.0000000516375928,      -0.0000000298481237,      -0.0010085860199841
       -0.0010083728557416,      -0.0000000337599232,       0.0000000347503569,      -0.0000000337599232,       0.0033612388069345,       0.0000000286658049,       0.0000000347503569,       0.0000000286658049,      -0.0010085428258277
       -0.0010084036669351,      -0.0000000338587221,       0.0000000340375777,      -0.0000000338587221,       0.0033612454002118,      -0.0000000172115033,       0.0000000340375777,      -0.0000000172115033,      -0.0010085084318510
       -0.0010084266231451,      -0.0000000290491456,       0.0000000244217203,      -0.0000000290491456,       0.0033612470947865,       0.0000000184158155,       0.0000000244217203,       0.0000000184158155,      -0.0010084792021741
       -0.0010084424920552,      -0.0000000159985871,       0.0000000136800747,      -0.0000000159985871,       0.0033612492498948,      -0.0000000013734340,       0.0000000136800747,      -0.0000000013734340,      -0.0010084601512677
       -0.0010084500914587,      -0.0000000085673389,       0.0000000064395464,      -0.0000000085673389,       0.0033612498125645,       0.0000000085673389,       0.0000000064395464,       0.0000000085673389,      -0.0010084500914587
       -0.0010084312372187,       0.0000000081683778,      -0.0000000022746475,       0.0000000081683778,       0.0033612237604645,       0.0000000081683778,      -0.0000000022746475,       0.0000000081683778,      -0.0010084312372187
       -0.0010084248411875,       0.0000000341424589,      -0.0000000152140458,       0.0000000341424589,       0.0033612239295285,       0.0000000195374667,      -0.0000000152140458,       0.0000000195374667,      -0.0010084399815681
       -0.0010084128298704,       0.0000000466318179,      -0.0000000220418637,       0.0000000466318179,       0.0033612252235034,      -0.0000000072377783,      -0.0000000220418637,      -0.0000000072377783,      -0.0010084586095341
       -0.0010083932680938,       0.0000000610531202,      -0.0000000280370806,       0.0000000610531202,       0.0033612239939671,       0.0000000350181386,      -0.0000000280370806,       0.0000000350181386,      -0.0010084836490114
       -0.0010083687844199,       0.0000000675789463,      -0.0000000440154912,       0.0000000675789463,       0.0033612275695963,      -0.0000000320294146,      -0.0000000440154912,      -0.0000000320294146,      -0.0010085196754273
       -0.0010083381807653,       0.0000000588676105,      -0.0000000276427399,       0.0000000588676105,       0.0033612208751451,       0.0000000411550163,      -0.0000000276427399,       0.0000000411550163,      -0.0010085555044818
       -0.0010083053717953,       0.0000000688647344,      -0.0000000614639555,       0.0000000688647344,       0.0033612281134937,      -0.0000000151202467,      -0.0000000614639555,      -0.0000000151202467,      -0.0010086000583108
       -0.0010082741870925,       0.0000000335044954,      -0.0000000210020263,       0.0000000335044954,       0.0033612201055743,      -0.0000001127041672,      -0.0000000210020263,      -0.0000001127041672,      -0.0010086412912226
       -0.0010082448990165,       0.0000000345418218,       0.0000000087903040,       0.0000000345418218,       0.0033612021802223,       0.0000004308253420,       0.0000000087903040,       0.0000004308253420,      -0.0010086473966668
       -0.0010082303525317,       0.0000000695670816,      -0.0000002941168734,       0.0000000695670816,       0.0033613145641324,      -0.0000013369098705,      -0.0000002941168734,      -0.0000013369098705,      -0.0010087900648997
       -0.0010082188737473,       0.0000000000000000,       0.0000000000000000,       0.0000000000000000,       0.0033614185407552,      -0.0000035103867986,       0.0000000000000000,      -0.0000035103867986,      -0.0010089371315377
       -0.0010082303525317,      -0.0000000695670816,       0.0000002941168734,      -0.0000000695670816,       0.0033613145641324,      -0.0000013369098705,       0.0000002941168734,      -0.0000013369098705,      -0.0010087900648997
       -0.0010082448990165,      -0.0000000345418218,      -0.0000000087903040,      -0.0000000345418218,       0.0033612021802223,       0.0000004308253420,      -0.0000000087903040,       0.0000004308253420,      -0.0010086473966668
       -0.0010082741870925,      -0.0000000335044954,       0.0000000210020263,      -0.0000000335044954,       0.0033612201055743,      -0.0000001127041672,       0.0000000210020263,      -0.0000001127041672,      -0.0010086412912226
       -0.0010083053717953,      -0.0000000688647344,       0.0000000614639555,      -0.0000000688647344,       0.0033612281134937,      -0.0000000151202467,       0.0000000614639555,      -0.0000000151202467,      -0.0010086000583108
       -0.0010083381807653,      -0.0000000588676105,       0.0000000276427399,      -0.0000000588676105,       0.0033612208751451,       0.0000000411550163,       0.0000000276427399,       0.0000000411550163,      -0.0010085555044818
       -0.0010083687844199,      -0.0000000675789463,       0.0000000440154911,      -0.0000000675789463,       0.0033612275695963,      -0.0000000320294146,       0.0000000440154911,      -0.0000000320294146,      -0.0010085196754273
       -0.0010083932680938,      -0.0000000610531202,       0.0000000280370806,      -0.0000000610531202,       0.0033612239939671,       0.0000000350181386,       0.0000000280370806,       0.0000000350181386,      -0.0010084836490114
       -0.0010084128298704,      -0.0000000466318179,       0.0000000220418637,      -0.0000000466318179,       0.0033612252235034,      -0.0000000072377783,       0.0000000220418637,      -0.0000000072377783,      -0.0010084586095341
       -0.0010084248411875,      -0.0000000341424589,       0.0000000152140458,      -0.0000000341424589,       0.0033612239295285,       0.0000000195374667,       0.0000000152140458,       0.0000000195374667,      -0.0010084399815681
       -0.0010084312372187,      -0.0000000081683778,       0.0000000022746475,      -0.0000000081683778,       0.0033612237604645,       0.0000000081683778,       0.0000000022746475,       0.0000000081683778,      -0.0010084312372187
       -0.0010084029674868,       0.0000000195645937,      -0.0000000060568081,       0.0000000195645937,       0.0033611842068607,       0.0000000195645937,      -0.0000000060568081,       0.0000000195645937,      -0.0010084029674868
       -0.0010083993893677,       0.0000000425781164,      -0.0000000095141998,       0.0000000425781164,       0.0033611859476275,       0.0000000040024633,      -0.0000000095141998,       0.0000000040024633,      -0.0010084107529976
       -0.0010083906623162,       0.0000000747096993,      -0.0000000184374603,       0.0000000747096993,       0.0033611882904115,       0.0000000383269750,      -0.0000000184374603,       0.0000000383269750,      -0.0010084247288193
       -0.0010083788295367,       0.0000000881086207,      -0.0000000292731200,       0.0000000881086207,       0.0033611942895943,      -0.0000000214750973,      -0.0000000292731200,      -0.0000000214750973,      -0.0010084485841883
       -0.0010083605253145,       0.0000000994806193,      -0.0000000232094979,       0.0000000994806193,       0.0033611949877130,       0.0000000639925764,      -0.0000000232094979,       0.0000000639925764,      -0.0010084748254537
       -0.0010083400202517,       0.0000001040723952,      -0.0000000523274064,       0.0000001040723952,       0.0033612076992296,      -0.0000000437693746,      -0.0000000523274064,      -0.0000000437693746,      -0.0010085125942756
       -0.0010083152301588,       0.0000000827896246,      -0.0000000148715887,       0.0000000827896246,       0.0033612013960659,       0.0000000241023442,      -0.0000000148715887,       0.0000000241023442,      -0.0010085461936318
       -0.0010082917531971,       0.0000000872925582,      -0.0000000474455234,       0.0000000872925582,       0.0033612154356679,       0.0000001426757302,      -0.0000000474455234,       0.0000001426757302,      -0.0010085773527032
       -0.0010082715075354,       0.0000000493146272,      -0.0000000842203831,       0.0000000493146272,       0.0033612346147554,      -0.0000006000554174,      -0.0000000842203831,      -0.0000006000554174,      -0.0010086431878882
       -0.0010082534857656,      -0.0000000079494308,       0.0000003480851759,      -0.0000000079494308,       0.0033611040809096,       0.0000017725293231,       0.0000003480851759,       0.0000017725293231,      -0.0010085112533222
       -0.0010082580365069,       0.0000000000000000,       0.0000000000000000,       0.0000000000000000,       0.0033609879379983,       0.0000046950597212,       0.0000000000000000,       0.0000046950597212,      -0.0010083372134461
       -0.0010082534857656,       0.0000000079494308,      -0.0000003480851759,       0.0000000079494308,       0.0033611040809096,       0.0000017725293231,      -0.0000003480851759,       0.0000017725293231,      -0.0010085112533222
       -0.0010082715075354,      -0.0000000493146272,       0.0000000842203831,      -0.0000000493146272,       0.0033612346147554,      -0.0000006000554174,       0.0000000842203831,      -0.0000006000554174,      -0.0010086431878882
       -0.0010082917531971,      -0.0000000872925582,       0.0000000474455234,      -0.0000000872925582,       0.0033612154356679,       0.0000001426757302,       0.0000000474455234,       0.0000001426757302,      -0.0010085773527032
       -0.0010083152301588,      -0.0000000827896246,       0.0000000148715887,      -0.0000000827896246,       0.0033612013960659,       0.0000000241023442,       0.0000000148715887,       0.0000000241023442,      -0.0010085461936318
       -0.0010083400202517,      -0.0000001040723952,       0.0000000523274064,      -0.0000001040723952,       0.0033612076992296,      -0.0000000437693746,       0.0000000523274064,      -0.0000000437693746,      -0.0010085125942756
       -0.0010083605253145,      -0.0000000994806193,       0.0000000232094979,      -0.0000000994806193,       0.0033611949877130,       0.0000000639925764,       0.0000000232094979,       0.0000000639925764,      -0.0010084748254537
       -0.0010083788295367,      -0.0000000881086207,       0.0000000292731200,      -0.0000000881086207,       0.0033611942895943,      -0.0000000214750973,       0.0000000292731200,      -0.0000000214750973,      -0.0010084485841883
       -0.0010083906623162,      -0.0000000747096993,       0.0000000184374603,      -0.0000000747096993,       0.0033611882904115,       0.0000000383269750,       0.0000000184374603,       0.0000000383269750,      -0.0010084247288193
       -0.0010083993893677,      -0.0000000425781164,       0.0000000095141998,      -0.0000000425781164,       0.0033611859476275,       0.0000000040024633,       0.0000000095141998,       0.0000000040024633,      -0.0010084107529976
       -0.0010084029674868,      -0.0000000195645937,       0.0000000060568081,      -0.0000000195645937,       0.0033611842068607,       0.0000000195645937,       0.0000000060568081,       0.0000000195645937,      -0.0010084029674868
       -0.0010083668556208,       0.0000000155753795,      -0.0000000014622705,       0.0000000155753795,       0.0033611321143969,       0.0000000155753795,      -0.0000000014622705,       0.0000000155753795,      -0.0010083668556208
       -0.0010083652415256,       0.0000000651108138,      -0.0000000072529752,       0.0000000651108138,       0.0033611346068351,       0.0000000375767547,      -0.0000000072529752,       0.0000000375767547,      -0.0010083712132292
       -0.0010083631517871,       0.0000000893589160,      -0.0000000140411356,       0.0000000893589160,       0.0033611395034616,      -0.0000000080483254,      -0.0000000140411356,      -0.0000000080483254,      -0.0010083818603331
       -0.0010083571789675,       0.0000001239262765,      -0.0000000126459449,       0.0000001239262765,       0.0033611449135356,       0.0000000716229349,      -0.0000000126459449,       0.0000000716229349,      -0.0010083952038202
       -0.0010083510996059,       0.0000001323009035,      -0.0000000320088995,       0.0000001323009035,       0.0033611571742688,      -0.0000000401062431,      -0.0000000320088995,      -0.0000000401062431,      -0.0010084175314694
       -0.0010083391269446,       0.0000001370297509,      -0.0000000112375200,       0.0000001370297509,       0.0033611586857461,       0.0000000918522926,      -0.0000000112375200,       0.0000000918522926,      -0.0010084391545633
       -0.0010083296320403,       0.0000001329747143,      -0.0000000442399096,       0.0000001329747143,       0.0033611815912954,       0.0000000122033733,      -0.0000000442399096,       0.0000000122033733,      -0.0010084668938313
       -0.0010083132370307,       0.0000000984490052,      -0.0000000249108021,       0.0000000984490052,       0.0033611761147378,      -0.0000001704589319,      -0.0000000249108021,      -0.0000001704589319,      -0.0010085014696247
       -0.0010083055263964,       0.0000000855624969,       0.0000000629950395,       0.0000000855624969,       0.0033611769864853,       0.0000008057400912,       0.0000000629950395,       0.0000008057400912,      -0.0010084824250796
       -0.0010083009064142,       0.0000000458493306,      -0.0000004104747974,       0.0000000458493306,       0.0033613013437781,      -0.0000022170885282,      -0.0000004104747974,      -0.0000022170885282,      -0.0010086561669082
       -0.0010082828667521,       0.0000000000000000,       0.0000000000000000,       0.0000000000000000,       0.0033613959779846,      -0.0000059924174364,       0.0000000000000000,      -0.0000059924174364,      -0.0010088614170707
       -0.0010083009064142,      -0.0000000458493306,       0.0000004104747974,      -0.0000000458493306,       0.0033613013437781,      -0.0000022170885282,       0.0000004104747974,      -0.0000022170885282,      -0.0010086561669082
       -0.0010083055263964,      -0.0000000855624969,      -0.0000000629950395,      -0.0000000855624969,       0.0033611769864853,       0.0000008057400912,      -0.0000000629950395,       0.0000008057400912,      -0.0010084824250796
       -0.0010083132370307,      -0.0000000984490052,       0.0000000249108021,      -0.0000000984490052,       0.0033611761147378,      -0.0000001704589319,       0.0000000249108021,      -0.0000001704589319,      -0.0010085014696247
       -0.0010083296320403,      -0.0000001329747143,       0.0000000442399096,      -0.0000001329747143,       0.0033611815912954,       0.0000000122033733,       0.0000000442399096,       0.0000000122033733,      -0.0010084668938313
       -0.0010083391269446,      -0.0000001370297509,       0.0000000112375200,      -0.0000001370297509,       0.0033611586857461,       0.0000000918522926,       0.0000000112375200,       0.0000000918522926,      -0.0010084391545633
       -0.0010083510996059,      -0.0000001323009035,       0.0000000320088995,      -0.0000001323009035,       0.0033611571742688,      -0.0000000401062431,       0.0000000320088995,      -0.0000000401062431,      -0.0010084175314694
       -0.0010083571789675,      -0.0000001239262765,       0.0000000126459449,      -0.0000001239262765,       0.0033611449135356,       0.0000000716229349,       0.0000000126459449,       0.0000000716229349,      -0.0010083952038202
       -0.0010083631517871,      -0.0000000893589160,       0.0000000140411356,      -0.0000000893589160,       0.0033611395034616,      -0.0000000080483254,       0.0000000140411356,      -0.0000000080483254,      -0.0010083818603331
       -0.0010083652415256,      -0.0000000651108138,       0.0000000072529752,      -0.0000000651108138,       0.0033611346068351,       0.0000000375767547,       0.0000000072529752,       0.0000000375767547,      -0.0010083712132292
       -0.0010083668556208,      -0.0000000155753795,       0.0000000014622704,      -0.0000000155753795,       0.0033611321143969,       0.0000000155753795,       0.0000000014622704,       0.0000000155753795,      -0.0010083668556208
       -0.0010083243123558,       0.0000000310946554,       0.0000000039038030,       0.0000000310946554,       0.0033610703163615,       0.0000000310946554,       0.0000000039038030,       0.0000000310946554,      -0.0010083243123558
       -0.0010083262502462,       0.0000000637100625,      -0.0000000065433645,       0.0000000637100625,       0.0033610721091867,       0.0000000040139222,      -0.0000000065433645,       0.0000000040139222,      -0.0010083256321651
       -0.0010083284653936,       0.0000001189932349,       0.0000000031333797,       0.0000001189932349,       0.0033610779457251,       0.0000000674519490,       0.0000000031333797,       0.0000000674519490,      -0.0010083273371032
       -0.0010083334213461,       0.0000001364486963,      -0.0000000128121049,       0.0000001364486963,       0.0033610849990440,      -0.0000000260168674,      -0.0000000128121049,      -0.0000000260168674,      -0.0010083321765916
       -0.0010083351634765,       0.0000001702386948,       0.0000000014892608,       0.0000001702386948,       0.0033610922227383,       0.0000001109470627,       0.0000000014892608,       0.0000001109470627,      -0.0010083378379067
       -0.0010083420621602,       0.0000001647449768,      -0.0000000175677805,       0.0000001647449768,       0.0033611099607618,      -0.0000000251066915,      -0.0000000175677805,      -0.0000000251066915,      -0.0010083458775082
       -0.0010083383795074,       0.0000001612324033,      -0.0000000105300687,       0.0000001612324033,       0.0033611071017833,       0.0000000359628172,      -0.0000000105300687,       0.0000000359628172,      -0.0010083599265723
       -0.0010083487522798,       0.0000001412212147,       0.0000000141289948,       0.0000001412212147,       0.0033611404737924,       0.0000003221000423,       0.0000000141289948,       0.0000003221000423,      -0.0010083581270301
       -0.0010083394845240,       0.0000000818381574,      -0.0000001099326403,       0.0000000818381574,       0.0033611324373705,      -0.0000009039458765,      -0.0000001099326403,      -0.0000009039458765,      -0.0010084060346703
       -0.0010083380744436,       0.0000000892616246,       0.0000003575227529,       0.0000000892616246,       0.0033610741082212,       0.0000026393912603,       0.0000003575227529,       0.0000026393912603,      -0.0010082822490592
       -0.0010083580490491,       0.0000000000000000,       0.0000000000000000,       0.0000000000000000,       0.0033610581133599,       0.0000071969739470,       0.0000000000000000,       0.0000071969739470,      -0.0010081035034649
       -0.0010083380744436,      -0.0000000892616246,      -0.0000003575227529,      -0.0000000892616246,       0.0033610741082212,       0.0000026393912603,      -0.0000003575227529,       0.0000026393912603,      -0.0010082822490592
       -0.0010083394845240,      -0.0000000818381574,       0.0000001099326403,      -0.0000000818381574,       0.0033611324373705,      -0.0000009039458765,       0.0000001099326403,      -0.0000009039458765,      -0.0010084060346703
       -0.0010083487522798,      -0.0000001412212147,      -0.0000000141289948,      -0.0000001412212147,       0.0033611404737924,       0.0000003221000423,      -0.0000000141289948,       0.0000003221000423,      -0.0010083581270301
       -0.0010083383795074,      -0.0000001612324033,       0.0000000105300687,      -0.0000001612324033,       0.0033611071017833,       0.0000000359628172,       0.0000000105300687,       0.0000000359628172,      -0.0010083599265723
       -0.0010083420621602,      -0.0000001647449768,       0.0000000175677805,      -0.0000001647449768,       0.0033611099607618,      -0.0000000251066915,       0.0000000175677805,      -0.0000000251066915,      -0.0010083458775082
       -0.0010083351634765,      -0.0000001702386948,      -0.0000000014892608,      -0.0000001702386948,       0.0033610922227383,       0.0000001109470627,      -0.0000000014892608,       0.0000001109470627,      -0.0010083378379067
       -0.0010083334213461,      -0.0000001364486963,       0.0000000128121049,      -0.0000001364486963,       0.0033610849990440,      -0.0000000260168674,       0.0000000128121049,      -0.0000000260168674,      -0.0010083321765916
       -0.0010083284653936,      -0.0000001189932349,      -0.0000000031333797,      -0.0000001189932349,       0.0033610779457251,       0.0000000674519490,      -0.0000000031333797,       0.0000000674519490,      -0.0010083273371032
       -0.0010083262502462,      -0.0000000637100625,       0.0000000065433645,      -0.0000000637100625,       0.0033610721091867,       0.0000000040139222,       0.0000000065433645,       0.0000000040139222,      -0.0010083256321651
       -0.0010083243123558,      -0.0000000310946554,      -0.0000000039038030,      -0.0000000310946554,       0.0033610703163615,       0.0000000310946554,      -0.0000000039038030,       0.0000000310946554,      -0.0010083243123558
       -0.0010082793854421,       0.0000000171384330,      -0.0000000153822926,       0.0000000171384330,       0.0033610025412970,       0.0000000171384330,      -0.0000000153822926,       0.0000000171384330,      -0.0010082793854421
       -0.0010082836425729,       0.0000000837694354,       0.0000000226884650,       0.0000000837694354,       0.0033610059170815,       0.0000000533331675,       0.0000000226884650,       0.0000000533331675,      -0.0010082757323371
       -0.0010082926915818,       0.0000001091297430,      -0.0000000079274479,       0.0000001091297430,       0.0033610063039782,      -0.0000000116769918,      -0.0000000079274479,      -0.0000000116769918,      -0.0010082683518634
       -0.0010083038279265,       0.0000001651204511,       0.0000000251362232,       0.0000001651204511,       0.0033610146521585,       0.0000000983348710,       0.0000000251362232,       0.0000000983348710,      -0.0010082597474175
       -0.0010083226289900,       0.0000001659350207,       0.0000000049138727,       0.0000001659350207,       0.0033610203129970,      -0.0000000208906230,       0.0000000049138727,      -0.0000000208906230,      -0.0010082447224318
       -0.0010083339916551,       0.0000001969072013,       0.0000000076618586,       0.0000001969072013,       0.0033610243389975,       0.0000000978404513,       0.0000000076618586,       0.0000000978404513,      -0.0010082384345749
       -0.0010083634986381,       0.0000001703422772,       0.0000000386257647,       0.0000001703422772,       0.0033610496599433,       0.0000001283199496,       0.0000000386257647,       0.0000001283199496,      -0.0010082152905905
       -0.0010083645124739,       0.0000001475244050,      -0.0000000449726979,       0.0000001475244050,       0.0033610220789357,      -0.0000002852223454,      -0.0000000449726979,      -0.0000002852223454,      -0.0010082184652999
       -0.0010083947759570,       0.0000001435653269,       0.0000001008654146,       0.0000001435653269,       0.0033610898026934,       0.0000011534079311,       0.0000001008654146,       0.0000011534079311,      -0.0010081905131188
       -0.0010084019030822,      -0.0000000275052702,      -0.0000002204438505,      -0.0000000275052702,       0.0033610617644034,      -0.0000025851852841,      -0.0000002204438505,      -0.0000025851852841,      -0.0010082502894949
       -0.0010083850644909,       0.0000000000000000,       0.0000000000000000,       0.0000000000000000,       0.0033609472690389,      -0.0000076230645785,       0.0000000000000000,      -0.0000076230645785,      -0.0010083605179658
       -0.0010084019030822,       0.0000000275052702,       0.0000002204438505,       0.0000000275052702,       0.0033610617644034,      -0.0000025851852841,       0.0000002204438505,      -0.0000025851852841,      -0.0010082502894949
       -0.0010083947759570,      -0.0000001435653269,      -0.0000001008654146,      -0.0000001435653269,       0.0033610898026934,       0.0000011534079311,      -0.0000001008654146,       0.0000011534079311,      -0.0010081905131188
       -0.0010083645124739,      -0.0000001475244050,       0.0000000449726979,      -0.0000001475244050,       0.0033610220789357,      -0.0000002852223454,       0.0000000449726979,      -0.0000002852223454,      -0.0010082184652999
       -0.0010083634986381,      -0.0000001703422772,      -0.0000000386257647,      -0.0000001703422772,       0.0033610496599433,       0.0000001283199496,      -0.0000000386257647,       0.0000001283199496,      -0.0010082152905905
       -0.0010083339916551,      -0.0000001969072013,      -0.0000000076618586,      -0.0000001969072013,       0.0033610243389975,       0.0000000978404513,      -0.0000000076618586,       0.0000000978404513,      -0.0010082384345749
       -0.0010083226289900,      -0.0000001659350207,      -0.0000000049138727,      -0.0000001659350207,       0.0033610203129970,      -0.0000000208906230,      -0.0000000049138727,      -0.0000000208906230,      -0.0010082447224318
       -0.0010083038279265,      -0.0000001651204511,      -0.0000000251362232,      -0.0000001651204511,       0.0033610146521585,       0.0000000983348710,      -0.0000000251362232,       0.0000000983348710,      -0.0010082597474175
       -0.0010082926915818,      -0.0000001091297430,       0.0000000079274479,      -0.0000001091297430,       0.0033610063039782,      -0.0000000116769918,       0.0000000079274479,      -0.0000000116769918,      -0.0010082683518634
       -0.0010082836425729,      -0.0000000837694354,      -0.0000000226884650,      -0.0000000837694354,       0.0033610059170815,       0.0000000533331675,      -0.0000000226884650,       0.0000000533331675,      -0.0010082757323371
       -0.0010082793854421,      -0.0000000171384330,       0.0000000153822926,      -0.0000000171384330,       0.0033610025412970,       0.0000000171384330,       0.0000000153822926,       0.0000000171384330,      -0.0010082793854421
       -0.0010082364460644,       0.0000000313064036,       0.0000000491941344,       0.0000000313064036,       0.0033609386867685,       0.0000000313064036,       0.0000000491941344,       0.0000000313064036,      -0.0010082364460644
       -0.0010082428181093,       0.0000000611491227,      -0.0000000303260585,       0.0000000611491227,       0.0033609355440049,       0.0000000039833461,      -0.0000000303260585,       0.0000000039833461,      -0.0010082270120037
       -0.0010082567122665,       0.0000001214666972,       0.0000000605354724,       0.0000001214666972,       0.0033609419504256,       0.0000000652523385,       0.0000000605354724,       0.0000000652523385,      -0.0010082119073383
       -0.0010082783301800,       0.0000001327579416,      -0.0000000003431915,       0.0000001327579416,       0.0033609355592738,      -0.0000000009802933,      -0.0000000003431915,      -0.0000000009802933,      -0.0010081818110729
       -0.0010083007693380,       0.0000001825861357,       0.0000000461874544,       0.0000001825861357,       0.0033609429098760,       0.0000000765913629,       0.0000000461874544,       0.0000000765913629,      -0.0010081588890567
       -0.0010083421325486,       0.0000001640686553,       0.0000000558344460,       0.0000001640686553,       0.0033609476893918,       0.0000000780377003,       0.0000000558344460,       0.0000000780377003,      -0.0010081078777336
       -0.0010083599418889,       0.0000001778087545,      -0.0000000098817009,       0.0000001778087545,       0.0033609291241275,      -0.0000000703646145,      -0.0000000098817009,      -0.0000000703646145,      -0.0010080849019986
       -0.0010084146344479,       0.0000001608213824,       0.0000000968582870,       0.0000001608213824,       0.0033609936322145,       0.0000005116542171,       0.0000000968582870,       0.0000005116542171,      -0.0010080414124513
       -0.0010084214127941,       0.0000000532857820,       0.0000000013288036,       0.0000000532857820,       0.0033608751942832,      -0.0000009592116050,       0.0000000013288036,      -0.0000009592116050,      -0.0010079923273279
       -0.0010084481555748,       0.0000001850896168,      -0.0000000103354406,       0.0000001850896168,       0.0033610342779164,       0.0000025061732306,      -0.0000000103354406,       0.0000025061732306,      -0.0010079968600767
       -0.0010084640741721,       0.0000000000000000,       0.0000000000000000,       0.0000000000000000,       0.0033613406916757,       0.0000074870738814,       0.0000000000000000,       0.0000074870738814,      -0.0010080020536739
       -0.0010084481555748,      -0.0000001850896168,       0.0000000103354406,      -0.0000001850896168,       0.0033610342779164,       0.0000025061732306,       0.0000000103354406,       0.0000025061732306,      -0.0010079968600767
       -0.0010084214127941,      -0.0000000532857820,      -0.0000000013288036,      -0.0000000532857820,       0.0033608751942832,      -0.0000009592116050,      -0.0000000013288036,      -0.0000009592116050,      -0.0010079923273279
       -0.0010084146344479,      -0.0000001608213824,      -0.0000000968582870,      -0.0000001608213824,       0.0033609936322145,       0.0000005116542171,      -0.0000000968582870,       0.0000005116542171,      -0.0010080414124513
       -0.0010083599418889,      -0.0000001778087545,       0.0000000098817009,      -0.0000001778087545,       0.0033609291241275,      -0.0000000703646145,       0.0000000098817009,      -0.0000000703646145,      -0.0010080849019986
       -0.0010083421325485,      -0.0000001640686553,      -0.0000000558344460,      -0.0000001640686553,       0.0033609476893918,       0.0000000780377003,      -0.0000000558344460,       0.0000000780377003,      -0.0010081078777336
       -0.0010083007693380,      -0.0000001825861357,      -0.0000000461874544,      -0.0000001825861357,       0.0033609429098760,       0.0000000765913629,      -0.0000000461874544,       0.0000000765913629,      -0.0010081588890567
       -0.0010082783301800,      -0.0000001327579416,       0.0000000003431915,      -0.0000001327579416,       0.0033609355592738,      -0.0000000009802933,       0.0000000003431915,      -0.0000000009802933,      -0.0010081818110729
       -0.0010082567122665,      -0.0000001214666972,      -0.0000000605354724,      -0.0000001214666972,       0.0033609419504256,       0.0000000652523385,      -0.0000000605354724,       0.0000000652523385,      -0.0010082119073383
       -0.0010082428181093,      -0.0000000611491227,       0.0000000303260585,      -0.0000000611491227,       0.0033609355440049,       0.0000000039833461,       0.0000000303260585,       0.0000000039833461,      -0.0010082270120037
       -0.0010082364460644,      -0.0000000313064036,      -0.0000000491941344,      -0.0000000313064036,       0.0033609386867685,       0.0000000313064036,      -0.0000000491941344,       0.0000000313064036,      -0.0010082364460644
       -0.0010082000341499,       0.0000000174619118,      -0.0000000889514924,       0.0000000174619118,       0.0033608817266065,       0.0000000174619118,      -0.0000000889514924,       0.0000000174619118,      -0.0010082000341499
       -0.0010082099309380,       0.0000000559630736,       0.0000001120073703,       0.0000000559630736,       0.0033608846836086,       0.0000000218119883,       0.0000001120073703,       0.0000000218119883,      -0.0010081885063096
