        0.0000003025280166,       0.0000188975575379,       0.0000000000369692,       0.0000188975575379,       0.0000004786553984,       0.0000000000368295,       0.0000000000369692,       0.0000000000368295,      -0.0000007811834149
        0.0000003023901587,       0.0000188972898595,       0.0000000000443976,       0.0000188972898595,       0.0000004785181096,       0.0000000001155921,       0.0000000000443976,       0.0000000001155921,      -0.0000007809082683
        0.0000003022519080,       0.0000188967515077,       0.0000000000267668,       0.0000188967515077,       0.0000004784174024,       0.0000000001818827,       0.0000000000267668,       0.0000000001818827,      -0.0000007806693104
        0.0000003021009763,       0.0000188959608487,       0.0000000000529116,       0.0000188959608487,       0.0000004782927696,       0.0000000002457196,       0.0000000000529116,       0.0000000002457196,      -0.0000007803937459
        0.0000003019763714,       0.0000188949586060,       0.0000000000050425,       0.0000188949586060,       0.0000004782643769,       0.0000000002850602,       0.0000000000050425,       0.0000000002850602,      -0.0000007802407482
        0.0000003019313169,       0.0000188938292769,       0.0000000000319774,       0.0000188938292769,       0.0000004782639132,       0.0000000002909491,       0.0000000000319774,       0.0000000002909491,      -0.0000007801952300
        0.0000003011933166,       0.0000188912740876,       0.0000000000683802,       0.0000188912740876,       0.0000004773403469,       0.0000000003067237,       0.0000000000683802,       0.0000000003067237,      -0.0000007785336635
        0.0000003013824207,       0.0000188902218999,      -0.0000000002994522,       0.0000188902218999,       0.0000004777601361,       0.0000000001880578,      -0.0000000002994522,       0.0000000001880578,      -0.0000007791425568
        0.0000003014824393,       0.0000188893855542,       0.0000000005207634,       0.0000188893855542,       0.0000004775976855,       0.0000000001912563,       0.0000000005207634,       0.0000000001912563,      -0.0000007790801248
        0.0000003013149864,       0.0000188888978987,       0.0000000026157260,       0.0000188888978987,       0.0000004769464344,       0.0000000003409215,       0.0000000026157260,       0.0000000003409215,      -0.0000007782614208
        0.0000003018043681,       0.0000188887270808,       0.0000000037015119,       0.0000188887270808,       0.0000004777138326,      -0.0000000000117966,       0.0000000037015119,      -0.0000000000117966,      -0.0000007795182008
        0.0000003022798952,       0.0000188888859846,       0.0000000026099759,       0.0000188888859846,       0.0000004784773827,      -0.0000000003510782,       0.0000000026099759,      -0.0000000003510782,      -0.0000007807572779
        0.0000003020955575,       0.0000188893780053,       0.0000000005158252,       0.0000188893780053,       0.0000004778265122,      -0.0000000001939012,       0.0000000005158252,      -0.0000000001939012,      -0.0000007799220698
        0.0000003022090165,       0.0000188902152976,      -0.0000000003039119,       0.0000188902152976,       0.0000004776823628,      -0.0000000001959229,      -0.0000000003039119,      -0.0000000001959229,      -0.0000007798913793
        0.0000003031664714,       0.0000188926935792,       0.0000000000629047,       0.0000188926935792,       0.0000004790485728,      -0.0000000003101125,       0.0000000000629047,      -0.0000000003101125,      -0.0000007822150441
        0.0000003032084358,       0.0000188938340359,       0.0000000000265777,       0.0000188938340359,       0.0000004790948117,      -0.0000000002907971,       0.0000000000265777,      -0.0000000002907971,      -0.0000007823032475
        0.0000003032047396,       0.0000188949615192,       0.0000000000001456,       0.0000188949615192,       0.0000004791377730,      -0.0000000002855468,       0.0000000000001456,      -0.0000000002855468,      -0.0000007823425126
        0.0000003031069314,       0.0000188959637625,       0.0000000000487186,       0.0000188959637625,       0.0000004791393855,      -0.0000000002449342,       0.0000000000487186,      -0.0000000002449342,      -0.0000007822463169
        0.0000003029576954,       0.0000188967533404,       0.0000000000236994,       0.0000188967533404,       0.0000004790264707,      -0.0000000001813707,       0.0000000000236994,      -0.0000000001813707,      -0.0000007819841661
        0.0000003028025201,       0.0000188972906991,       0.0000000000424380,       0.0000188972906991,       0.0000004789225966,      -0.0000000001149781,       0.0000000000424380,      -0.0000000001149781,      -0.0000007817251167
        0.0000003026516671,       0.0000188975577976,       0.0000000000363831,       0.0000188975577976,       0.0000004787805513,      -0.0000000000362600,       0.0000000000363831,      -0.0000000000362600,      -0.0000007814322184
        0.0000003023951103,       0.0000188972885018,       0.0000000001158407,       0.0000188972885018,       0.0000004785221627,       0.0000000000438095,       0.0000000001158407,       0.0000000000438095,      -0.0000007809172731
        0.0000003020080538,       0.0000188970349442,       0.0000000001068499,       0.0000188970349442,       0.0000004781351954,       0.0000000001064350,       0.0000000001068499,       0.0000000001064350,      -0.0000007801432492
        0.0000003015552995,       0.0000188965325376,       0.0000000001212019,       0.0000188965325376,       0.0000004777508468,       0.0000000001902395,       0.0000000001212019,       0.0000000001902395,      -0.0000007793061463
        0.0000003011144030,       0.0000188957752613,       0.0000000000830462,       0.0000188957752613,       0.0000004774746597,       0.0000000002397788,       0.0000000000830462,       0.0000000002397788,      -0.0000007785890627
        0.0000003007674501,       0.0000188948214001,       0.0000000001043377,       0.0000188948214001,       0.0000004772736555,       0.0000000002849547,       0.0000000001043377,       0.0000000002849547,      -0.0000007780411056
        0.0000002998608429,       0.0000188923394465,       0.0000000000523192,       0.0000188923394465,       0.0000004763317009,       0.0000000003316673,       0.0000000000523192,       0.0000000003316673,      -0.0000007761925438
        0.0000002999500891,       0.0000188912233724,      -0.0000000000476199,       0.0000188912233724,       0.0000004765658004,       0.0000000002222635,      -0.0000000000476199,       0.0000000002222635,      -0.0000007765158895
        0.0000003001368538,       0.0000188902310540,       0.0000000002947118,       0.0000188902310540,       0.0000004765671398,       0.0000000003910318,       0.0000000002947118,       0.0000000003910318,      -0.0000007767039936
        0.0000003005973385,       0.0000188893932408,      -0.0000000005305797,       0.0000188893932408,       0.0000004771795803,       0.0000000001343435,      -0.0000000005305797,       0.0000000001343435,      -0.0000007777769189
        0.0000003015352576,       0.0000188886760136,      -0.0000000027482168,       0.0000188886760136,       0.0000004782576495,      -0.0000000006508246,      -0.0000000027482168,      -0.0000000006508246,      -0.0000007797929071
        0.0000003019146599,       0.0000188884128815,      -0.0000000039092782,       0.0000188884128815,       0.0000004779702512,      -0.0000000000064874,      -0.0000000039092782,      -0.0000000000064874,      -0.0000007798849110
        0.0000003022744598,       0.0000188886675370,      -0.0000000027332296,       0.0000188886675370,       0.0000004776546637,       0.0000000006302456,      -0.0000000027332296,       0.0000000006302456,      -0.0000007799291234
        0.0000003031801119,       0.0000188893676541,      -0.0000000005235233,       0.0000188893676541,       0.0000004786715506,      -0.0000000001513418,      -0.0000000005235233,      -0.0000000001513418,      -0.0000007818516625
        0.0000003043495845,       0.0000188916357394,       0.0000000002965175,       0.0000188916357394,       0.0000004801261314,      -0.0000000003961073,       0.0000000002965175,      -0.0000000003961073,      -0.0000007844757159
        0.0000003045384567,       0.0000188926288818,      -0.0000000000451733,       0.0000188926288818,       0.0000004800829975,      -0.0000000002268200,      -0.0000000000451733,      -0.0000000002268200,      -0.0000007846214543
        0.0000003046355254,       0.0000188937447495,       0.0000000000520537,       0.0000188937447495,       0.0000004802804522,      -0.0000000003347861,       0.0000000000520537,      -0.0000000003347861,      -0.0000007849159777
        0.0000003044779524,       0.0000188948228419,       0.0000000001026195,       0.0000188948228419,       0.0000004802504761,      -0.0000000002848845,       0.0000000001026195,      -0.0000000002848845,      -0.0000007847284285
        0.0000003041359544,       0.0000188957763555,       0.0000000000814606,       0.0000188957763555,       0.0000004800344838,      -0.0000000002400981,       0.0000000000814606,      -0.0000000002400981,      -0.0000007841704382
        0.0000003036788092,       0.0000188965338994,       0.0000000001191891,       0.0000188965338994,       0.0000004797378776,      -0.0000000001896207,       0.0000000001191891,      -0.0000000001896207,      -0.0000007834166868
        0.0000003031987545,       0.0000188970358919,       0.0000000001056183,       0.0000188970358919,       0.0000004793333957,      -0.0000000001057790,       0.0000000001056183,      -0.0000000001057790,      -0.0000007825321502
        0.0000003027929326,       0.0000188972888982,       0.0000000001152798,       0.0000188972888982,       0.0000004789348398,      -0.0000000000427764,       0.0000000001152798,      -0.0000000000427764,      -0.0000007817277724
        0.0000003023116026,       0.0000188967502989,       0.0000000001815763,       0.0000188967502989,       0.0000004784114530,       0.0000000000253469,       0.0000000001815763,       0.0000000000253469,      -0.0000007807230555
        0.0000003016400201,       0.0000188965337962,       0.0000000001901380,       0.0000188965337962,       0.0000004777149320,       0.0000000001200514,       0.0000000001901380,       0.0000000001200514,      -0.0000007793549521
        0.0000003009148620,       0.0000188960751883,       0.0000000001687994,       0.0000188960751883,       0.0000004770621220,       0.0000000001681726,       0.0000000001687994,       0.0000000001681726,      -0.0000007779769840
        0.0000002993993357,       0.0000188939958007,       0.0000000001836530,       0.0000188939958007,       0.0000004755191774,       0.0000000002490357,       0.0000000001836530,       0.0000000002490357,      -0.0000007749185131
        0.0000002988014429,       0.0000188931128496,       0.0000000001324296,       0.0000188931128496,       0.0000004751471541,       0.0000000002986087,       0.0000000001324296,       0.0000000002986087,      -0.0000007739485970
        0.0000002985006400,       0.0000188921052609,       0.0000000000956539,       0.0000188921052609,       0.0000004749937624,       0.0000000002656832,       0.0000000000956539,       0.0000000002656832,      -0.0000007734944024
        0.0000002984926561,       0.0000188911006670,       0.0000000001538141,       0.0000188911006670,       0.0000004749757237,       0.0000000004266553,       0.0000000001538141,       0.0000000004266553,      -0.0000007734683799
        0.0000002988820057,       0.0000188900905838,      -0.0000000002947694,       0.0000188900905838,       0.0000004754787757,       0.0000000000818989,      -0.0000000002947694,       0.0000000000818989,      -0.0000007743607814
        0.0000002996615931,       0.0000188893512201,       0.0000000003724333,       0.0000188893512201,       0.0000004758573705,       0.0000000002626098,       0.0000000003724333,       0.0000000002626098,      -0.0000007755189636
        0.0000003003904226,       0.0000188891579423,       0.0000000027311370,       0.0000188891579423,       0.0000004761939733,       0.0000000012741219,       0.0000000027311370,       0.0000000012741219,      -0.0000007765843958
        0.0000003018574536,       0.0000188890983471,       0.0000000040204937,       0.0000188890983471,       0.0000004778554753,       0.0000000000175018,       0.0000000040204937,       0.0000000000175018,      -0.0000007797129289
        0.0000003033282698,       0.0000188891363750,       0.0000000027103957,       0.0000188891363750,       0.0000004795352349,      -0.0000000012417682,       0.0000000027103957,      -0.0000000012417682,      -0.0000007828635048
        0.0000003047895955,       0.0000188907570060,       0.0000000003657022,       0.0000188907570060,       0.0000004808029769,      -0.0000000002492982,       0.0000000003657022,      -0.0000000002492982,      -0.0000007855925725
        0.0000003056021816,       0.0000188914875836,      -0.0000000002942999,       0.0000188914875836,       0.0000004812179683,      -0.0000000000836760,      -0.0000000002942999,      -0.0000000000836760,      -0.0000007868201499
        0.0000003060217505,       0.0000188924917230,       0.0000000001520250,       0.0000188924917230,       0.0000004817380136,      -0.0000000004270537,       0.0000000001520250,      -0.0000000004270537,      -0.0000007877597641
        0.0000003060413362,       0.0000188934932169,       0.0000000000954821,       0.0000188934932169,       0.0000004817188390,      -0.0000000002664447,       0.0000000000954821,      -0.0000000002664447,      -0.0000007877601752
        0.0000003057652103,       0.0000188945002633,       0.0000000001323131,       0.0000188945002633,       0.0000004815521702,      -0.0000000003005806,       0.0000000001323131,      -0.0000000003005806,      -0.0000007873173805
        0.0000003051688284,       0.0000188953885233,       0.0000000001826860,       0.0000188953885233,       0.0000004811511730,      -0.0000000002502956,       0.0000000001826860,      -0.0000000002502956,      -0.0000007863200013
        0.0000003043701841,       0.0000188960692245,       0.0000000001686885,       0.0000188960692245,       0.0000004805191916,      -0.0000000001692042,       0.0000000001686885,      -0.0000000001692042,      -0.0000007848893758
        0.0000003036051394,       0.0000188965310771,       0.0000000001895410,       0.0000188965310771,       0.0000004798294465,      -0.0000000001199359,       0.0000000001895410,      -0.0000000001199359,      -0.0000007834345859
        0.0000003029043439,       0.0000188967496443,       0.0000000001818067,       0.0000188967496443,       0.0000004791097013,      -0.0000000000247444,       0.0000000001818067,      -0.0000000000247444,      -0.0000007820140451
        0.0000003022081874,       0.0000188959619357,       0.0000000002453611,       0.0000188959619357,       0.0000004782952565,       0.0000000000508970,       0.0000000002453611,       0.0000000000508970,      -0.0000007805034440
        0.0000003013740022,       0.0000188957785719,       0.0000000002394560,       0.0000188957785719,       0.0000004773023340,       0.0000000000815509,       0.0000000002394560,       0.0000000000815509,      -0.0000007786763363
        0.0000002995781076,       0.0000188939975034,       0.0000000002507092,       0.0000188939975034,       0.0000004753616027,       0.0000000001819597,       0.0000000002507092,       0.0000000001819597,      -0.0000007749397103
        0.0000002985405647,       0.0000188933943080,       0.0000000002276388,       0.0000188933943080,       0.0000004744981851,       0.0000000002261202,       0.0000000002276388,       0.0000000002261202,      -0.0000007730387499
        0.0000002977246118,       0.0000188926218964,       0.0000000001957640,       0.0000188926218964,       0.0000004738863265,       0.0000000002577197,       0.0000000001957640,       0.0000000002577197,      -0.0000007716109383
        0.0000002973420055,       0.0000188917554096,       0.0000000001857354,       0.0000188917554096,       0.0000004736536127,       0.0000000003715331,       0.0000000001857354,       0.0000000003715331,      -0.0000007709956182
        0.0000002974795063,       0.0000188908159999,      -0.0000000000430199,       0.0000188908159999,       0.0000004739533315,       0.0000000001426516,      -0.0000000000430199,       0.0000000001426516,      -0.0000007714328378
        0.0000002981692562,       0.0000188901221885,       0.0000000002665776,       0.0000188901221885,       0.0000004745543854,       0.0000000004502384,       0.0000000002665776,       0.0000000004502384,      -0.0000007727236416
        0.0000002990064959,       0.0000188893985489,      -0.0000000003595640,       0.0000188893985489,       0.0000004756362139,       0.0000000001888914,      -0.0000000003595640,       0.0000000001888914,      -0.0000007746427098
        0.0000003005312150,       0.0000188884853411,      -0.0000000030849381,       0.0000188884853411,       0.0000004770402240,      -0.0000000012946482,      -0.0000000030849381,      -0.0000000012946482,      -0.0000007775714390
        0.0000003018695064,       0.0000188881330214,      -0.0000000046374125,       0.0000188881330214,       0.0000004778861229,      -0.0000000000266180,      -0.0000000046374125,      -0.0000000000266180,      -0.0000007797556293
        0.0000003031929850,       0.0000188884652702,      -0.0000000030624415,       0.0000188884652702,       0.0000004787032111,       0.0000000012558163,      -0.0000000030624415,       0.0000000012558163,      -0.0000007818961961
        0.0000003054218378,       0.0000188907987961,      -0.0000000003594150,       0.0000188907987961,       0.0000004809553564,      -0.0000000001949047,      -0.0000000003594150,      -0.0000000001949047,      -0.0000007863771942
        0.0000003062688730,       0.0000188915228324,       0.0000000002586021,       0.0000188915228324,       0.0000004820392377,      -0.0000000004429537,       0.0000000002586021,      -0.0000000004429537,      -0.0000007883081107
        0.0000003069899849,       0.0000188922126691,      -0.0000000000469412,       0.0000188922126691,       0.0000004826710603,      -0.0000000001410280,      -0.0000000000469412,      -0.0000000001410280,      -0.0000007896610452
        0.0000003071653709,       0.0000188931441281,       0.0000000001812873,       0.0000188931441281,       0.0000004830094237,      -0.0000000003695096,       0.0000000001812873,      -0.0000000003695096,      -0.0000007901747946
        0.0000003068331167,       0.0000188940031542,       0.0000000001924449,       0.0000188940031542,       0.0000004828112692,      -0.0000000002565115,       0.0000000001924449,      -0.0000000002565115,      -0.0000007896443860
        0.0000003060505788,       0.0000188947736165,       0.0000000002270503,       0.0000188947736165,       0.0000004822123601,      -0.0000000002275382,       0.0000000002270503,      -0.0000000002275382,      -0.0000007882629389
        0.0000003050005121,       0.0000188953858245,       0.0000000002496351,       0.0000188953858245,       0.0000004813309446,      -0.0000000001834023,       0.0000000002496351,      -0.0000000001834023,      -0.0000007863314567
        0.0000003039041131,       0.0000188957713294,       0.0000000002401745,       0.0000188957713294,       0.0000004803049252,      -0.0000000000823770,       0.0000000002401745,      -0.0000000000823770,      -0.0000007842090382
        0.0000003030324462,       0.0000188959600247,       0.0000000002447897,       0.0000188959600247,       0.0000004792879347,      -0.0000000000504669,       0.0000000002447897,      -0.0000000000504669,      -0.0000007823203808
        0.0000003021951720,       0.0000188949613438,       0.0000000002842707,       0.0000188949613438,       0.0000004781944819,       0.0000000000027142,       0.0000000002842707,       0.0000000000027142,      -0.0000007803896540
        0.0000003004311135,       0.0000188934188600,       0.0000000002852089,       0.0000188934188600,       0.0000004760267643,       0.0000000001025695,       0.0000000002852089,       0.0000000001025695,      -0.0000007764578777
        0.0000002991961914,       0.0000188931141805,       0.0000000002999315,       0.0000188931141805,       0.0000004747710831,       0.0000000001310152,       0.0000000002999315,       0.0000000001310152,      -0.0000007739672744
        0.0000002979244115,       0.0000188926218773,       0.0000000002596192,       0.0000188926218773,       0.0000004736878001,       0.0000000001941601,       0.0000000002596192,       0.0000000001941601,      -0.0000007716122116
        0.0000002970623795,       0.0000188920005141,       0.0000000002796977,       0.0000188920005141,       0.0000004730265248,       0.0000000002785425,       0.0000000002796977,       0.0000000002785425,      -0.0000007700889044
        0.0000002967863792,       0.0000188912832469,       0.0000000000980599,       0.0000188912832469,       0.0000004729518196,       0.0000000001596892,       0.0000000000980599,       0.0000000001596892,      -0.0000007697381988
        0.0000002970782919,       0.0000188907093448,       0.0000000002058498,       0.0000188907093448,       0.0000004733928407,       0.0000000003901764,       0.0000000002058498,       0.0000000003901764,      -0.0000007704711326
        0.0000002974747821,       0.0000188898295771,      -0.0000000001911464,       0.0000188898295771,       0.0000004740482207,       0.0000000000808362,      -0.0000000001911464,       0.0000000000808362,      -0.0000007715230028
        0.0000002989377245,       0.0000188893784180,       0.0000000000034085,       0.0000188893784180,       0.0000004751979415,       0.0000000000203023,       0.0000000000034085,       0.0000000000203023,      -0.0000007741356660
        0.0000003004140365,       0.0000188897103541,       0.0000000029390455,       0.0000188897103541,       0.0000004766745212,       0.0000000014131307,       0.0000000029390455,       0.0000000014131307,      -0.0000007770885577
        0.0000003018620049,       0.0000188899064600,       0.0000000047457598,       0.0000188899064600,       0.0000004778736529,       0.0000000000381968,       0.0000000047457598,       0.0000000000381968,      -0.0000007797356579
        0.0000003040471581,       0.0000188911154459,       0.0000000029169127,       0.0000188911154459,       0.0000004799892885,      -0.0000000013699420,       0.0000000029169127,      -0.0000000013699420,      -0.0000007840364466
        0.0000003055330048,       0.0000188907751573,       0.0000000000044694,       0.0000188907751573,       0.0000004814769599,      -0.0000000000206703,       0.0000000000044694,      -0.0000000000206703,      -0.0000007870099647
        0.0000003070040381,       0.0000188912193400,      -0.0000000001880457,       0.0000188912193400,       0.0000004826061355,      -0.0000000000878526,      -0.0000000001880457,      -0.0000000000878526,      -0.0000007896101736
        0.0000003074058265,       0.0000188921019286,       0.0000000002023328,       0.0000188921019286,       0.0000004832369049,      -0.0000000003874960,       0.0000000002023328,      -0.0000000003874960,      -0.0000007906427315
        0.0000003076972017,       0.0000188926793225,       0.0000000000933930,       0.0000188926793225,       0.0000004836660072,      -0.0000000001581690,       0.0000000000933930,      -0.0000000001581690,      -0.0000007913632089
        0.0000003074496764,       0.0000188933895262,       0.0000000002755537,       0.0000188933895262,       0.0000004836143349,      -0.0000000002760466,       0.0000000002755537,      -0.0000000002760466,      -0.0000007910640114
        0.0000003066449202,       0.0000188940026465,       0.0000000002553961,       0.0000188940026465,       0.0000004829975026,      -0.0000000001935189,       0.0000000002553961,      -0.0000000001935189,      -0.0000007896424227
        0.0000003053958185,       0.0000188944971408,       0.0000000003003547,       0.0000188944971408,       0.0000004819359094,      -0.0000000001331471,       0.0000000003003547,      -0.0000000001331471,      -0.0000007873317279
        0.0000003041216740,       0.0000188948173064,       0.0000000002843218,       0.0000188948173064,       0.0000004806643738,      -0.0000000001038616,       0.0000000002843218,      -0.0000000001038616,      -0.0000007847860478
        0.0000003030491208,       0.0000188949590297,       0.0000000002856843,       0.0000188949590297,       0.0000004794131232,      -0.0000000000025073,       0.0000000002856843,      -0.0000000000025073,      -0.0000007824622440
        0.0000003022096274,       0.0000188938328128,       0.0000000002909489,       0.0000188938328128,       0.0000004781712835,       0.0000000000294780,       0.0000000002909489,       0.0000000000294780,      -0.0000007803809109
        0.0000003004209309,       0.0000188923438963,       0.0000000003319918,       0.0000188923438963,       0.0000004758783371,       0.0000000000509185,       0.0000000003319918,       0.0000000000509185,      -0.0000007762992680
        0.0000002990380322,       0.0000188921059089,       0.0000000002675949,       0.0000188921059089,       0.0000004744929285,       0.0000000000943914,       0.0000000002675949,       0.0000000000943914,      -0.0000007735309607
        0.0000002976948966,       0.0000188917543541,       0.0000000003720635,       0.0000188917543541,       0.0000004733302531,       0.0000000001841147,       0.0000000003720635,       0.0000000001841147,      -0.0000007710251497
        0.0000002969949345,       0.0000188912823854,       0.0000000001616792,       0.0000188912823854,       0.0000004727726795,       0.0000000000958310,       0.0000000001616792,       0.0000000000958310,      -0.0000007697676140
        0.0000002968175964,       0.0000188909258530,       0.0000000002812558,       0.0000188909258530,       0.0000004727931026,       0.0000000002802066,       0.0000000002812558,       0.0000000002802066,      -0.0000007696106990
        0.0000002966754577,       0.0000188901550440,       0.0000000000305980,       0.0000188901550440,       0.0000004728837911,       0.0000000001044930,       0.0000000000305980,       0.0000000001044930,      -0.0000007695592488
        0.0000002977425090,       0.0000188899525773,       0.0000000000538497,       0.0000188899525773,       0.0000004739351531,       0.0000000001457265,       0.0000000000538497,       0.0000000001457265,      -0.0000007716776621
        0.0000002983459719,       0.0000188893292724,       0.0000000001284614,       0.0000188893292724,       0.0000004747770577,       0.0000000004102416,       0.0000000001284614,       0.0000000004102416,      -0.0000007731230296
        0.0000002994560422,       0.0000188879773639,      -0.0000000031438009,       0.0000188879773639,       0.0000004753625772,      -0.0000000008513007,      -0.0000000031438009,      -0.0000000008513007,      -0.0000007748186194
        0.0000003018576266,       0.0000188872229414,      -0.0000000052734816,       0.0000188872229414,       0.0000004778778989,      -0.0000000000509283,      -0.0000000052734816,      -0.0000000000509283,      -0.0000007797355255
        0.0000003042538210,       0.0000188879465171,      -0.0000000031264754,       0.0000188879465171,       0.0000004803731270,       0.0000000007946404,      -0.0000000031264754,       0.0000000007946404,      -0.0000007846269480
        0.0000003060960049,       0.0000188907260458,       0.0000000001209155,       0.0000188907260458,       0.0000004818423635,      -0.0000000004070885,       0.0000000001209155,      -0.0000000004070885,      -0.0000007879383684
        0.0000003067338298,       0.0000188913415402,       0.0000000000509476,       0.0000188913415402,       0.0000004827185620,      -0.0000000001430972,       0.0000000000509476,      -0.0000000001430972,      -0.0000007894523918
        0.0000003078387087,       0.0000188915369973,       0.0000000000309287,       0.0000188915369973,       0.0000004837888944,      -0.0000000001102861,       0.0000000000309287,      -0.0000000001102861,      -0.0000007916276031
        0.0000003077009504,       0.0000188923138685,       0.0000000002801628,       0.0000188923138685,       0.0000004838672542,      -0.0000000002802231,       0.0000000002801628,      -0.0000000002802231,      -0.0000007915682046
        0.0000003075063742,       0.0000188926804146,       0.0000000001566151,       0.0000188926804146,       0.0000004838702183,      -0.0000000000952590,       0.0000000001566151,      -0.0000000000952590,      -0.0000007913765925
        0.0000003068441554,       0.0000188931458067,       0.0000000003697241,       0.0000188931458067,       0.0000004833410402,      -0.0000000001824063,       0.0000000003697241,      -0.0000000001824063,      -0.0000007901851956
        0.0000003055563271,       0.0000188934923675,       0.0000000002652352,       0.0000188934923675,       0.0000004822241449,      -0.0000000000963068,       0.0000000002652352,      -0.0000000000963068,      -0.0000007877804720
        0.0000003041510929,       0.0000188937399209,       0.0000000003350291,       0.0000188937399209,       0.0000004808384654,      -0.0000000000533266,       0.0000000003350291,      -0.0000000000533266,      -0.0000007849895583
        0.0000003030259083,       0.0000188938314969,       0.0000000002900197,       0.0000188938314969,       0.0000004794418947,      -0.0000000000292551,       0.0000000002900197,      -0.0000000000292551,      -0.0000007824678030
        0.0000003014982356,       0.0000188912797221,       0.0000000003066103,       0.0000188912797221,       0.0000004772815343,       0.0000000000652811,       0.0000000003066103,       0.0000000000652811,      -0.0000007787797700
        0.0000003006470277,       0.0000188912292134,       0.0000000002238661,       0.0000188912292134,       0.0000004759970517,      -0.0000000000484398,       0.0000000002238661,      -0.0000000000484398,      -0.0000007766440795
        0.0000002990152694,       0.0000188911002105,       0.0000000004273309,       0.0000188911002105,       0.0000004745134025,       0.0000000001524043,       0.0000000004273309,       0.0000000001524043,      -0.0000007735286719
        0.0000002980001477,       0.0000188908132578,       0.0000000001439954,       0.0000188908132578,       0.0000004734983710,      -0.0000000000447651,       0.0000000001439954,      -0.0000000000447651,      -0.0000007714985187
        0.0000002974472059,       0.0000188907086883,       0.0000000003895703,       0.0000188907086883,       0.0000004730951837,       0.0000000002037332,       0.0000000003895703,       0.0000000002037332,      -0.0000007705423896
        0.0000002969186867,       0.0000188901547145,       0.0000000001073248,       0.0000188901547145,       0.0000004726814770,       0.0000000000279632,       0.0000000001073248,       0.0000000000279632,      -0.0000007696001636
        0.0000002973907717,       0.0000188901420444,       0.0000000000675185,       0.0000188901420444,       0.0000004733825549,       0.0000000000677147,       0.0000000000675185,       0.0000000000677147,      -0.0000007707733266
        0.0000002973562567,       0.0000188892788967,       0.0000000002235862,       0.0000188892788967,       0.0000004735353207,       0.0000000003337312,       0.0000000002235862,       0.0000000003337312,      -0.0000007708915773
        0.0000002989634756,       0.0000188891034208,      -0.0000000004789707,       0.0000188891034208,       0.0000004749498108,      -0.0000000002602528,      -0.0000000004789707,      -0.0000000002602528,      -0.0000007739132864
        0.0000003013557022,       0.0000188903303168,       0.0000000026717057,       0.0000188903303168,       0.0000004779134960,       0.0000000002264488,       0.0000000026717057,       0.0000000002264488,      -0.0000007792691981
        0.0000003025927252,       0.0000188927708393,       0.0000000049816416,       0.0000188927708393,       0.0000004787872358,       0.0000000000580604,       0.0000000049816416,       0.0000000000580604,      -0.0000007813799610
        0.0000003023813167,       0.0000188903141487,       0.0000000026616348,       0.0000188903141487,       0.0000004778488465,      -0.0000000001696019,       0.0000000026616348,      -0.0000000001696019,      -0.0000007802301632
        0.0000003055021008,       0.0000188905049521,      -0.0000000004721208,       0.0000188905049521,       0.0000004817073437,       0.0000000002492563,      -0.0000000004721208,       0.0000000002492563,      -0.0000007872094445
        0.0000003071130788,       0.0000188906745104,       0.0000000002168072,       0.0000188906745104,       0.0000004831145877,      -0.0000000003338789,       0.0000000002168072,      -0.0000000003338789,      -0.0000007902276665
        0.0000003071228667,       0.0000188915298132,       0.0000000000653387,       0.0000188915298132,       0.0000004833033580,      -0.0000000000650521,       0.0000000000653387,      -0.0000000000650521,      -0.0000007904262247
        0.0000003076388768,       0.0000188915375855,       0.0000000001080115,       0.0000188915375855,       0.0000004840376124,      -0.0000000000334988,       0.0000000001080115,      -0.0000000000334988,      -0.0000007916764892
        0.0000003070953866,       0.0000188921029229,       0.0000000003892473,       0.0000188921029229,       0.0000004836120586,      -0.0000000002038733,       0.0000000003892473,      -0.0000000002038733,      -0.0000007907074452
        0.0000003065193753,       0.0000188922165615,       0.0000000001400858,       0.0000188922165615,       0.0000004831948226,       0.0000000000449941,       0.0000000001400858,       0.0000000000449941,      -0.0000007897141979
        0.0000003055716934,       0.0000188924936015,       0.0000000004277934,       0.0000188924936015,       0.0000004822230156,      -0.0000000001529736,       0.0000000004277934,      -0.0000000001529736,      -0.0000007877947090
        0.0000003039495077,       0.0000188926251610,       0.0000000002256771,       0.0000188926251610,       0.0000004807590467,       0.0000000000442543,       0.0000000002256771,       0.0000000000442543,      -0.0000007847085544
        0.0000003030065890,       0.0000188926908832,       0.0000000003098309,       0.0000188926908832,       0.0000004794346511,      -0.0000000000659175,       0.0000000003098309,      -0.0000000000659175,      -0.0000007824412401
        0.0000003019428416,       0.0000188902293909,       0.0000000001887066,       0.0000188902293909,       0.0000004775151974,      -0.0000000003019567,       0.0000000001887066,      -0.0000000003019567,      -0.0000007794580389
        0.0000003006295413,       0.0000188902367257,       0.0000000003933186,       0.0000188902367257,       0.0000004762035390,       0.0000000002936684,       0.0000000003933186,       0.0000000002936684,      -0.0000007768330803
        0.0000002995070177,       0.0000188900866689,       0.0000000000822306,       0.0000188900866689,       0.0000004749255031,      -0.0000000002943441,       0.0000000000822306,      -0.0000000002943441,      -0.0000007744325208
        0.0000002986172584,       0.0000188901201999,       0.0000000004496666,       0.0000188901201999,       0.0000004742224368,       0.0000000002633102,       0.0000000004496666,       0.0000000002633102,      -0.0000007728396952
        0.0000002981046257,       0.0000188898292993,       0.0000000000812443,       0.0000188898292993,       0.0000004735197018,      -0.0000000001922835,       0.0000000000812443,      -0.0000000001922835,      -0.0000007716243276
        0.0000002979772757,       0.0000188899514928,       0.0000000001463520,       0.0000188899514928,       0.0000004737730835,       0.0000000000532763,       0.0000000001463520,       0.0000000000532763,      -0.0000007717503592
        0.0000002975519511,       0.0000188892780774,       0.0000000003359079,       0.0000188892780774,       0.0000004733708477,       0.0000000002205151,       0.0000000003359079,       0.0000000002205151,      -0.0000007709227988
        0.0000002986864761,       0.0000188894672953,      -0.0000000003501419,       0.0000188894672953,       0.0000004746879830,      -0.0000000003499466,      -0.0000000003501419,      -0.0000000003499466,      -0.0000007733744591
        0.0000002995091900,       0.0000188893504259,       0.0000000004526692,       0.0000188893504259,       0.0000004757346005,       0.0000000002512475,       0.0000000004526692,       0.0000000002512475,      -0.0000007752437905
        0.0000002990891593,       0.0000188871725638,      -0.0000000022392853,       0.0000188871725638,       0.0000004747044638,       0.0000000008036434,      -0.0000000022392853,       0.0000000008036434,      -0.0000007737936231
        0.0000003018585736,       0.0000188855012309,      -0.0000000048292046,       0.0000188855012309,       0.0000004778912163,      -0.0000000000592704,      -0.0000000048292046,      -0.0000000000592704,      -0.0000007797497898
        0.0000003046402959,       0.0000188871402278,      -0.0000000022467457,       0.0000188871402278,       0.0000004810696843,      -0.0000000008546068,      -0.0000000022467457,      -0.0000000008546068,      -0.0000007857099802
        0.0000003049639612,       0.0000188907495180,       0.0000000004451020,       0.0000188907495180,       0.0000004809452426,      -0.0000000002378372,       0.0000000004451020,      -0.0000000002378372,      -0.0000007859092038
        0.0000003058201987,       0.0000188908655740,      -0.0000000003441756,       0.0000188908655740,       0.0000004820095416,       0.0000000003435386,      -0.0000000003441756,       0.0000000003435386,      -0.0000007878297403
        0.0000003069500416,       0.0000188906753399,       0.0000000003324812,       0.0000188906753399,       0.0000004833202624,      -0.0000000002194959,       0.0000000003324812,      -0.0000000002194959,      -0.0000007902703040
        0.0000003065820474,       0.0000188913428502,       0.0000000001431249,       0.0000188913428502,       0.0000004829605618,      -0.0000000000515078,       0.0000000001431249,      -0.0000000000515078,      -0.0000007895426091
        0.0000003064759417,       0.0000188912204328,       0.0000000000877413,       0.0000188912204328,       0.0000004832413244,       0.0000000001862925,       0.0000000000877413,       0.0000000001862925,      -0.0000007897172661
        0.0000003059126718,       0.0000188915248739,       0.0000000004447159,       0.0000188915248739,       0.0000004825122301,      -0.0000000002613537,       0.0000000004447159,      -0.0000000002613537,      -0.0000007884249019
        0.0000003050532902,       0.0000188914924698,       0.0000000000841052,       0.0000188914924698,       0.0000004818297487,       0.0000000002934364,       0.0000000000841052,       0.0000000002934364,      -0.0000007868830389
        0.0000003039853269,       0.0000188916330894,       0.0000000003948656,       0.0000188916330894,       0.0000004805920315,      -0.0000000002971960,       0.0000000003948656,      -0.0000000002971960,      -0.0000007845773584
        0.0000003018524332,       0.0000188902130704,       0.0000000001953387,       0.0000188902130704,       0.0000004783387621,       0.0000000003000627,       0.0000000001953387,       0.0000000003000627,      -0.0000007801911952
        0.0000003017997417,       0.0000188893941781,       0.0000000001975223,       0.0000188893941781,       0.0000004776350573,       0.0000000005162496,       0.0000000001975223,       0.0000000005162496,      -0.0000007794347990
        0.0000003011952960,       0.0000188893954404,       0.0000000001329741,       0.0000188893954404,       0.0000004766532984,      -0.0000000005273812,       0.0000000001329741,      -0.0000000005273812,      -0.0000007778485944
