        1.6845132390716564,     140.4528426519388802,       0.0002391782118236,     140.4528426519388802,       0.8516883535178756,       0.0002370777488491,       0.0002391782118236,       0.0002370777488491,       0.0003721059124506
        1.6844866675042707,     140.4519789862027039,       0.0002882151059619,     140.4519789862026471,       0.8516664256794958,       0.0007455744018214,       0.0002882151059619,       0.0007455744018214,       0.0007903999727359
        1.6844250057596761,     140.4502413022150051,       0.0001752322648939,     140.4502413022149767,       0.8517335072407414,       0.0011741823801777,       0.0001752322648939,       0.0011741823801777,       0.0011778553711652
        1.6842062497865693,     140.4476879341810900,       0.0003451040392092,     140.4476879341810616,       0.8516120563917055,       0.0015862391171470,       0.0003451040392092,       0.0015862391171470,       0.0014524157635457
        1.6841246387077102,     140.4444509363154339,       0.0000363316739922,     140.4444509363154623,       0.8518584797862420,       0.0018414918909678,       0.0000363316739922,       0.0018414918909678,       0.0017815866166949
        1.6837880534224328,     140.4408027017933307,       0.0002099249246075,     140.4408027017933307,       0.8516869622402793,       0.0018784626715327,       0.0002099249246075,       0.0018784626715327,       0.0016001026531204
        1.6839067174622289,     140.4371140443932404,       0.0004450650239531,     140.4371140443932404,       0.8518348255387241,       0.0019849106434663,       0.0004450650239531,       0.0019849106434663,       0.0017679338351532
        1.6837060322517259,     140.4337192923322561,      -0.0019351083799799,     140.4337192923322846,       0.8523853287996458,       0.0012247091052837,      -0.0019351083799799,       0.0012247091052837,       0.0009878476733783
        1.6837844348201392,     140.4310086483230293,       0.0033667925826262,     140.4310086483230577,       0.8516199452050277,       0.0012229620299520,       0.0033667925826262,       0.0012229620299520,       0.0007698131819512
        1.6845108332072418,     140.4294166466084732,       0.0169110104018203,     140.4294166466084448,       0.8507800343601051,       0.0021234281189934,       0.0169110104018203,       0.0021234281189934,       0.0020565774436631
        1.6841970707668696,     140.4288947287755320,       0.0239235302065103,     140.4288947287755036,       0.8513501856820659,      -0.0002025022036499,       0.0239235302065103,      -0.0002025022036499,       0.0001661747975618
        1.6838781148209154,     140.4294376264051891,       0.0168635699331170,     140.4294376264051891,       0.8519528057459966,      -0.0023580357835306,       0.0168635699331170,      -0.0023580357835306,      -0.0016931396622633
        1.6846269839698012,     140.4310125914202274,       0.0033314294372754,     140.4310125914202558,       0.8511937870887391,      -0.0012695449403554,       0.0033314294372754,      -0.0012695449403554,      -0.0003599948622582
        1.6848037919031935,     140.4337167060881768,      -0.0019672457839455,     140.4337167060881768,       0.8505345124168060,      -0.0012612970797128,      -0.0019672457839455,      -0.0012612970797128,      -0.0005801412364246
        1.6847403193284871,     140.4371298599528473,       0.0004016261411188,     140.4371298599528473,       0.8511940188580895,      -0.0020051008563561,       0.0004016261411188,      -0.0020051008563561,      -0.0014185023527706
        1.6849995467933498,     140.4408142591913133,       0.0001672621498285,     140.4408142591913418,       0.8514480077925277,      -0.0018796147610254,       0.0001672621498285,      -0.0018796147610254,      -0.0013078567101462
        1.6847896085611276,     140.4444573328926538,      -0.0000034700632497,     140.4444573328926253,       0.8513701773071082,      -0.0018447963062634,      -0.0000034700632497,      -0.0018447963062634,      -0.0015168952698193
        1.6848028990469055,     140.4476959498759925,       0.0003111250204049,     140.4476959498760493,       0.8516896559834480,      -0.0015832780032347,       0.0003111250204049,      -0.0015832780032347,      -0.0011960848203956
        1.6846234743064474,     140.4502462549879738,       0.0001504616072984,     140.4502462549879453,       0.8516176231125185,      -0.0011718014570691,       0.0001504616072984,      -0.0011718014570691,      -0.0008984477090932
        1.6845602841764602,     140.4519814409764251,       0.0002725242664012,     140.4519814409764535,       0.8517145131356026,      -0.0007432263147422,       0.0002725242664012,      -0.0007432263147422,      -0.0004633743114083
        1.6845241139944311,     140.4528435856234694,       0.0002344698240543,     140.4528435856234694,       0.8517040258367231,      -0.0002348025181987,       0.0002344698240543,      -0.0002348025181987,      -0.0000147375209785
        1.6844775125303513,     140.4519745350015114,       0.0007485928033203,     140.4519745350015114,       0.8516657805084887,       0.0002806325653122,       0.0007485928033203,       0.0002806325653122,       0.0007708578159370
        1.6844488224554974,     140.4511564237597270,       0.0006912485465676,     140.4511564237596986,       0.8516398925329871,       0.0006852234126376,       0.0006912485465676,       0.0006852234126376,       0.0019894019373603
        1.6841418206687893,     140.4495354713433528,       0.0007852388267173,     140.4495354713433244,       0.8515611387728825,       0.0012264515780271,       0.0007852388267173,       0.0012264515780271,       0.0031464059160234
        1.6838125081668072,     140.4470910898139664,       0.0005396207945225,     140.4470910898139948,       0.8517772682704806,       0.0015474605459806,       0.0005396207945225,       0.0015474605459806,       0.0042480016725804
        1.6831993698929939,     140.4440109753259094,       0.0006777219758837,     140.4440109753259662,       0.8516531387762417,       0.0018385129865965,       0.0006777219758837,       0.0018385129865965,       0.0047639865340264
        1.6830545120895601,     140.4405270605638805,       0.0003428434106952,     140.4405270605639089,       0.8520471424615000,       0.0021476695630749,       0.0003428434106952,       0.0021476695630749,       0.0052011849063357
        1.6826438870443199,     140.4369200878186064,      -0.0003043841529443,     140.4369200878186064,       0.8521089196023883,       0.0014406342256198,      -0.0003043841529443,       0.0014406342256198,       0.0045357715796897
        1.6830018419550563,     140.4337094649688993,       0.0019127539554539,     140.4337094649688993,       0.8518676205071057,       0.0025254971957405,       0.0019127539554539,       0.0025254971957405,       0.0043195883603380
        1.6832697595006523,     140.4310179090744555,      -0.0034245178935957,     140.4310179090744555,       0.8526231416950708,       0.0008844969130428,      -0.0034245178935957,       0.0008844969130428,       0.0031231889692099
        1.6830389196378621,     140.4287324616440173,      -0.0177699286409285,     140.4287324616440173,       0.8528434267952361,      -0.0041304847699578,      -0.0177699286409285,      -0.0041304847699578,      -0.0001192971345602
        1.6842417519601065,     140.4278761565268780,      -0.0252643220500615,     140.4278761565268780,       0.8518921624411298,       0.0000872060160586,      -0.0252643220500615,       0.0000872060160586,      -0.0001341613636499
        1.6854317160576233,     140.4286938109775065,      -0.0176550248441204,     140.4286938109774781,       0.8508889468409813,       0.0041674402028928,      -0.0176550248441204,       0.0041674402028928,      -0.0001198113019569
        1.6852173356582252,     140.4309936226430864,      -0.0033873363458032,     140.4309936226430580,       0.8510143006965250,      -0.0009696400502930,      -0.0033873363458032,      -0.0009696400502930,      -0.0032926786020858
        1.6855388782089662,     140.4337110662206669,       0.0019081165977339,     140.4337110662206953,       0.8516783267579700,      -0.0025693140189675,       0.0019081165977339,      -0.0025693140189675,      -0.0044340709535538
        1.6859948941885423,     140.4369181536217184,      -0.0002962661657374,     140.4369181536217468,       0.8513659916836355,      -0.0014655096615998,      -0.0002962661657374,      -0.0014655096615998,      -0.0045953342990406
        1.6857073956930129,     140.4405239877991391,       0.0003304193702253,     140.4405239877991391,       0.8513815645520978,      -0.0021647915631553,       0.0003304193702253,      -0.0021647915631553,      -0.0052072990635159
        1.6856879472566153,     140.4440082998174546,       0.0006582614039175,     140.4440082998174262,       0.8517574531850305,      -0.0018432177319392,       0.0006582614039175,      -0.0018432177319392,      -0.0047269628605883
        1.6851607541546403,     140.4470898440794713,       0.0005223372506810,     140.4470898440794997,       0.8516247978424997,      -0.0015526222703470,       0.0005223372506810,      -0.0015526222703470,      -0.0041548806457844
        1.6848688615559051,     140.4495379306770531,       0.0007669960361347,     140.4495379306770531,       0.8518440312994258,      -0.0012269028154104,       0.0007669960361347,      -0.0012269028154104,      -0.0029725556507344
        1.6845559014568858,     140.4511591798497250,       0.0006805408876484,     140.4511591798497534,       0.8517714986090701,      -0.0006849728878967,       0.0006805408876484,      -0.0006849728878967,      -0.0017371944380851
        1.6845126054003599,     140.4519757091298402,       0.0007438326047323,     140.4519757091298402,       0.8517494944014941,      -0.0002784173117715,       0.0007438326047323,      -0.0002784173117715,      -0.0004739701415136
        1.6845206332615632,     140.4502367925597071,       0.0011729534020015,     140.4502367925597071,       0.8516490071974604,       0.0001600715052977,       0.0011729534020015,       0.0001600715052977,       0.0010956025065575
        1.6843411504991608,     140.4495385614229690,       0.0012295536716022,     140.4495385614229406,       0.8513892337794469,       0.0007716986460599,       0.0012295536716022,       0.0007716986460599,       0.0030802472503737
        1.6840820110418877,     140.4480589855378412,       0.0010927597067134,     140.4480589855378980,       0.8513698702600521,       0.0010832684725171,       0.0010927597067134,       0.0010832684725171,       0.0051661810853768
        1.6832448117228311,     140.4458678806595344,       0.0011908777813796,     140.4458678806595344,       0.8511161820478699,       0.0016104961746640,       0.0011908777813796,       0.0016104961746640,       0.0068461218048850
        1.6827426463555228,     140.4429991909370870,       0.0008609299402989,     140.4429991909371722,       0.8513491614354199,       0.0019325950131216,       0.0008609299402989,       0.0019325950131216,       0.0083100883546183
        1.6819134571193832,     140.4397332558375524,       0.0006231629719881,     140.4397332558375808,       0.8509988227571963,       0.0017194013371618,       0.0006231629719881,       0.0017194013371618,       0.0084871690347904
        1.6820396542264506,     140.4364825290699343,       0.0010021199158557,     140.4364825290699343,       0.8510880379796087,       0.0027609936750820,       0.0010021199158557,       0.0027609936750820,       0.0086692008552465
        1.6817270720812614,     140.4332304511595737,      -0.0019040313854036,     140.4332304511595453,       0.8511384467808547,       0.0005377888471975,      -0.0019040313854036,       0.0005377888471975,       0.0071275568483307
        1.6823254543906447,     140.4308522512149011,       0.0024107625271069,     140.4308522512148727,       0.8504336301527167,       0.0016896540603648,       0.0024107625271069,       0.0016896540603648,       0.0052235395805522
        1.6841458031312886,     140.4302388585515757,       0.0176723316911453,     140.4302388585516042,       0.8509659779611164,       0.0081661883433201,       0.0176723316911453,       0.0081661883433201,       0.0046799562638232
        1.6842676065840561,     140.4300951876704744,       0.0259836823633533,     140.4300951876704175,       0.8516954840711041,      -0.0000253481383389,       0.0259836823633533,      -0.0000253481383389,       0.0000419904980961
        1.6843784906421049,     140.4302644589852207,       0.0174960181386325,     140.4302644589852491,       0.8524878478299908,      -0.0081359714555468,       0.0174960181386325,      -0.0081359714555468,      -0.0046108830182843
        1.6861736230366384,     140.4308718442941881,       0.0023605180906450,     140.4308718442941881,       0.8531150906541225,      -0.0016237994028006,       0.0023605180906450,      -0.0016237994028006,      -0.0052191210511220
        1.6868269675047503,     140.4332282542946189,      -0.0019003356623631,     140.4332282542945904,       0.8524703497399770,      -0.0005359724961531,      -0.0019003356623631,      -0.0005359724961531,      -0.0071973431422033
        1.6865951059809707,     140.4364735536987610,       0.0009763235620072,     140.4364735536987610,       0.8525410028837279,      -0.0027652533752985,       0.0009763235620072,      -0.0027652533752985,      -0.0087921996676081
        1.6868195651795528,     140.4397098827261061,       0.0006131268734580,     140.4397098827261345,       0.8526227689815290,      -0.0017251953238476,       0.0006131268734580,      -0.0017251953238476,      -0.0086367366137534
        1.6861029175857090,     140.4429652175940930,       0.0008502719960570,     140.4429652175940646,       0.8522425375563807,      -0.0019454650503955,       0.0008502719960570,      -0.0019454650503955,      -0.0084671054036466
        1.6856852088929877,     140.4458374084966579,       0.0011764578198237,     140.4458374084966579,       0.8524453559026219,      -0.0016208149358578,       0.0011764578198237,      -0.0016208149358578,      -0.0069592902588955
        1.6848690475554453,     140.4480379531278516,       0.0010870840911716,     140.4480379531278800,       0.8521628907100083,      -0.0010958789331126,       0.0010870840911716,      -0.0010958789331126,      -0.0051931227716842
        1.6845905365734712,     140.4495300031582588,       0.0012225298882268,     140.4495300031582303,       0.8521250490730844,      -0.0007779431588164,       0.0012225298882268,      -0.0007779431588164,      -0.0030003309869762
        1.6843818798022285,     140.4502353094447642,       0.0011738102282216,     140.4502353094447358,       0.8518531701395563,      -0.0001631442422650,       0.0011738102282216,      -0.0001631442422650,      -0.0009501681254446
        1.6843713967117917,     140.4476908191154223,       0.0015854158602960,     140.4476908191154223,       0.8514974632300657,       0.0003239315635199,       0.0015854158602960,       0.0003239315635199,       0.0012982783630959
        1.6845193579408191,     140.4470985163808621,       0.0015479152773862,     140.4470985163808336,       0.8511304411332825,       0.0005222784012036,       0.0015479152773862,       0.0005222784012036,       0.0041354600161295
        1.6837873136876558,     140.4458701523180650,       0.0016233482251084,     140.4458701523180935,       0.8505930203817827,       0.0011749008373817,       0.0016233482251084,       0.0011749008373817,       0.0068209695089990
        1.6831275095543810,     140.4438949600877606,       0.0014753416305673,     140.4438949600877038,       0.8505028938153525,       0.0014616051313518,       0.0014753416305673,       0.0014616051313518,       0.0095465621412430
        1.6818363546105739,     140.4413780283192921,       0.0012697542814732,     140.4413780283192921,       0.8498751018020020,       0.0016663255265441,       0.0012697542814732,       0.0016663255265441,       0.0109255729050559
        1.6815241887068504,     140.4385660763502131,       0.0012059945313374,     140.4385660763502415,       0.8500439539689020,       0.0024032110199855,       0.0012059945313374,       0.0024032110199855,       0.0118772467305384
        1.6806561303834457,     140.4355323719755688,      -0.0002783863137006,     140.4355323719755404,       0.8496964862513314,       0.0009236416259075,      -0.0002783863137006,       0.0009236416259075,       0.0105884940421025
        1.6813426476226052,     140.4333025527892573,       0.0017276672879170,     140.4333025527892573,       0.8500852832657235,       0.0029072504863846,       0.0017276672879170,       0.0029072504863846,       0.0090537501979677
        1.6817023997906435,     140.4309900135125702,      -0.0023248745961843,     140.4309900135125417,       0.8512286378729494,       0.0012300443127704,      -0.0023248745961843,       0.0012300443127704,       0.0067176923606269
        1.6814037463507321,     140.4280800895241441,      -0.0199636068139660,     140.4280800895241441,       0.8505501848805369,      -0.0082967889524546,      -0.0199636068139660,      -0.0082967889524546,       0.0015178269223101
        1.6841586935139763,     140.4269732173093814,      -0.0299703703921446,     140.4269732173093530,       0.8517151094046135,      -0.0000235050987520,      -0.0299703703921446,      -0.0000235050987520,      -0.0000409707282302
        1.6869411889322652,     140.4280779920415796,      -0.0197674263192045,     140.4280779920415796,       0.8528324298398802,       0.0082304566501184,      -0.0197674263192045,       0.0082304566501184,      -0.0015624234421813
        1.6867427838465672,     140.4310045228427555,      -0.0023238917309687,     140.4310045228427839,       0.8521289123490415,      -0.0012513689915731,      -0.0023238917309687,      -0.0012513689915731,      -0.0066812518429911
        1.6871751638699481,     140.4333440999082256,       0.0016643182788086,     140.4333440999082256,       0.8533221629184412,      -0.0028718293003432,       0.0016643182788086,      -0.0028718293003432,      -0.0089929460529858
        1.6879319717861174,     140.4355708466361250,      -0.0003030652854970,     140.4355708466360966,       0.8537891463182375,      -0.0009126622516654,      -0.0003030652854970,      -0.0009126622516654,      -0.0105728684924953
        1.6871488218538946,     140.4385809853045259,       0.0011675331090499,     140.4385809853045259,       0.8535181357675412,      -0.0023934790703336,       0.0011675331090499,      -0.0023934790703336,      -0.0119331950201695
        1.6869457381798310,     140.4413585210214990,       0.0012409391877292,     140.4413585210214990,       0.8537375914914981,      -0.0016627315340901,       0.0012409391877292,      -0.0016627315340901,      -0.0110671079050518
        1.6857418452127393,     140.4438508343427543,       0.0014643780957395,     140.4438508343427543,       0.8531193849492290,      -0.0014748212490610,       0.0014643780957395,      -0.0014748212490610,      -0.0097406754231346
        1.6851026073434812,     140.4458313677606611,       0.0016106457642399,     140.4458313677606327,       0.8530224452991928,      -0.0011891568176991,       0.0016106457642399,      -0.0011891568176991,      -0.0069805329300764
        1.6843213180976009,     140.4470773636786021,       0.0015505496198609,     140.4470773636786021,       0.8524684501630210,      -0.0005360430817886,       0.0015505496198609,      -0.0005360430817886,      -0.0042155719073261
        1.6844179706445090,     140.4476854766756730,       0.0015806751788540,     140.4476854766756730,       0.8520926069205215,      -0.0003304424427038,       0.0015806751788540,      -0.0003304424427038,      -0.0013079005731048
        1.6845898733812921,     140.4444576582889681,       0.0018364787042920,     140.4444576582889965,       0.8514801054426800,       0.0000118799350151,       0.0018364787042920,       0.0000118799350151,       0.0015817559580684
        1.6843454946289242,     140.4440161371324223,       0.0018446866131848,     140.4440161371324507,       0.8505712340070170,       0.0006594446780604,       0.0018446866131848,       0.0006594446780604,       0.0046463685484438
        1.6839676701915154,     140.4429957194645340,       0.0019406873592601,     140.4429957194645056,       0.8501326813014338,       0.0008442775356013,       0.0019406873592601,       0.0008442775356013,       0.0082832049752163
        1.6824596096951157,     140.4413735274230248,       0.0016809891215534,     140.4413735274230248,       0.8492415075339476,       0.0012538341988198,       0.0016809891215534,       0.0012538341988198,       0.0109177195537419
        1.6817614585474610,     140.4393425131802360,       0.0018110670612708,     140.4393425131802360,       0.8491940743257930,       0.0017989082244079,       0.0018110670612708,       0.0017989082244079,       0.0130319387536756
        1.6804425643634386,     140.4370146432090678,       0.0006329939023570,     140.4370146432090110,       0.8485211484302900,       0.0010301776994302,       0.0006329939023570,       0.0010301776994302,       0.0126214614401047
        1.6808177237659290,     140.4351665903868991,       0.0013337813743863,     140.4351665903869559,       0.8493653194832731,       0.0025206794518075,       0.0013337813743863,       0.0025206794518075,       0.0120573224396887
        1.6801840516449273,     140.4323372437702346,      -0.0012372530112355,     140.4323372437702631,       0.8495653554768766,       0.0005263683954834,      -0.0012372530112355,       0.0005263683954834,       0.0101636097132927
        1.6813041363569243,     140.4309142093849232,       0.0000230616518428,     140.4309142093849516,       0.8496566260240956,       0.0001252493964727,       0.0000230616518428,       0.0001252493964727,       0.0065557703087496
        1.6845804128744455,     140.4320365126822310,       0.0190252480561258,     140.4320365126822594,       0.8528767642681668,       0.0090602608486658,       0.0190252480561258,       0.0090602608486657,       0.0050175960943253
        1.6842631506803638,     140.4327106197267199,       0.0306737428534446,     140.4327106197266914,       0.8517137642000546,       0.0000871860895810,       0.0306737428534446,       0.0000871860895810,      -0.0000128588267167
        1.6839087037885807,     140.4320307250014253,       0.0188174373813852,     140.4320307250014537,       0.8505921011271557,      -0.0089487050447574,       0.0188174373813852,      -0.0089487050447574,      -0.0050922116818855
        1.6870953026636570,     140.4309317457813790,       0.0000282666420988,     140.4309317457813506,       0.8538313156036550,      -0.0001401127823403,       0.0000282666420988,      -0.0001401127823403,      -0.0066812176614897
        1.6882539122791347,     140.4323638259871814,      -0.0012140563703108,     140.4323638259872098,       0.8538812860220608,      -0.0005642532570843,      -0.0012140563703108,      -0.0005642532570843,      -0.0102746887504454
        1.6877130455448524,     140.4352161567403243,       0.0013024031438335,     140.4352161567403527,       0.8540689457492754,      -0.0025101484718185,       0.0013024031438335,      -0.0025101484718185,      -0.0121204641608065
        1.6881367234172309,     140.4370809232090380,       0.0006034852202892,     140.4370809232090096,       0.8549408713583184,      -0.0010260637805873,       0.0006034852202892,      -0.0010260637805873,      -0.0126426408400937
        1.6869022491999421,     140.4393760056220515,       0.0017787172862454,     140.4393760056219946,       0.8543339230999777,      -0.0017907546554780,       0.0017787172862454,      -0.0017907546554780,      -0.0130858532079378
        1.6863122285017684,     140.4413598810102712,       0.0016493036800710,     140.4413598810102712,       0.8543487062322820,      -0.0012561228696458,       0.0016493036800710,      -0.0012561228696458,      -0.0110747018896714
        1.6848387763435193,     140.4429610345126491,       0.0019397377187441,     140.4429610345126491,       0.8534834696778738,      -0.0008653586965644,       0.0019397377187441,      -0.0008653586965644,      -0.0085015613480537
        1.6843958829551111,     140.4439963559716489,       0.0018362025176011,     140.4439963559716489,       0.8530511731673651,      -0.0006755538046496,       0.0018362025176011,      -0.0006755538046496,      -0.0048197281525304
        1.6840662933403097,     140.4444525206543233,       0.0018455380342196,     140.4444525206543233,       0.8521419133189395,      -0.0000212631438706,       0.0018455380342196,      -0.0000212631438706,      -0.0016881905676644
        1.6843869565772540,     140.4408113192899918,       0.0018794411717233,     140.4408113192899918,       0.8512078108837468,       0.0001843787215814,       0.0018794411717233,       0.0001843787215814,       0.0013568112108903
        1.6846769260421375,     140.4405315981618969,       0.0021461166537669,     140.4405315981618969,       0.8504915256258108,       0.0003240558372393,       0.0021461166537669,       0.0003240558372393,       0.0050591598525424
        1.6835480826665559,     140.4397244843759438,       0.0017307785256019,     140.4397244843759438,       0.8493629592485725,       0.0006078740402405,       0.0017307785256019,       0.0006078740402405,       0.0084254736152727
        1.6825755489383381,     140.4385547636304352,       0.0024068867441943,     140.4385547636304636,       0.8489834411190995,       0.0011862637594904,       0.0024068867441943,       0.0011862637594904,       0.0118231704094708
        1.6810518443912230,     140.4370072133520466,       0.0010436084912693,     140.4370072133520750,       0.8479168398442568,       0.0006149256233340,       0.0010436084912693,       0.0006149256233340,       0.0125750738122775
        1.6810862922071885,     140.4358498456776942,       0.0018189343024532,     140.4358498456776942,       0.8485783926443444,       0.0018076913794465,       0.0018189343024532,       0.0018076913794466,       0.0131829470578384
        1.6797964937813690,     140.4333569917671696,       0.0001966406878262,     140.4333569917671980,       0.8480358726743823,       0.0006742105473124,       0.0001966406878262,       0.0006742105473124,       0.0123740143212789
        1.6808738195029032,     140.4327347823781054,       0.0003490881042397,     140.4327347823781054,       0.8490351815505982,       0.0009374945186364,       0.0003490881042397,       0.0009374945186364,       0.0099922970456208
        1.6815046555125306,     140.4307430751244112,       0.0008334932987611,     140.4307430751243544,       0.8504179437280494,       0.0026552546596103,       0.0008334932987611,       0.0026552546596103,       0.0086796862406298
        1.6801445970982629,     140.4263902948250973,      -0.0203426992979503,     140.4263902948251257,       0.8474046258223344,      -0.0054236404397701,      -0.0203426992979503,      -0.0054236404397701,       0.0037901756252118
        1.6840544461844376,     140.4240301436209108,      -0.0340812079384849,     140.4240301436208824,       0.8516973056017054,      -0.0001678544434877,      -0.0340812079384849,      -0.0001678544434877,      -0.0000395256664991
        1.6880675105686631,     140.4264466183811919,      -0.0201821775694704,     140.4264466183811919,       0.8559778622183521,       0.0052412412340608,      -0.0201821775694704,       0.0052412412340608,      -0.0038317998101706
        1.6868818375079824,     140.4307706129261533,       0.0007781743771476,     140.4307706129261248,       0.8529869543455946,      -0.0026334883614322,       0.0007781743771476,      -0.0026334883614322,      -0.0087107137075947
        1.6875632843404325,     140.4327607587743501,       0.0003289951267813,     140.4327607587743785,       0.8544412664391834,      -0.0009320791548043,       0.0003289951267813,      -0.0009320791548043,      -0.0100892362427299
        1.6886594321348201,     140.4333923948595100,       0.0002009954025576,     140.4333923948595384,       0.8554385621770825,      -0.0007154502605009,       0.0002009954025576,      -0.0007154502605009,      -0.0125539561210221
        1.6874303230706664,     140.4359037526915586,       0.0018078407669255,     140.4359037526915870,       0.8549021774885232,      -0.0018173570725879,       0.0018078407669255,      -0.0018173570725879,      -0.0133398784136472
        1.6874745587416526,     140.4370876637352410,       0.0010129684532471,     140.4370876637352694,       0.8555906047642992,      -0.0006206618430091,       0.0010129684532471,      -0.0006206618430091,      -0.0126703936295868
        1.6860415914806612,     140.4385917538442641,       0.0023889244886210,     140.4385917538442357,       0.8545895646752916,      -0.0011867247965949,       0.0023889244886210,      -0.0011867247965949,      -0.0119673355863934
        1.6851472416014435,     140.4397151044395287,       0.0017142803662540,     140.4397151044395571,       0.8542532639186039,      -0.0006270115209126,       0.0017142803662540,      -0.0006270115209126,      -0.0086898602614189
        1.6839565936155867,     140.4405165513931593,       0.0021646893443184,     140.4405165513931593,       0.8531329959735208,      -0.0003496515014423,       0.0021646893443184,      -0.0003496515014423,      -0.0053264338481096
        1.6841161531720819,     140.4408101323187452,       0.0018735481969882,     140.4408101323187452,       0.8524143269311639,      -0.0001942503108954,       0.0018735481969882,      -0.0001942503108954,      -0.0015349829927489
        1.6845070193133167,     140.4371296470326627,       0.0019811369318898,     140.4371296470326911,       0.8514085864410965,       0.0004162670015593,       0.0019811369318898,       0.0004162670015593,       0.0014522058697591
        1.6846614945843403,     140.4369264535288266,       0.0014457666634071,     140.4369264535287982,       0.8501629582979692,      -0.0003173965525626,       0.0014457666634071,      -0.0003173965525626,       0.0043606204534169
        1.6835655627757373,     140.4364702525132031,       0.0027637512882629,     140.4364702525132031,       0.8495611727678839,       0.0009816014716572,       0.0027637512882629,       0.0009816014716572,       0.0085687895352728
        1.6821742798312562,     140.4355119218465404,       0.0009287599600570,     140.4355119218465404,       0.8481738582971515,      -0.0002951072164764,       0.0009287599600570,      -0.0002951072164764,       0.0104770382469928
        1.6818723683372101,     140.4351568224807920,       0.0025169199608370,     140.4351568224808204,       0.8483468006469020,       0.0013108994255366,       0.0025169199608370,       0.0013108994255366,       0.0119577183488336
        1.6805110826427496,     140.4333508410166189,       0.0006918122689194,     140.4333508410166473,       0.8473487552458493,       0.0001765888348337,       0.0006918122689194,       0.0001765888348337,       0.0123200529502215
        1.6809335833713608,     140.4333313700095403,       0.0004339120540454,     140.4333313700095118,       0.8484876784316054,       0.0004341460752076,       0.0004339120540454,       0.0004341460752076,       0.0112057311222547
        1.6803680855545517,     140.4305403272062449,       0.0014471010105596,     140.4305403272062449,       0.8485213566313328,       0.0021576762393464,       0.0014471010105596,       0.0021576762393464,       0.0107730240661032
        1.6806711952267941,     140.4300157090708581,      -0.0031033526448708,     140.4300157090708581,       0.8481860760766656,      -0.0016849702987121,      -0.0031033526448708,      -0.0016849702987121,       0.0058703865173302
        1.6853022257928731,     140.4340780409758054,       0.0172788348935979,     140.4340780409757770,       0.8545539696840709,       0.0013785632388944,       0.0172788348935979,       0.0013785632388944,       0.0026677111279792
        1.6843260658620218,     140.4373821638110371,       0.0321859072761641,     140.4373821638110655,       0.8517392070199085,       0.0002155869844574,       0.0321859072761641,       0.0002155869844574,      -0.0000164520053125
        1.6831958030258611,     140.4340321594775673,       0.0171937838676145,     140.4340321594775389,       0.8489138365046239,      -0.0011879384991089,       0.0171937838676145,      -0.0011879384991089,      -0.0027587998321850
        1.6876539313820260,     140.4300615977375628,      -0.0030441406080476,     140.4300615977375628,       0.8552833539620268,       0.0016124863881509,      -0.0030441406080476,       0.0016124863881509,      -0.0059952498220514
        1.6879621487439136,     140.4306060350591281,       0.0013984620507035,     140.4306060350590997,       0.8549348920935939,      -0.0021620137669482,       0.0013984620507035,      -0.0021620137669482,      -0.0108933155967368
        1.6875110864707286,     140.4333703150792871,       0.0004252637730089,     140.4333703150792871,       0.8550548484766828,      -0.0004256109725716,       0.0004252637730089,      -0.0004256109725716,      -0.0113824036367126
        1.6879295949842203,     140.4333978921986272,       0.0006996054101996,     140.4333978921986557,       0.8561980194113242,      -0.0002212731357119,       0.0006996054101996,      -0.0002212731357119,      -0.0126188541933955
        1.6865746909452433,     140.4352249396262948,       0.0025149320733611,     140.4352249396262948,       0.8552258112236171,      -0.0013249025613611,       0.0025149320733611,      -0.0013249025613611,      -0.0122163551405546
        1.6862597960050809,     140.4355915991648089,       0.0009079927508508,     140.4355915991648089,       0.8554312108457039,       0.0002858966748849,       0.0009079927508508,       0.0002858966748849,      -0.0106738813669259
        1.6849915767808983,     140.4364873785912664,       0.0027650541634412,     140.4364873785912664,       0.8540926056948400,      -0.0009962691546136,       0.0027650541634412,      -0.0009962691546136,      -0.0088739968595223
        1.6838669704856770,     140.4369161387143947,       0.0014593979637721,     140.4369161387144231,       0.8534900486960267,       0.0002828569843522,       0.0014593979637721,       0.0002828569843522,      -0.0047383905496898
        1.6838399170342393,     140.4371254035053482,       0.0020010403057724,     140.4371254035053482,       0.8522318637212175,      -0.0004314497035661,       0.0020010403057724,      -0.0004314497035661,      -0.0017191482824680
        1.6850473076384360,     140.4337362562808948,       0.0012158062607464,     140.4337362562808948,       0.8512943183548456,      -0.0019622483221026,       0.0012158062607464,      -0.0019622483221026,       0.0005959349879683
        1.6843377827024355,     140.4337202606519384,       0.0025437867580451,     140.4337202606519384,       0.8505974302613656,       0.0018985886941669,       0.0025437867580451,       0.0018985886941669,       0.0041410777625506
        1.6835347992686827,     140.4332040503418284,       0.0005293493898445,     140.4332040503418284,       0.8493056479879417,      -0.0019090973732359,       0.0005293493898445,      -0.0019090973732359,       0.0069957897946176
        1.6825462534780524,     140.4332872372488907,       0.0029047079625579,     140.4332872372489192,       0.8489180447673069,       0.0016963758731253,       0.0029047079625579,       0.0016963758731253,       0.0088809345995172
        1.6820261209324365,     140.4323233107530768,       0.0005213726085847,     140.4323233107530768,       0.8477739475465553,      -0.0012503451188848,       0.0005213726085847,      -0.0012503451188848,       0.0100213177360009
        1.6815035867075265,     140.4327267612976584,       0.0009409635003862,     140.4327267612976584,       0.8484650431119005,       0.0003416534144004,       0.0009409635003862,       0.0003416534144004,       0.0099026097191908
        1.6809340878415140,     140.4305334643580068,       0.0021736715438997,     140.4305334643579783,       0.8479656050723499,       0.0014199251392874,       0.0021736715438997,       0.0014199251392874,       0.0107265099222835
        1.6807158345449991,     140.4311848964470357,      -0.0022749401450024,     140.4311848964470357,       0.8483031015250968,      -0.0022678131306662,      -0.0022749401450024,      -0.0022678131306662,       0.0068120826675209
        1.6830228586854403,     140.4308399333108071,       0.0029297382055464,     140.4308399333108071,       0.8512990372103845,       0.0016194213331322,       0.0029297382055464,       0.0016194213331322,       0.0064447512615275
        1.6799527976275366,     140.4237637876846634,      -0.0144667229224573,     140.4237637876846634,       0.8463527546720412,       0.0052765296416927,      -0.0144667229224573,       0.0052765296416927,       0.0048495021022032
        1.6838878848154213,     140.4184584230890493,      -0.0312072976181282,     140.4184584230889641,       0.8516871441244271,      -0.0002456472452938,      -0.0312072976181282,      -0.0002456472452938,      -0.0000991274680079
        1.6880994876772804,     140.4238584954002818,      -0.0145246102445417,     140.4238584954003102,       0.8570850846607910,      -0.0054673879024640,      -0.0145246102445417,      -0.0054673879024640,      -0.0049897850759679
        1.6852936740411890,     140.4308499531987309,       0.0028725728175958,     140.4308499531987593,       0.8521910730954473,      -0.0015451611831681,       0.0028725728175958,      -0.0015451611831681,      -0.0066243128061329
        1.6876457062433092,     140.4312263757587402,      -0.0022129527032153,     140.4312263757587687,       0.8552400301504937,       0.0022198755804007,      -0.0022129527032153,       0.0022198755804007,      -0.0070238698584200
        1.6873579945849495,     140.4306116966127149,       0.0021458298699642,     140.4306116966127718,       0.8555634706476417,      -0.0014267279192371,       0.0021458298699642,      -0.0014267279192371,      -0.0109504120735097
        1.6869243354598622,     140.4327681904318297,       0.0009305788431317,     140.4327681904318297,       0.8551532578706038,      -0.0003371980039794,       0.0009305788431317,      -0.0003371980039794,      -0.0101996604454199
        1.6863383603349840,     140.4323767841238180,       0.0005696523035114,     140.4323767841238464,       0.8558398755062876,       0.0011996985215265,       0.0005696523035114,       0.0011996985215265,      -0.0104274172340023
        1.6857754620865901,     140.4333576027439676,       0.0028747615317777,     140.4333576027439676,       0.8547457007139431,      -0.0016965926875125,       0.0028747615317777,      -0.0016965926875125,      -0.0091709496468321
        1.6848449447910490,     140.4332537508817040,       0.0005480950457440,     140.4332537508817040,       0.8543942211874579,       0.0018920279665918,       0.0005480950457440,       0.0018920279665918,      -0.0073275264716883
        1.6841026979366605,     140.4337093568532566,       0.0025515633440034,     140.4337093568532566,       0.8531170682797697,      -0.0019253203284686,       0.0025515633440034,      -0.0019253203284686,      -0.0045972092750406
        1.6831707856548426,     140.4337204921877174,       0.0012637129825615,     140.4337204921876889,       0.8523835192080406,       0.0019403879144937,       0.0012637129825615,       0.0019403879144937,      -0.0009613734164642
        1.6843006488123371,     140.4310357596762913,       0.0012771528217400,     140.4310357596763197,       0.8514221164282733,       0.0033401007284585,       0.0012771528217400,       0.0033401007284585,       0.0003488917118642
        1.6849819311040484,     140.4310139748591553,       0.0008567516965797,     140.4310139748591268,       0.8508913474141478,      -0.0034164362376536,       0.0008567516965797,      -0.0034164362376536,       0.0029954625436320
