       -0.0000000559677710,       0.0000000019088784,      -0.0000000025761399,       0.0000000019088784,      -0.0019977594227316,       0.0000000003239156,      -0.0000000025761399,       0.0000000003239156,       0.0011422575454365
       -0.0000000514918655,       0.0000000059379424,      -0.0000000080576546,       0.0000000059379424,      -0.0019977569511594,       0.0000000003490952,      -0.0000000080576546,       0.0000000003490952,       0.0011422498574580
       -0.0000000427884538,       0.0000000086500035,      -0.0000000122855369,       0.0000000086500035,      -0.0019977527316765,      -0.0000000003107007,      -0.0000000122855369,      -0.0000000003107007,       0.0011422352970524
       -0.0000000302595815,       0.0000000121099655,      -0.0000000164825786,       0.0000000121099655,      -0.0019977468299308,       0.0000000014145955,      -0.0000000164825786,       0.0000000014145955,       0.0011422150034143
       -0.0000000148569360,       0.0000000124164207,      -0.0000000184950157,       0.0000000124164207,      -0.0019977405909678,      -0.0000000035625174,      -0.0000000184950157,      -0.0000000035625174,       0.0011421907685195
        0.0000000024866370,       0.0000000132712900,      -0.0000000188359417,       0.0000000132712900,      -0.0019977350041115,       0.0000000055414148,      -0.0000000188359417,       0.0000000055414148,       0.0011421656090583
        0.0000000198748503,       0.0000000144041391,      -0.0000000206338356,       0.0000000144041391,      -0.0019977281942661,      -0.0000000093206762,      -0.0000000206338356,      -0.0000000093206762,       0.0011421390395537
        0.0000000361790817,       0.0000000055726040,      -0.0000000112835635,       0.0000000055726040,      -0.0019977268217958,       0.0000000019684542,      -0.0000000112835635,       0.0000000019684542,       0.0011421191046839
        0.0000000490235956,       0.0000000126380138,      -0.0000000152572036,       0.0000000126380138,      -0.0019977229386881,       0.0000000331217568,      -0.0000000152572036,       0.0000000331217568,       0.0011421018145880
        0.0000000575069938,       0.0000000270215714,      -0.0000000299840131,       0.0000000270215714,      -0.0019976953733085,      -0.0000001883625661,      -0.0000000299840131,      -0.0000001883625661,       0.0011420633652198
        0.0000000605869289,       0.0000000000000001,      -0.0000000000000001,       0.0000000000000001,      -0.0019976742147716,      -0.0000004029840910,      -0.0000000000000001,      -0.0000004029840910,       0.0011420363505290
        0.0000000575069958,      -0.0000000270215714,       0.0000000299840130,      -0.0000000270215714,      -0.0019976953733080,      -0.0000001883625661,       0.0000000299840130,      -0.0000001883625661,       0.0011420633652200
        0.0000000490235947,      -0.0000000126380140,       0.0000000152572033,      -0.0000000126380140,      -0.0019977229386872,       0.0000000331217569,       0.0000000152572033,       0.0000000331217569,       0.0011421018145886
        0.0000000361790815,      -0.0000000055726037,       0.0000000112835637,      -0.0000000055726037,      -0.0019977268217956,       0.0000000019684544,       0.0000000112835637,       0.0000000019684544,       0.0011421191046834
        0.0000000198748521,      -0.0000000144041390,       0.0000000206338362,      -0.0000000144041390,      -0.0019977281942651,      -0.0000000093206764,       0.0000000206338362,      -0.0000000093206764,       0.0011421390395542
        0.0000000024866386,      -0.0000000132712903,       0.0000000188359418,      -0.0000000132712903,      -0.0019977350041095,       0.0000000055414148,       0.0000000188359418,       0.0000000055414148,       0.0011421656090594
       -0.0000000148569360,      -0.0000000124164203,       0.0000000184950155,      -0.0000000124164203,      -0.0019977405909670,      -0.0000000035625173,       0.0000000184950155,      -0.0000000035625173,       0.0011421907685195
       -0.0000000302595818,      -0.0000000121099655,       0.0000000164825785,      -0.0000000121099655,      -0.0019977468299299,       0.0000000014145955,       0.0000000164825785,       0.0000000014145955,       0.0011422150034152
       -0.0000000427884545,      -0.0000000086500036,       0.0000000122855368,      -0.0000000086500036,      -0.0019977527316752,      -0.0000000003107005,       0.0000000122855368,      -0.0000000003107005,       0.0011422352970533
       -0.0000000514918650,      -0.0000000059379423,       0.0000000080576546,      -0.0000000059379423,      -0.0019977569511583,       0.0000000003490954,       0.0000000080576546,       0.0000000003490954,       0.0011422498574596
       -0.0000000559677721,      -0.0000000019088786,       0.0000000025761399,      -0.0000000019088786,      -0.0019977594227303,       0.0000000003239157,       0.0000000025761399,       0.0000000003239157,       0.0011422575454383
       -0.0000000428109647,       0.0000000059693327,      -0.0000000029580199,       0.0000000059693327,      -0.0019977776363327,       0.0000000010127823,      -0.0000000029580199,       0.0000000010127823,       0.0011422674098055
       -0.0000000393093595,       0.0000000170464374,      -0.0000000070565023,       0.0000000170464374,      -0.0019977749787922,       0.0000000010671510,      -0.0000000070565023,       0.0000000010671510,       0.0011422606169615
       -0.0000000324157581,       0.0000000274355039,      -0.0000000126833300,       0.0000000274355039,      -0.0019977690449064,       0.0000000010598841,      -0.0000000126833300,       0.0000000010598841,       0.0011422473519073
       -0.0000000227811895,       0.0000000340298721,      -0.0000000148183887,       0.0000000340298721,      -0.0019977622531846,      -0.0000000009685137,      -0.0000000148183887,      -0.0000000009685137,       0.0011422292701194
       -0.0000000107415787,       0.0000000396741836,      -0.0000000179348761,       0.0000000396741836,      -0.0019977539077585,       0.0000000039939630,      -0.0000000179348761,       0.0000000039939630,       0.0011422084117503
        0.0000000021491015,       0.0000000402589449,      -0.0000000205529508,       0.0000000402589449,      -0.0019977441967911,      -0.0000000087122906,      -0.0000000205529508,      -0.0000000087122906,       0.0011421839472004
        0.0000000157237082,       0.0000000359151671,      -0.0000000110113844,       0.0000000359151671,      -0.0019977409865358,       0.0000000116603457,      -0.0000000110113844,       0.0000000116603457,       0.0011421664666603
        0.0000000271033177,       0.0000000364901865,      -0.0000000281561642,       0.0000000364901865,      -0.0019977266834608,      -0.0000000092267796,      -0.0000000281561642,      -0.0000000092267796,       0.0011421408135269
        0.0000000375209874,       0.0000000185494257,      -0.0000000012029735,       0.0000000185494257,      -0.0019977243707156,      -0.0000000464455978,      -0.0000000012029735,      -0.0000000464455978,       0.0011421245732840
        0.0000000433316079,      -0.0000000087211628,       0.0000000637755496,      -0.0000000087211628,      -0.0019977943728734,       0.0000002757733947,       0.0000000637755496,       0.0000002757733947,       0.0011421947705526
        0.0000000444602318,       0.0000000000000000,       0.0000000000000000,       0.0000000000000000,      -0.0019978515494548,       0.0000005794951104,       0.0000000000000000,       0.0000005794951104,       0.0011422598793547
        0.0000000433316087,       0.0000000087211626,      -0.0000000637755496,       0.0000000087211626,      -0.0019977943728748,       0.0000002757733950,      -0.0000000637755496,       0.0000002757733950,       0.0011421947705521
        0.0000000375209861,      -0.0000000185494257,       0.0000000012029733,      -0.0000000185494257,      -0.0019977243707145,      -0.0000000464455974,       0.0000000012029733,      -0.0000000464455974,       0.0011421245732851
        0.0000000271033177,      -0.0000000364901863,       0.0000000281561640,      -0.0000000364901863,      -0.0019977266834612,      -0.0000000092267793,       0.0000000281561640,      -0.0000000092267793,       0.0011421408135256
        0.0000000157237089,      -0.0000000359151670,       0.0000000110113848,      -0.0000000359151670,      -0.0019977409865358,       0.0000000116603461,       0.0000000110113848,       0.0000000116603461,       0.0011421664666603
        0.0000000021491023,      -0.0000000402589446,       0.0000000205529510,      -0.0000000402589446,      -0.0019977441967921,      -0.0000000087122904,       0.0000000205529510,      -0.0000000087122904,       0.0011421839471998
       -0.0000000107415791,      -0.0000000396741839,       0.0000000179348759,      -0.0000000396741839,      -0.0019977539077582,       0.0000000039939630,       0.0000000179348759,       0.0000000039939630,       0.0011422084117505
       -0.0000000227811903,      -0.0000000340298722,       0.0000000148183886,      -0.0000000340298722,      -0.0019977622531843,      -0.0000000009685137,       0.0000000148183886,      -0.0000000009685137,       0.0011422292701208
       -0.0000000324157585,      -0.0000000274355037,       0.0000000126833300,      -0.0000000274355037,      -0.0019977690449065,       0.0000000010598841,       0.0000000126833300,       0.0000000010598841,       0.0011422473519088
       -0.0000000393093604,      -0.0000000170464379,       0.0000000070565021,      -0.0000000170464379,      -0.0019977749787923,       0.0000000010671510,       0.0000000070565021,       0.0000000010671510,       0.0011422606169609
       -0.0000000428109652,      -0.0000000059693326,       0.0000000029580198,      -0.0000000059693326,      -0.0019977776363319,       0.0000000010127823,       0.0000000029580198,       0.0000000010127823,       0.0011422674098057
       -0.0000000172742798,       0.0000000096607502,      -0.0000000015977756,       0.0000000096607502,      -0.0019978139090338,       0.0000000022769477,      -0.0000000015977756,       0.0000000022769477,       0.0011422869175511
       -0.0000000154751695,       0.0000000285185251,      -0.0000000076241779,       0.0000000285185251,      -0.0019978098220948,       0.0000000017867662,      -0.0000000076241779,       0.0000000017867662,       0.0011422815949839
       -0.0000000122387130,       0.0000000443736646,      -0.0000000096930832,       0.0000000443736646,      -0.0019978035797722,       0.0000000021616550,      -0.0000000096930832,       0.0000000021616550,       0.0011422719358994
       -0.0000000077393613,       0.0000000578336130,      -0.0000000145762540,       0.0000000578336130,      -0.0019977932730726,       0.0000000039362541,      -0.0000000145762540,       0.0000000039362541,       0.0011422589024940
       -0.0000000028571389,       0.0000000645569117,      -0.0000000161827106,       0.0000000645569117,      -0.0019977822776438,      -0.0000000030890365,      -0.0000000161827106,      -0.0000000030890365,       0.0011422427164360
        0.0000000023841211,       0.0000000670653821,      -0.0000000120322946,       0.0000000670653821,      -0.0019977728944610,       0.0000000151226905,      -0.0000000120322946,       0.0000000151226905,       0.0011422306891475
        0.0000000064138248,       0.0000000645372150,      -0.0000000265561141,       0.0000000645372150,      -0.0019977555031315,      -0.0000000175606227,      -0.0000000265561141,      -0.0000000175606227,       0.0011422098003158
        0.0000000113885340,       0.0000000494175223,       0.0000000075254343,       0.0000000494175223,      -0.0019977583744628,       0.0000000181003422,       0.0000000075254343,       0.0000000181003422,       0.0011422078041368
        0.0000000116146196,       0.0000000415924113,      -0.0000000204560064,       0.0000000415924113,      -0.0019977492925473,       0.0000000704665347,      -0.0000000204560064,       0.0000000704665347,       0.0011422053767133
        0.0000000145600250,       0.0000000352578983,      -0.0000001122935034,       0.0000000352578983,      -0.0019976404374715,      -0.0000004349588934,      -0.0000001122935034,      -0.0000004349588934,       0.0011420781445508
        0.0000000184468947,      -0.0000000000000001,       0.0000000000000002,      -0.0000000000000001,      -0.0019975552529585,      -0.0000009047552178,       0.0000000000000002,      -0.0000009047552178,       0.0011419685794645
        0.0000000145600256,      -0.0000000352578984,       0.0000001122935039,      -0.0000000352578984,      -0.0019976404374717,      -0.0000004349588930,       0.0000001122935039,      -0.0000004349588930,       0.0011420781445499
        0.0000000116146183,      -0.0000000415924113,       0.0000000204560060,      -0.0000000415924113,      -0.0019977492925471,       0.0000000704665349,       0.0000000204560060,       0.0000000704665349,       0.0011422053767137
        0.0000000113885342,      -0.0000000494175223,      -0.0000000075254345,      -0.0000000494175223,      -0.0019977583744638,       0.0000000181003424,      -0.0000000075254345,       0.0000000181003424,       0.0011422078041357
        0.0000000064138250,      -0.0000000645372147,       0.0000000265561144,      -0.0000000645372147,      -0.0019977555031312,      -0.0000000175606224,       0.0000000265561144,      -0.0000000175606224,       0.0011422098003149
        0.0000000023841220,      -0.0000000670653820,       0.0000000120322944,      -0.0000000670653820,      -0.0019977728944617,       0.0000000151226905,       0.0000000120322944,       0.0000000151226905,       0.0011422306891473
       -0.0000000028571384,      -0.0000000645569117,       0.0000000161827108,      -0.0000000645569117,      -0.0019977822776442,      -0.0000000030890366,       0.0000000161827108,      -0.0000000030890366,       0.0011422427164369
       -0.0000000077393607,      -0.0000000578336131,       0.0000000145762540,      -0.0000000578336131,      -0.0019977932730711,       0.0000000039362543,       0.0000000145762540,       0.0000000039362543,       0.0011422589024960
       -0.0000000122387137,      -0.0000000443736649,       0.0000000096930831,      -0.0000000443736649,      -0.0019978035797703,       0.0000000021616551,       0.0000000096930831,       0.0000000021616551,       0.0011422719359014
       -0.0000000154751694,      -0.0000000285185252,       0.0000000076241779,      -0.0000000285185252,      -0.0019978098220929,       0.0000000017867661,       0.0000000076241779,       0.0000000017867661,       0.0011422815949839
       -0.0000000172742807,      -0.0000000096607501,       0.0000000015977755,      -0.0000000096607501,      -0.0019978139090329,       0.0000000022769477,       0.0000000015977755,       0.0000000022769477,       0.0011422869175500
        0.0000000191006324,       0.0000000132059591,      -0.0000000029574959,       0.0000000132059591,      -0.0019978661690561,       0.0000000031590437,      -0.0000000029574959,       0.0000000031590437,       0.0011423149789414
        0.0000000184874455,       0.0000000383712430,      -0.0000000041808992,       0.0000000383712430,      -0.0019978625207116,       0.0000000043047570,      -0.0000000041808992,       0.0000000043047570,       0.0011423126300175
        0.0000000169594676,       0.0000000611127649,      -0.0000000092367043,       0.0000000611127649,      -0.0019978536944186,       0.0000000045673626,      -0.0000000092367043,       0.0000000045673626,       0.0011423086202932
        0.0000000140509157,       0.0000000778965043,      -0.0000000102442732,       0.0000000778965043,      -0.0019978436902051,       0.0000000031288371,      -0.0000000102442732,       0.0000000031288371,       0.0011423031752600
        0.0000000091393627,       0.0000000896281044,      -0.0000000090506314,       0.0000000896281044,      -0.0019978306939265,       0.0000000156605856,      -0.0000000090506314,       0.0000000156605856,       0.0011423011496662
        0.0000000024645411,       0.0000000920665678,      -0.0000000187362739,       0.0000000920665678,      -0.0019978147746901,      -0.0000000093948862,      -0.0000000187362739,      -0.0000000093948862,       0.0011422938712137
       -0.0000000049386239,       0.0000000861017765,       0.0000000059656587,       0.0000000861017765,      -0.0019978096659608,       0.0000000416561146,       0.0000000059656587,       0.0000000416561146,       0.0011423020416512
       -0.0000000157243390,       0.0000000752720556,      -0.0000000318720299,       0.0000000752720556,      -0.0019977855384142,      -0.0000000064799537,      -0.0000000318720299,      -0.0000000064799537,       0.0011422940464781
       -0.0000000175228926,       0.0000000518694611,       0.0000000003662999,       0.0000000518694611,      -0.0019977789902345,      -0.0000000875475886,       0.0000000003662999,      -0.0000000875475886,       0.0011422817687811
       -0.0000000249488046,       0.0000000232116124,       0.0000001271976436,       0.0000000232116124,      -0.0019978847742992,       0.0000006464524240,       0.0000001271976436,       0.0000006464524240,       0.0011424290876463
       -0.0000000341358125,       0.0000000000000002,       0.0000000000000002,       0.0000000000000002,      -0.0019979714079481,       0.0000013333056144,       0.0000000000000002,       0.0000013333056144,       0.0011425646485504
       -0.0000000249488052,      -0.0000000232116126,      -0.0000001271976434,      -0.0000000232116126,      -0.0019978847743000,       0.0000006464524234,      -0.0000001271976434,       0.0000006464524234,       0.0011424290876438
       -0.0000000175228922,      -0.0000000518694613,      -0.0000000003663000,      -0.0000000518694613,      -0.0019977789902341,      -0.0000000875475889,      -0.0000000003663000,      -0.0000000875475889,       0.0011422817687815
       -0.0000000157243396,      -0.0000000752720554,       0.0000000318720299,      -0.0000000752720554,      -0.0019977855384151,      -0.0000000064799536,       0.0000000318720299,      -0.0000000064799536,       0.0011422940464770
       -0.0000000049386229,      -0.0000000861017764,      -0.0000000059656588,      -0.0000000861017764,      -0.0019978096659621,       0.0000000416561144,      -0.0000000059656588,       0.0000000416561144,       0.0011423020416506
        0.0000000024645409,      -0.0000000920665679,       0.0000000187362738,      -0.0000000920665679,      -0.0019978147746904,      -0.0000000093948864,       0.0000000187362738,      -0.0000000093948864,       0.0011422938712148
        0.0000000091393643,      -0.0000000896281043,       0.0000000090506314,      -0.0000000896281043,      -0.0019978306939257,       0.0000000156605856,       0.0000000090506314,       0.0000000156605856,       0.0011423011496675
        0.0000000140509150,      -0.0000000778965041,       0.0000000102442733,      -0.0000000778965041,      -0.0019978436902049,       0.0000000031288366,       0.0000000102442733,       0.0000000031288366,       0.0011423031752607
        0.0000000169594663,      -0.0000000611127653,       0.0000000092367043,      -0.0000000611127653,      -0.0019978536944185,       0.0000000045673625,       0.0000000092367043,       0.0000000045673625,       0.0011423086202930
        0.0000000184874472,      -0.0000000383712429,       0.0000000041808991,      -0.0000000383712429,      -0.0019978625207094,       0.0000000043047574,       0.0000000041808991,       0.0000000043047574,       0.0011423126300188
        0.0000000191006309,      -0.0000000132059591,       0.0000000029574958,      -0.0000000132059591,      -0.0019978661690560,       0.0000000031590439,       0.0000000029574958,       0.0000000031590439,       0.0011423149789409
        0.0000000637234092,       0.0000000158425797,       0.0000000003609632,       0.0000000158425797,      -0.0019979324939845,       0.0000000050225282,       0.0000000003609632,       0.0000000050225282,       0.0011423500818944
        0.0000000603224499,       0.0000000465313222,      -0.0000000042049869,       0.0000000465313222,      -0.0019979281043371,       0.0000000053806858,      -0.0000000042049869,       0.0000000053806858,       0.0011423520539184
        0.0000000534155744,       0.0000000734342822,      -0.0000000043043579,       0.0000000734342822,      -0.0019979217189553,       0.0000000063849880,      -0.0000000043043579,       0.0000000063849880,       0.0011423554470318
        0.0000000411450929,       0.0000000953442121,      -0.0000000028658790,       0.0000000953442121,      -0.0019979104503242,       0.0000000148861268,      -0.0000000028658790,       0.0000000148861268,       0.0011423648387108
        0.0000000249562339,       0.0000001079879826,      -0.0000000101858361,       0.0000001079879826,      -0.0019978987997334,       0.0000000008359368,      -0.0000000101858361,       0.0000000008359368,       0.0011423733484232
        0.0000000033472508,       0.0000001130447589,       0.0000000088150968,       0.0000001130447589,      -0.0019978881921840,       0.0000000441536065,       0.0000000088150968,       0.0000000441536065,       0.0011423956234439
       -0.0000000215247953,       0.0000001051036015,      -0.0000000208829900,       0.0000001051036015,      -0.0019978698923642,      -0.0000000155648738,      -0.0000000208829900,      -0.0000000155648738,       0.0011424068588023
       -0.0000000402322458,       0.0000000912600036,       0.0000000192630776,       0.0000000912600036,      -0.0019978705811159,       0.0000000443524036,       0.0000000192630776,       0.0000000443524036,       0.0011424299430187
       -0.0000000693298470,       0.0000000652449071,       0.0000000055515711,       0.0000000652449071,      -0.0019978591988519,       0.0000001786724973,       0.0000000055515711,       0.0000001786724973,       0.0011424707198054
       -0.0000000798685124,       0.0000000238933642,      -0.0000001289258257,       0.0000000238933642,      -0.0019977711951545,      -0.0000007698293361,      -0.0000001289258257,      -0.0000007698293361,       0.0011423428500268
       -0.0000000719099140,      -0.0000000000000001,       0.0000000000000000,      -0.0000000000000001,      -0.0019977064434767,      -0.0000016818118132,       0.0000000000000000,      -0.0000016818118132,       0.0011422069398220
       -0.0000000798685125,      -0.0000000238933643,       0.0000001289258257,      -0.0000000238933643,      -0.0019977711951558,      -0.0000007698293360,       0.0000001289258257,      -0.0000007698293360,       0.0011423428500261
       -0.0000000693298465,      -0.0000000652449071,      -0.0000000055515708,      -0.0000000652449071,      -0.0019978591988509,       0.0000001786724974,      -0.0000000055515708,       0.0000001786724974,       0.0011424707198057
       -0.0000000402322462,      -0.0000000912600035,      -0.0000000192630777,      -0.0000000912600035,      -0.0019978705811161,       0.0000000443524035,      -0.0000000192630777,       0.0000000443524035,       0.0011424299430169
       -0.0000000215247941,      -0.0000001051036015,       0.0000000208829897,      -0.0000001051036015,      -0.0019978698923637,      -0.0000000155648738,       0.0000000208829897,      -0.0000000155648738,       0.0011424068588023
        0.0000000033472497,      -0.0000001130447588,      -0.0000000088150968,      -0.0000001130447588,      -0.0019978881921844,       0.0000000441536065,      -0.0000000088150968,       0.0000000441536065,       0.0011423956234432
        0.0000000249562345,      -0.0000001079879828,       0.0000000101858359,      -0.0000001079879828,      -0.0019978987997338,       0.0000000008359366,       0.0000000101858359,       0.0000000008359366,       0.0011423733484229
        0.0000000411450918,      -0.0000000953442123,       0.0000000028658792,      -0.0000000953442123,      -0.0019979104503244,       0.0000000148861267,       0.0000000028658792,       0.0000000148861267,       0.0011423648387117
        0.0000000534155735,      -0.0000000734342818,       0.0000000043043582,      -0.0000000734342818,      -0.0019979217189554,       0.0000000063849879,       0.0000000043043582,       0.0000000063849879,       0.0011423554470318
        0.0000000603224499,      -0.0000000465313222,       0.0000000042049867,      -0.0000000465313222,      -0.0019979281043357,       0.0000000053806856,       0.0000000042049867,       0.0000000053806856,       0.0011423520539194
        0.0000000637234090,      -0.0000000158425797,      -0.0000000003609634,      -0.0000000158425797,      -0.0019979324939833,       0.0000000050225281,      -0.0000000003609634,       0.0000000050225281,       0.0011423500818956
        0.0000001129037704,       0.0000000173076047,      -0.0000000014441216,       0.0000000173076047,      -0.0019980071384892,       0.0000000061698608,      -0.0000000014441216,       0.0000000061698608,       0.0011423899272917
        0.0000001072709436,       0.0000000508403677,       0.0000000000538533,       0.0000000508403677,      -0.0019980052108153,       0.0000000061431305,       0.0000000000538533,       0.0000000061431305,       0.0011423960133821
        0.0000000932696411,       0.0000000808497107,       0.0000000030168431,       0.0000000808497107,      -0.0019979993644672,       0.0000000137189234,       0.0000000030168431,       0.0000000137189234,       0.0011424127452840
        0.0000000732229331,       0.0000001039731527,      -0.0000000033512095,       0.0000001039731527,      -0.0019979941405525,       0.0000000051581074,      -0.0000000033512095,       0.0000000051581074,       0.0011424330036937
        0.0000000417277367,       0.0000001202737610,       0.0000000164495846,       0.0000001202737610,      -0.0019979851751101,       0.0000000389722458,       0.0000000164495846,       0.0000000389722458,       0.0011424704546481
        0.0000000047748406,       0.0000001217433532,      -0.0000000081530033,       0.0000001217433532,      -0.0019979772840777,      -0.0000000055930435,      -0.0000000081530033,      -0.0000000055930435,       0.0011425049144717
       -0.0000000341491573,       0.0000001209711945,       0.0000000259950637,       0.0000001209711945,      -0.0019979715257669,       0.0000000725925927,       0.0000000259950637,       0.0000000725925927,       0.0011425511678756
       -0.0000000831419852,       0.0000000939199328,       0.0000000029121294,       0.0000000939199328,      -0.0019979589336088,       0.0000000367573537,       0.0000000029121294,       0.0000000367573537,       0.0011426017587899
       -0.0000001064346497,       0.0000000705343801,      -0.0000000126087598,       0.0000000705343801,      -0.0019979671732858,      -0.0000001473665036,      -0.0000000126087598,      -0.0000001473665036,       0.0011426102686204
       -0.0000001309416910,       0.0000000650763719,       0.0000001025230312,       0.0000000650763719,      -0.0019979847397547,       0.0000009559283963,       0.0000001025230312,       0.0000009559283963,       0.0011427331197736
       -0.0000001570056519,      -0.0000000000000002,       0.0000000000000001,      -0.0000000000000002,      -0.0019979873535919,       0.0000020538584582,       0.0000000000000001,       0.0000020538584582,       0.0011428572815975
       -0.0000001309416908,      -0.0000000650763718,      -0.0000001025230313,      -0.0000000650763718,      -0.0019979847397549,       0.0000009559283963,      -0.0000001025230313,       0.0000009559283963,       0.0011427331197723
       -0.0000001064346505,      -0.0000000705343800,       0.0000000126087601,      -0.0000000705343800,      -0.0019979671732858,      -0.0000001473665037,       0.0000000126087601,      -0.0000001473665037,       0.0011426102686197
       -0.0000000831419846,      -0.0000000939199329,      -0.0000000029121296,      -0.0000000939199329,      -0.0019979589336092,       0.0000000367573538,      -0.0000000029121296,       0.0000000367573538,       0.0011426017587899
       -0.0000000341491566,      -0.0000001209711945,      -0.0000000259950639,      -0.0000001209711945,      -0.0019979715257672,       0.0000000725925927,      -0.0000000259950639,       0.0000000725925927,       0.0011425511678759
        0.0000000047748411,      -0.0000001217433530,       0.0000000081530032,      -0.0000001217433530,      -0.0019979772840789,      -0.0000000055930433,       0.0000000081530032,      -0.0000000055930433,       0.0011425049144705
        0.0000000417277352,      -0.0000001202737611,      -0.0000000164495849,      -0.0000001202737611,      -0.0019979851751107,       0.0000000389722461,      -0.0000000164495849,       0.0000000389722461,       0.0011424704546465
        0.0000000732229326,      -0.0000001039731532,       0.0000000033512099,      -0.0000001039731532,      -0.0019979941405517,       0.0000000051581076,       0.0000000033512099,       0.0000000051581076,       0.0011424330036941
        0.0000000932696420,      -0.0000000808497107,      -0.0000000030168428,      -0.0000000808497107,      -0.0019979993644669,       0.0000000137189236,      -0.0000000030168428,       0.0000000137189236,       0.0011424127452854
        0.0000001072709427,      -0.0000000508403671,      -0.0000000000538534,      -0.0000000508403671,      -0.0019980052108151,       0.0000000061431305,      -0.0000000000538534,       0.0000000061431305,       0.0011423960133836
        0.0000001129037696,      -0.0000000173076048,       0.0000000014441215,      -0.0000000173076048,      -0.0019980071384886,       0.0000000061698608,       0.0000000014441215,       0.0000000061698608,       0.0011423899272930
        0.0000001629489468,       0.0000000173724425,       0.0000000004637401,       0.0000000173724425,      -0.0019980847635727,       0.0000000052020034,       0.0000000004637401,       0.0000000052020034,       0.0011424298576175
        0.0000001532042317,       0.0000000503518908,       0.0000000060280344,       0.0000000503518908,      -0.0019980838869282,       0.0000000124893446,       0.0000000060280344,       0.0000000124893446,       0.0011424446316808
        0.0000001363390585,       0.0000000799006443,       0.0000000003338748,       0.0000000799006443,      -0.0019980850201066,       0.0000000028656248,       0.0000000003338748,       0.0000000028656248,       0.0011424679371576
        0.0000001030180374,       0.0000001045555907,       0.0000000232224088,       0.0000001045555907,      -0.0019980821427959,       0.0000000325338957,       0.0000000232224088,       0.0000000325338957,       0.0011425144278271
        0.0000000616156262,       0.0000001163100275,       0.0000000012235222,       0.0000001163100275,      -0.0019980851853907,      -0.0000000003507935,       0.0000000012235222,      -0.0000000003507935,       0.0011425654919189
        0.0000000084009835,       0.0000001281285594,       0.0000000347322108,       0.0000001281285594,      -0.0019980794398743,       0.0000000639175104,       0.0000000347322108,       0.0000000639175104,       0.0011426320895884
       -0.0000000570852424,       0.0000001085046622,       0.0000000198009422,       0.0000001085046622,      -0.0019980841649278,       0.0000000124787781,       0.0000000198009422,       0.0000000124787781,       0.0011427124307337
       -0.0000001060725618,       0.0000001054352100,       0.0000000050762939,       0.0000001054352100,      -0.0019980869405469,       0.0000000266776495,       0.0000000050762939,       0.0000000266776495,       0.0011427613456731
       -0.0000001645592670,       0.0000000763223660,       0.0000000496299727,       0.0000000763223660,      -0.0019980533973734,       0.0000002738570909,       0.0000000496299727,       0.0000002738570909,       0.0011428363740291
       -0.0000002020367199,      -0.0000000053921010,      -0.0000000282724217,      -0.0000000053921010,      -0.0019981226622226,      -0.0000008516710136,      -0.0000000282724217,      -0.0000008516710136,       0.0011428480142752
       -0.0000001915469545,       0.0000000000000001,       0.0000000000000001,       0.0000000000000001,      -0.0019982102208845,      -0.0000020343675569,       0.0000000000000001,      -0.0000020343675569,       0.0011428012876108
       -0.0000002020367187,       0.0000000053921011,       0.0000000282724216,       0.0000000053921011,      -0.0019981226622239,      -0.0000008516710137,       0.0000000282724216,      -0.0000008516710137,       0.0011428480142734
       -0.0000001645592677,      -0.0000000763223660,      -0.0000000496299724,      -0.0000000763223660,      -0.0019980533973722,       0.0000002738570908,      -0.0000000496299724,       0.0000002738570908,       0.0011428363740298
       -0.0000001060725618,      -0.0000001054352102,      -0.0000000050762938,      -0.0000001054352102,      -0.0019980869405472,       0.0000000266776494,      -0.0000000050762938,       0.0000000266776494,       0.0011427613456727
       -0.0000000570852429,      -0.0000001085046624,      -0.0000000198009424,      -0.0000001085046624,      -0.0019980841649290,       0.0000000124787782,      -0.0000000198009424,       0.0000000124787782,       0.0011427124307328
        0.0000000084009832,      -0.0000001281285592,      -0.0000000347322111,      -0.0000001281285592,      -0.0019980794398767,       0.0000000639175102,      -0.0000000347322111,       0.0000000639175102,       0.0011426320895869
        0.0000000616156230,      -0.0000001163100276,      -0.0000000012235220,      -0.0000001163100276,      -0.0019980851853924,      -0.0000000003507935,      -0.0000000012235220,      -0.0000000003507935,       0.0011425654919183
        0.0000001030180372,      -0.0000001045555909,      -0.0000000232224085,      -0.0000001045555909,      -0.0019980821427957,       0.0000000325338960,      -0.0000000232224085,       0.0000000325338960,       0.0011425144278273
        0.0000001363390603,      -0.0000000799006443,      -0.0000000003338747,      -0.0000000799006443,      -0.0019980850201034,       0.0000000028656248,      -0.0000000003338747,       0.0000000028656248,       0.0011424679371589
        0.0000001532042297,      -0.0000000503518908,      -0.0000000060280345,      -0.0000000503518908,      -0.0019980838869275,       0.0000000124893447,      -0.0000000060280345,       0.0000000124893447,       0.0011424446316801
        0.0000001629489448,      -0.0000000173724423,      -0.0000000004637404,      -0.0000000173724423,      -0.0019980847635719,       0.0000000052020035,      -0.0000000004637404,       0.0000000052020035,       0.0011424298576184
        0.0000002075704186,       0.0000000146930354,       0.0000000083844631,       0.0000000146930354,      -0.0019981562626683,       0.0000000089480949,       0.0000000083844631,       0.0000000089480949,       0.0011424685175366
        0.0000001980564104,       0.0000000446890275,      -0.0000000014118797,       0.0000000446890275,      -0.0019981601232151,      -0.0000000007003796,      -0.0000000014118797,      -0.0000000007003796,       0.0011424851568728
        0.0000001717490357,       0.0000000712940716,       0.0000000247625959,       0.0000000712940716,      -0.0019981625195513,       0.0000000258853993,       0.0000000247625959,       0.0000000258853993,       0.0011425279110581
        0.0000001344537595,       0.0000000893236818,       0.0000000079271501,       0.0000000893236818,      -0.0019981745513129,      -0.0000000025083104,       0.0000000079271501,      -0.0000000025083104,       0.0011425844323634
        0.0000000795881004,       0.0000001097324424,       0.0000000361466924,       0.0000001097324424,      -0.0019981741625263,       0.0000000458637463,       0.0000000361466924,       0.0000000458637463,       0.0011426603374801
        0.0000000059969373,       0.0000001008123854,       0.0000000403439156,       0.0000001008123854,      -0.0019981946181404,       0.0000000133852291,       0.0000000403439156,       0.0000000133852291,       0.0011427646445625
       -0.0000000639960025,       0.0000001117152691,       0.0000000071656440,       0.0000001117152691,      -0.0019981914786427,       0.0000000434035685,       0.0000000071656440,       0.0000000434035685,       0.0011428398100314
       -0.0000001440917087,       0.0000000821195394,       0.0000000832447828,       0.0000000821195394,      -0.0019981917425875,       0.0000000944049713,       0.0000000832447828,       0.0000000944049713,       0.0011429536833194
       -0.0000002121281815,       0.0000000506156649,      -0.0000000128873091,       0.0000000506156649,      -0.0019982615416090,      -0.0000001618264154,      -0.0000000128873091,      -0.0000001618264154,       0.0011430394472456
       -0.0000002370623894,       0.0000000842280562,      -0.0000000283130026,       0.0000000842280562,      -0.0019980965873706,       0.0000008509284237,      -0.0000000283130026,       0.0000008509284237,       0.0011430215192773
       -0.0000002802731303,       0.0000000000000000,       0.0000000000000000,       0.0000000000000000,      -0.0019978986616144,       0.0000019851907032,       0.0000000000000000,       0.0000019851907032,       0.0011430199415757
       -0.0000002370623886,      -0.0000000842280561,       0.0000000283130027,      -0.0000000842280561,      -0.0019980965873715,       0.0000008509284238,       0.0000000283130027,       0.0000008509284238,       0.0011430215192750
       -0.0000002121281836,      -0.0000000506156649,       0.0000000128873092,      -0.0000000506156649,      -0.0019982615416099,      -0.0000001618264152,       0.0000000128873092,      -0.0000001618264152,       0.0011430394472440
       -0.0000001440917082,      -0.0000000821195395,      -0.0000000832447828,      -0.0000000821195395,      -0.0019981917425881,       0.0000000944049712,      -0.0000000832447828,       0.0000000944049712,       0.0011429536833192
       -0.0000000639960014,      -0.0000001117152691,      -0.0000000071656439,      -0.0000001117152691,      -0.0019981914786427,       0.0000000434035683,      -0.0000000071656439,       0.0000000434035683,       0.0011428398100320
        0.0000000059969382,      -0.0000001008123857,      -0.0000000403439160,      -0.0000001008123857,      -0.0019981946181408,       0.0000000133852293,      -0.0000000403439160,       0.0000000133852293,       0.0011427646445621
        0.0000000795880971,      -0.0000001097324428,      -0.0000000361466922,      -0.0000001097324428,      -0.0019981741625280,       0.0000000458637463,      -0.0000000361466922,       0.0000000458637463,       0.0011426603374792
        0.0000001344537615,      -0.0000000893236814,      -0.0000000079271500,      -0.0000000893236814,      -0.0019981745513131,      -0.0000000025083105,      -0.0000000079271500,      -0.0000000025083105,       0.0011425844323645
        0.0000001717490354,      -0.0000000712940713,      -0.0000000247625960,      -0.0000000712940713,      -0.0019981625195523,       0.0000000258853991,      -0.0000000247625960,       0.0000000258853991,       0.0011425279110583
        0.0000001980564086,      -0.0000000446890277,       0.0000000014118798,      -0.0000000446890277,      -0.0019981601232157,      -0.0000000007003800,       0.0000000014118798,      -0.0000000007003800,       0.0011424851568741
        0.0000002075704184,      -0.0000000146930352,      -0.0000000083844632,      -0.0000000146930352,      -0.0019981562626669,       0.0000000089480947,      -0.0000000083844632,       0.0000000089480947,       0.0011424685175386
        0.0000002437528485,       0.0000000118547603,      -0.0000000164412983,       0.0000000118547603,      -0.0019982156372882,       0.0000000023685665,      -0.0000000164412983,       0.0000000023685665,       0.0011424987416772
        0.0000002333542549,       0.0000000333701596,       0.0000000256153161,       0.0000000333701596,      -0.0019982189201983,       0.0000000126588420,       0.0000000256153161,       0.0000000126588420,       0.0011425208453356
