        0.0000032999018785,       0.0000000000165168,      -0.0000000000443475,       0.0000000000165168,      -0.0000227702398670,       0.0000000000027789,      -0.0000000000443475,       0.0000000000027789,       0.0000194703379885
        0.0000032999316025,       0.0000000000513838,      -0.0000000001387206,       0.0000000000513838,      -0.0000227701270616,       0.0000000000030026,      -0.0000000001387206,       0.0000000000030026,       0.0000194701954591
        0.0000032999972985,       0.0000000000748519,      -0.0000000002115008,       0.0000000000748519,      -0.0000227699290590,      -0.0000000000026991,      -0.0000000002115008,      -0.0000000000026991,       0.0000194699317604
        0.0000033000941105,       0.0000000001047999,      -0.0000000002837616,       0.0000000001047999,      -0.0000227696579901,       0.0000000000122215,      -0.0000000002837616,       0.0000000000122215,       0.0000194695638796
        0.0000033002267989,       0.0000000001074553,      -0.0000000003184062,       0.0000000001074553,      -0.0000227693622736,      -0.0000000000307802,      -0.0000000003184062,      -0.0000000000307802,       0.0000194691354747
        0.0000033003954160,       0.0000000001148587,      -0.0000000003242628,       0.0000000001148587,      -0.0000227690980681,       0.0000000000478717,      -0.0000000003242628,       0.0000000000478717,       0.0000194687026521
        0.0000033005482254,       0.0000000001246751,      -0.0000000003552541,       0.0000000001246751,      -0.0000227687815029,      -0.0000000000804714,      -0.0000000003552541,      -0.0000000000804714,       0.0000194682332774
        0.0000033007588120,       0.0000000000482276,      -0.0000000001942013,       0.0000000000482276,      -0.0000227686903442,       0.0000000000169597,      -0.0000000001942013,       0.0000000000169597,       0.0000194679315322
        0.0000033008868925,       0.0000000001093800,      -0.0000000002626740,       0.0000000001093800,      -0.0000227685203030,       0.0000000002862388,      -0.0000000002626740,       0.0000000002862388,       0.0000194676334105
        0.0000033006361545,       0.0000000002338955,      -0.0000000005164648,       0.0000000002338955,      -0.0000227673515309,      -0.0000000016264685,      -0.0000000005164648,      -0.0000000016264685,       0.0000194667153764
        0.0000033003956234,       0.0000000000000000,       0.0000000000000000,       0.0000000000000000,      -0.0000227664419498,      -0.0000000034801455,       0.0000000000000000,      -0.0000000034801455,       0.0000194660463264
        0.0000033006361545,      -0.0000000002338955,       0.0000000005164648,      -0.0000000002338955,      -0.0000227673515309,      -0.0000000016264685,       0.0000000005164648,      -0.0000000016264685,       0.0000194667153764
        0.0000033008868925,      -0.0000000001093800,       0.0000000002626740,      -0.0000000001093800,      -0.0000227685203030,       0.0000000002862388,       0.0000000002626740,       0.0000000002862388,       0.0000194676334105
        0.0000033007588120,      -0.0000000000482276,       0.0000000001942013,      -0.0000000000482276,      -0.0000227686903442,       0.0000000000169597,       0.0000000001942013,       0.0000000000169597,       0.0000194679315323
        0.0000033005482254,      -0.0000000001246751,       0.0000000003552541,      -0.0000000001246751,      -0.0000227687815029,      -0.0000000000804714,       0.0000000003552541,      -0.0000000000804714,       0.0000194682332775
        0.0000033003954160,      -0.0000000001148587,       0.0000000003242628,      -0.0000000001148587,      -0.0000227690980681,       0.0000000000478717,       0.0000000003242628,       0.0000000000478717,       0.0000194687026521
        0.0000033002267989,      -0.0000000001074553,       0.0000000003184062,      -0.0000000001074553,      -0.0000227693622736,      -0.0000000000307802,       0.0000000003184062,      -0.0000000000307802,       0.0000194691354747
        0.0000033000941105,      -0.0000000001047999,       0.0000000002837616,      -0.0000000001047999,      -0.0000227696579900,       0.0000000000122215,       0.0000000002837616,       0.0000000000122215,       0.0000194695638796
        0.0000032999972985,      -0.0000000000748519,       0.0000000002115008,      -0.0000000000748519,      -0.0000227699290589,      -0.0000000000026991,       0.0000000002115008,      -0.0000000000026991,       0.0000194699317604
        0.0000032999316025,      -0.0000000000513838,       0.0000000001387206,      -0.0000000000513838,      -0.0000227701270616,       0.0000000000030026,       0.0000000001387206,       0.0000000000030026,       0.0000194701954591
        0.0000032999018785,      -0.0000000000165168,       0.0000000000443475,      -0.0000000000165168,      -0.0000227702398669,       0.0000000000027789,       0.0000000000443475,       0.0000000000027789,       0.0000194703379885
        0.0000033003307807,       0.0000000000516541,      -0.0000000000509340,       0.0000000000516541,      -0.0000227710535994,       0.0000000000086972,      -0.0000000000509340,       0.0000000000086972,       0.0000194707228187
        0.0000033003442964,       0.0000000001475064,      -0.0000000001214738,       0.0000000001475064,      -0.0000227709348115,       0.0000000000091648,      -0.0000000001214738,       0.0000000000091648,       0.0000194705905151
        0.0000033003613559,       0.0000000002374158,      -0.0000000002183618,       0.0000000002374158,      -0.0000227706833695,       0.0000000000091175,      -0.0000000002183618,       0.0000000000091175,       0.0000194703220136
        0.0000033004054728,       0.0000000002944894,      -0.0000000002550983,       0.0000000002944894,      -0.0000227703790812,      -0.0000000000084051,      -0.0000000002550983,      -0.0000000000084051,       0.0000194699736084
        0.0000033004622604,       0.0000000003433524,      -0.0000000003087472,       0.0000000003433524,      -0.0000227700268910,       0.0000000000344968,      -0.0000000003087472,       0.0000000000344968,       0.0000194695646305
        0.0000033005127617,       0.0000000003484305,      -0.0000000003538524,       0.0000000003484305,      -0.0000227695988525,      -0.0000000000752374,      -0.0000000003538524,      -0.0000000000752374,       0.0000194690860908
        0.0000033006599555,       0.0000000003108419,      -0.0000000001894593,       0.0000000003108419,      -0.0000227694543256,       0.0000000001007346,      -0.0000000001894593,       0.0000000001007346,       0.0000194687943701
        0.0000033006272430,       0.0000000003158387,      -0.0000000004848462,       0.0000000003158387,      -0.0000227688640250,      -0.0000000000795366,      -0.0000000004848462,      -0.0000000000795366,       0.0000194682367821
        0.0000033007425922,       0.0000000001605629,      -0.0000000000206510,       0.0000000001605629,      -0.0000227687175380,      -0.0000000004012110,      -0.0000000000206510,      -0.0000000004012110,       0.0000194679749459
        0.0000033017625343,      -0.0000000000754905,       0.0000000010987448,      -0.0000000000754905,      -0.0000227716785155,       0.0000000023814063,       0.0000000010987448,       0.0000000023814063,       0.0000194699159812
        0.0000033025440949,       0.0000000000000000,       0.0000000000000000,       0.0000000000000000,      -0.0000227741556022,       0.0000000050045201,       0.0000000000000000,       0.0000000050045201,       0.0000194716115072
        0.0000033017625343,       0.0000000000754905,      -0.0000000010987448,       0.0000000000754905,      -0.0000227716785156,       0.0000000023814063,      -0.0000000010987448,       0.0000000023814063,       0.0000194699159813
        0.0000033007425922,      -0.0000000001605629,       0.0000000000206510,      -0.0000000001605629,      -0.0000227687175381,      -0.0000000004012110,       0.0000000000206510,      -0.0000000004012110,       0.0000194679749459
        0.0000033006272430,      -0.0000000003158387,       0.0000000004848462,      -0.0000000003158387,      -0.0000227688640250,      -0.0000000000795366,       0.0000000004848462,      -0.0000000000795366,       0.0000194682367821
        0.0000033006599555,      -0.0000000003108419,       0.0000000001894593,      -0.0000000003108419,      -0.0000227694543256,       0.0000000001007346,       0.0000000001894593,       0.0000000001007346,       0.0000194687943701
        0.0000033005127617,      -0.0000000003484305,       0.0000000003538524,      -0.0000000003484305,      -0.0000227695988525,      -0.0000000000752374,       0.0000000003538524,      -0.0000000000752374,       0.0000194690860908
        0.0000033004622604,      -0.0000000003433524,       0.0000000003087472,      -0.0000000003433524,      -0.0000227700268909,       0.0000000000344968,       0.0000000003087472,       0.0000000000344968,       0.0000194695646305
        0.0000033004054728,      -0.0000000002944894,       0.0000000002550983,      -0.0000000002944894,      -0.0000227703790812,      -0.0000000000084051,       0.0000000002550983,      -0.0000000000084051,       0.0000194699736084
        0.0000033003613559,      -0.0000000002374158,       0.0000000002183618,      -0.0000000002374158,      -0.0000227706833695,       0.0000000000091175,       0.0000000002183618,       0.0000000000091175,       0.0000194703220136
        0.0000033003442964,      -0.0000000001475064,       0.0000000001214738,      -0.0000000001475064,      -0.0000227709348115,       0.0000000000091648,       0.0000000001214738,       0.0000000000091648,       0.0000194705905151
        0.0000033003307807,      -0.0000000000516541,       0.0000000000509340,      -0.0000000000516541,      -0.0000227710535994,       0.0000000000086972,       0.0000000000509340,       0.0000000000086972,       0.0000194707228187
        0.0000033011757139,       0.0000000000835955,      -0.0000000000275026,       0.0000000000835955,      -0.0000227726631064,       0.0000000000195819,      -0.0000000000275026,       0.0000000000195819,       0.0000194714873925
        0.0000033011459273,       0.0000000002467793,      -0.0000000001312674,       0.0000000002467793,      -0.0000227725025350,       0.0000000000153577,      -0.0000000001312674,       0.0000000000153577,       0.0000194713566077
        0.0000033011073729,       0.0000000003839873,      -0.0000000001668637,       0.0000000003839873,      -0.0000227722426181,       0.0000000000185928,      -0.0000000001668637,       0.0000000000185928,       0.0000194711352452
        0.0000033010315609,       0.0000000005004860,      -0.0000000002509355,       0.0000000005004860,      -0.0000227718424688,       0.0000000000339541,      -0.0000000002509355,       0.0000000000339541,       0.0000194708109079
        0.0000033009520012,       0.0000000005586900,      -0.0000000002785819,       0.0000000005586900,      -0.0000227713847002,      -0.0000000000267240,      -0.0000000002785819,      -0.0000000000267240,       0.0000194704326990
        0.0000033008985697,       0.0000000005804202,      -0.0000000002070409,       0.0000000005804202,      -0.0000227710335992,       0.0000000001306186,      -0.0000000002070409,       0.0000000001306186,       0.0000194701350295
        0.0000033007207578,       0.0000000005585663,      -0.0000000004572612,       0.0000000005585663,      -0.0000227703243257,      -0.0000000001516085,      -0.0000000004572612,      -0.0000000001516085,       0.0000194696035678
        0.0000033008283745,       0.0000000004277100,       0.0000000001298296,       0.0000000004277100,      -0.0000227704423149,       0.0000000001562956,       0.0000000001298296,       0.0000000001562956,       0.0000194696139405
        0.0000033007077746,       0.0000000003599899,      -0.0000000003521131,       0.0000000003599899,      -0.0000227701642037,       0.0000000006089300,      -0.0000000003521131,       0.0000000006089300,       0.0000194694564291
        0.0000032992896255,       0.0000000003051836,      -0.0000000019344305,       0.0000000003051836,      -0.0000227654713883,      -0.0000000037557883,      -0.0000000019344305,      -0.0000000037557883,       0.0000194661817627
        0.0000032982032220,       0.0000000000000000,       0.0000000000000000,       0.0000000000000000,      -0.0000227616810421,      -0.0000000078132554,       0.0000000000000000,      -0.0000000078132554,       0.0000194634778201
        0.0000032992896255,      -0.0000000003051836,       0.0000000019344305,      -0.0000000003051836,      -0.0000227654713883,      -0.0000000037557883,       0.0000000019344305,      -0.0000000037557883,       0.0000194661817627
        0.0000033007077746,      -0.0000000003599899,       0.0000000003521131,      -0.0000000003599899,      -0.0000227701642037,       0.0000000006089300,       0.0000000003521131,       0.0000000006089300,       0.0000194694564291
        0.0000033008283745,      -0.0000000004277100,      -0.0000000001298296,      -0.0000000004277100,      -0.0000227704423150,       0.0000000001562956,      -0.0000000001298296,       0.0000000001562956,       0.0000194696139405
        0.0000033007207579,      -0.0000000005585663,       0.0000000004572612,      -0.0000000005585663,      -0.0000227703243257,      -0.0000000001516085,       0.0000000004572612,      -0.0000000001516085,       0.0000194696035678
        0.0000033008985697,      -0.0000000005804202,       0.0000000002070409,      -0.0000000005804202,      -0.0000227710335992,       0.0000000001306186,       0.0000000002070409,       0.0000000001306186,       0.0000194701350295
        0.0000033009520012,      -0.0000000005586900,       0.0000000002785819,      -0.0000000005586900,      -0.0000227713847002,      -0.0000000000267240,       0.0000000002785819,      -0.0000000000267240,       0.0000194704326990
        0.0000033010315609,      -0.0000000005004860,       0.0000000002509355,      -0.0000000005004860,      -0.0000227718424689,       0.0000000000339541,       0.0000000002509355,       0.0000000000339541,       0.0000194708109079
        0.0000033011073729,      -0.0000000003839873,       0.0000000001668637,      -0.0000000003839873,      -0.0000227722426181,       0.0000000000185928,       0.0000000001668637,       0.0000000000185928,       0.0000194711352452
        0.0000033011459273,      -0.0000000002467793,       0.0000000001312674,      -0.0000000002467793,      -0.0000227725025350,       0.0000000000153577,       0.0000000001312674,       0.0000000000153577,       0.0000194713566077
        0.0000033011757139,      -0.0000000000835955,       0.0000000000275026,      -0.0000000000835955,      -0.0000227726631064,       0.0000000000195819,       0.0000000000275026,       0.0000000000195819,       0.0000194714873925
        0.0000033023872695,       0.0000000001142729,      -0.0000000000509474,       0.0000000001142729,      -0.0000227749756901,       0.0000000000271770,      -0.0000000000509474,       0.0000000000271770,       0.0000194725884206
        0.0000033023294269,       0.0000000003320367,      -0.0000000000719585,       0.0000000003320367,      -0.0000227748352702,       0.0000000000370672,      -0.0000000000719585,       0.0000000000370672,       0.0000194725058433
        0.0000033021886440,       0.0000000005288413,      -0.0000000001590352,       0.0000000005288413,      -0.0000227745182556,       0.0000000000393555,      -0.0000000001590352,       0.0000000000393555,       0.0000194723296117
        0.0000033020126662,       0.0000000006741023,      -0.0000000001763402,       0.0000000006741023,      -0.0000227741300019,       0.0000000000269214,      -0.0000000001763402,       0.0000000000269214,       0.0000194721173357
        0.0000033017674344,       0.0000000007756595,      -0.0000000001557319,       0.0000000007756595,      -0.0000227736802954,       0.0000000001352028,      -0.0000000001557319,       0.0000000001352028,       0.0000194719128609
        0.0000033014585365,       0.0000000007967934,      -0.0000000003225642,       0.0000000007967934,      -0.0000227730532624,      -0.0000000000811831,      -0.0000000003225642,      -0.0000000000811831,       0.0000194715947259
        0.0000033012838144,       0.0000000007451901,       0.0000000001029912,       0.0000000007451901,      -0.0000227729253679,       0.0000000003597430,       0.0000000001029912,       0.0000000003597430,       0.0000194716415534
        0.0000033008061336,       0.0000000006514874,      -0.0000000005488400,       0.0000000006514874,      -0.0000227720082473,      -0.0000000000557904,      -0.0000000005488400,      -0.0000000000557904,       0.0000194712021137
        0.0000033006931300,       0.0000000004489429,       0.0000000000063588,       0.0000000004489429,      -0.0000227716331159,      -0.0000000007563171,       0.0000000000063588,      -0.0000000007563171,       0.0000194709399859
        0.0000033020022966,       0.0000000002008962,       0.0000000021913188,       0.0000000002008962,      -0.0000227764590187,       0.0000000055822680,       0.0000000021913188,       0.0000000055822680,       0.0000194744567222
        0.0000033030281584,       0.0000000000000000,       0.0000000000000000,       0.0000000000000000,      -0.0000227805757423,       0.0000000115140964,       0.0000000000000000,       0.0000000115140964,       0.0000194775475839
        0.0000033020022966,      -0.0000000002008962,      -0.0000000021913188,      -0.0000000002008962,      -0.0000227764590187,       0.0000000055822680,      -0.0000000021913188,       0.0000000055822680,       0.0000194744567222
        0.0000033006931300,      -0.0000000004489429,      -0.0000000000063588,      -0.0000000004489429,      -0.0000227716331159,      -0.0000000007563171,      -0.0000000000063588,      -0.0000000007563171,       0.0000194709399859
        0.0000033008061336,      -0.0000000006514874,       0.0000000005488400,      -0.0000000006514874,      -0.0000227720082473,      -0.0000000000557904,       0.0000000005488400,      -0.0000000000557904,       0.0000194712021137
        0.0000033012838145,      -0.0000000007451901,      -0.0000000001029912,      -0.0000000007451901,      -0.0000227729253679,       0.0000000003597430,      -0.0000000001029912,       0.0000000003597430,       0.0000194716415534
        0.0000033014585365,      -0.0000000007967934,       0.0000000003225642,      -0.0000000007967934,      -0.0000227730532624,      -0.0000000000811831,       0.0000000003225642,      -0.0000000000811831,       0.0000194715947260
        0.0000033017674344,      -0.0000000007756595,       0.0000000001557319,      -0.0000000007756595,      -0.0000227736802954,       0.0000000001352028,       0.0000000001557319,       0.0000000001352028,       0.0000194719128609
        0.0000033020126662,      -0.0000000006741023,       0.0000000001763402,      -0.0000000006741023,      -0.0000227741300019,       0.0000000000269214,       0.0000000001763402,       0.0000000000269214,       0.0000194721173357
        0.0000033021886439,      -0.0000000005288413,       0.0000000001590352,      -0.0000000005288413,      -0.0000227745182556,       0.0000000000393555,       0.0000000001590352,       0.0000000000393555,       0.0000194723296117
        0.0000033023294269,      -0.0000000003320367,       0.0000000000719585,      -0.0000000003320367,      -0.0000227748352702,       0.0000000000370672,       0.0000000000719585,       0.0000000000370672,       0.0000194725058433
        0.0000033023872695,      -0.0000000001142729,       0.0000000000509474,      -0.0000000001142729,      -0.0000227749756901,       0.0000000000271770,       0.0000000000509474,       0.0000000000271770,       0.0000194725884206
        0.0000033039035322,       0.0000000001370886,       0.0000000000062332,       0.0000000001370886,      -0.0000227778823796,       0.0000000000432505,       0.0000000000062332,       0.0000000000432505,       0.0000194739788475
        0.0000033037961692,       0.0000000004026482,      -0.0000000000724230,       0.0000000004026482,      -0.0000227777436246,       0.0000000000463493,      -0.0000000000724230,       0.0000000000463493,       0.0000194739474555
        0.0000033036125261,       0.0000000006354629,      -0.0000000000740952,       0.0000000006354629,      -0.0000227775219970,       0.0000000000550059,      -0.0000000000740952,       0.0000000000550059,       0.0000194739094709
        0.0000033032867609,       0.0000000008250915,      -0.0000000000492922,       0.0000000008250915,      -0.0000227771771249,       0.0000000001284517,      -0.0000000000492922,       0.0000000001284517,       0.0000194738903641
        0.0000033029011259,       0.0000000009345435,      -0.0000000001753307,       0.0000000009345435,      -0.0000227767552555,       0.0000000000070963,      -0.0000000001753307,       0.0000000000070963,       0.0000194738541297
        0.0000033024518086,       0.0000000009783481,       0.0000000001519980,       0.0000000009783481,      -0.0000227764786568,       0.0000000003812461,       0.0000000001519980,       0.0000000003812461,       0.0000194740268482
        0.0000033018540455,       0.0000000009096552,      -0.0000000003595305,       0.0000000009096552,      -0.0000227757936238,      -0.0000000001344471,      -0.0000000003595305,      -0.0000000001344471,       0.0000194739395783
        0.0000033015982558,       0.0000000007898622,       0.0000000003319521,       0.0000000007898622,      -0.0000227758750715,       0.0000000003828708,       0.0000000003319521,       0.0000000003828708,       0.0000194742768157
        0.0000033010310272,       0.0000000005647279,       0.0000000000958879,       0.0000000005647279,      -0.0000227757317508,       0.0000000015434248,       0.0000000000958879,       0.0000000015434248,       0.0000194747007236
        0.0000032997075731,       0.0000000002068208,      -0.0000000022209346,       0.0000000002068208,      -0.0000227714096931,      -0.0000000066475723,      -0.0000000022209346,      -0.0000000066475723,       0.0000194717021200
        0.0000032989577860,       0.0000000000000000,       0.0000000000000000,       0.0000000000000000,      -0.0000227678617525,      -0.0000000145239203,       0.0000000000000000,      -0.0000000145239203,       0.0000194689039665
        0.0000032997075731,      -0.0000000002068208,       0.0000000022209346,      -0.0000000002068208,      -0.0000227714096931,      -0.0000000066475723,       0.0000000022209346,      -0.0000000066475723,       0.0000194717021200
        0.0000033010310272,      -0.0000000005647279,      -0.0000000000958879,      -0.0000000005647279,      -0.0000227757317508,       0.0000000015434248,      -0.0000000000958879,       0.0000000015434248,       0.0000194747007236
        0.0000033015982558,      -0.0000000007898622,      -0.0000000003319521,      -0.0000000007898622,      -0.0000227758750715,       0.0000000003828708,      -0.0000000003319521,       0.0000000003828708,       0.0000194742768157
        0.0000033018540455,      -0.0000000009096552,       0.0000000003595305,      -0.0000000009096552,      -0.0000227757936238,      -0.0000000001344471,       0.0000000003595305,      -0.0000000001344471,       0.0000194739395783
        0.0000033024518086,      -0.0000000009783481,      -0.0000000001519980,      -0.0000000009783481,      -0.0000227764786568,       0.0000000003812461,      -0.0000000001519980,       0.0000000003812461,       0.0000194740268482
        0.0000033029011259,      -0.0000000009345435,       0.0000000001753307,      -0.0000000009345435,      -0.0000227767552555,       0.0000000000070963,       0.0000000001753307,       0.0000000000070963,       0.0000194738541297
        0.0000033032867609,      -0.0000000008250915,       0.0000000000492922,      -0.0000000008250915,      -0.0000227771771249,       0.0000000001284517,       0.0000000000492922,       0.0000000001284517,       0.0000194738903641
        0.0000033036125261,      -0.0000000006354629,       0.0000000000740952,      -0.0000000006354629,      -0.0000227775219970,       0.0000000000550059,       0.0000000000740952,       0.0000000000550059,       0.0000194739094709
        0.0000033037961692,      -0.0000000004026482,       0.0000000000724230,      -0.0000000004026482,      -0.0000227777436246,       0.0000000000463493,       0.0000000000724230,       0.0000000000463493,       0.0000194739474555
        0.0000033039035321,      -0.0000000001370886,      -0.0000000000062332,      -0.0000000001370886,      -0.0000227778823796,       0.0000000000432505,      -0.0000000000062332,       0.0000000000432505,       0.0000194739788475
        0.0000033055954848,       0.0000000001497656,      -0.0000000000249024,       0.0000000001497656,      -0.0000227811441517,       0.0000000000531523,      -0.0000000000249024,       0.0000000000531523,       0.0000194755486669
        0.0000033054898490,       0.0000000004399333,       0.0000000000009364,       0.0000000004399333,      -0.0000227810988801,       0.0000000000529140,       0.0000000000009364,       0.0000000000529140,       0.0000194756090311
        0.0000033052126768,       0.0000000006996310,       0.0000000000519352,       0.0000000006996310,      -0.0000227809799665,       0.0000000001183427,       0.0000000000519352,       0.0000000001183427,       0.0000194757672897
        0.0000033048590200,       0.0000000008997559,      -0.0000000000576794,       0.0000000008997559,      -0.0000227808435708,       0.0000000000443951,      -0.0000000000576794,       0.0000000000443951,       0.0000194759845508
        0.0000033042921673,       0.0000000010408646,       0.0000000002833775,       0.0000000010408646,      -0.0000227806869387,       0.0000000003364311,       0.0000000002833775,       0.0000000003364311,       0.0000194763947714
        0.0000033036640460,       0.0000000010536221,      -0.0000000001403045,       0.0000000010536221,      -0.0000227804421276,      -0.0000000000484348,      -0.0000000001403045,      -0.0000000000484348,       0.0000194767780815
        0.0000033030355061,       0.0000000010469954,       0.0000000004478596,       0.0000000010469954,      -0.0000227803924116,       0.0000000006267688,       0.0000000004478596,       0.0000000006267688,       0.0000194773569055
        0.0000033021729060,       0.0000000008129065,       0.0000000000503296,       0.0000000008129065,      -0.0000227800779589,       0.0000000003175086,       0.0000000000503296,       0.0000000003175086,       0.0000194779050529
        0.0000033019580361,       0.0000000006105046,      -0.0000000002171805,       0.0000000006105046,      -0.0000227800979430,      -0.0000000012730654,      -0.0000000002171805,      -0.0000000012730654,       0.0000194781399069
        0.0000033018349724,       0.0000000005632931,       0.0000000017661944,       0.0000000005632931,      -0.0000227819490811,       0.0000000082546490,       0.0000000017661944,       0.0000000082546490,       0.0000194801141087
        0.0000033014847126,       0.0000000000000000,       0.0000000000000000,       0.0000000000000000,      -0.0000227833883827,       0.0000000177368047,       0.0000000000000000,       0.0000000177368047,       0.0000194819036701
        0.0000033018349724,      -0.0000000005632931,      -0.0000000017661944,      -0.0000000005632931,      -0.0000227819490811,       0.0000000082546490,      -0.0000000017661944,       0.0000000082546490,       0.0000194801141087
        0.0000033019580361,      -0.0000000006105046,       0.0000000002171805,      -0.0000000006105046,      -0.0000227800979430,      -0.0000000012730654,       0.0000000002171805,      -0.0000000012730654,       0.0000194781399069
        0.0000033021729060,      -0.0000000008129065,      -0.0000000000503297,      -0.0000000008129065,      -0.0000227800779589,       0.0000000003175086,      -0.0000000000503297,       0.0000000003175086,       0.0000194779050529
        0.0000033030355061,      -0.0000000010469954,      -0.0000000004478596,      -0.0000000010469954,      -0.0000227803924116,       0.0000000006267688,      -0.0000000004478596,       0.0000000006267688,       0.0000194773569055
        0.0000033036640460,      -0.0000000010536221,       0.0000000001403045,      -0.0000000010536221,      -0.0000227804421276,      -0.0000000000484348,       0.0000000001403045,      -0.0000000000484348,       0.0000194767780815
        0.0000033042921673,      -0.0000000010408646,      -0.0000000002833775,      -0.0000000010408646,      -0.0000227806869387,       0.0000000003364311,      -0.0000000002833775,       0.0000000003364311,       0.0000194763947714
        0.0000033048590200,      -0.0000000008997559,       0.0000000000576794,      -0.0000000008997559,      -0.0000227808435708,       0.0000000000443951,       0.0000000000576794,       0.0000000000443951,       0.0000194759845508
        0.0000033052126768,      -0.0000000006996310,      -0.0000000000519352,      -0.0000000006996310,      -0.0000227809799664,       0.0000000001183427,      -0.0000000000519352,       0.0000000001183427,       0.0000194757672897
        0.0000033054898490,      -0.0000000004399333,      -0.0000000000009364,      -0.0000000004399333,      -0.0000227810988801,       0.0000000000529140,      -0.0000000000009364,       0.0000000000529140,       0.0000194756090311
        0.0000033055954848,      -0.0000000001497656,       0.0000000000249024,      -0.0000000001497656,      -0.0000227811441517,       0.0000000000531523,       0.0000000000249024,       0.0000000000531523,       0.0000194755486669
        0.0000033073399571,       0.0000000001503227,       0.0000000000079616,       0.0000000001503227,      -0.0000227845001135,       0.0000000000448011,       0.0000000000079616,       0.0000000000448011,       0.0000194771601564
        0.0000033071899656,       0.0000000004357071,       0.0000000001037884,       0.0000000004357071,      -0.0000227845477399,       0.0000000001077190,       0.0000000001037884,       0.0000000001077190,       0.0000194773577743
        0.0000033069666654,       0.0000000006914068,       0.0000000000056965,       0.0000000006914068,      -0.0000227846706271,       0.0000000000246076,       0.0000000000056965,       0.0000000000246076,       0.0000194777039617
        0.0000033064558704,       0.0000000009047933,       0.0000000003999402,       0.0000000009047933,      -0.0000227847804187,       0.0000000002807908,       0.0000000003999402,       0.0000000002807908,       0.0000194783245484
        0.0000033059118952,       0.0000000010065394,       0.0000000000210977,       0.0000000010065394,      -0.0000227850030982,      -0.0000000000031862,       0.0000000000210977,      -0.0000000000031862,       0.0000194790912030
        0.0000033050814510,       0.0000000011088899,       0.0000000005982268,       0.0000000011088899,      -0.0000227850402325,       0.0000000005518064,       0.0000000005982268,       0.0000000005518064,       0.0000194799587815
        0.0000033042196258,       0.0000000009390874,       0.0000000003412023,       0.0000000009390874,      -0.0000227853836676,       0.0000000001076405,       0.0000000003412023,       0.0000000001076405,       0.0000194811640418
        0.0000033035663559,       0.0000000009125712,       0.0000000000874452,       0.0000000009125712,      -0.0000227854640698,       0.0000000002301379,       0.0000000000874452,       0.0000000002301379,       0.0000194818977139
        0.0000033022833142,       0.0000000006606470,       0.0000000008550611,       0.0000000006606470,      -0.0000227847899375,       0.0000000023652220,       0.0000000008550611,       0.0000000023652220,       0.0000194825066233
        0.0000033026978074,      -0.0000000000466652,      -0.0000000004869260,      -0.0000000000466652,      -0.0000227863151603,      -0.0000000073544059,      -0.0000000004869260,      -0.0000000073544059,       0.0000194836173529
        0.0000033040363524,       0.0000000000000000,       0.0000000000000000,       0.0000000000000000,      -0.0000227881844358,      -0.0000000175683023,       0.0000000000000000,      -0.0000000175683023,       0.0000194841480834
        0.0000033026978075,       0.0000000000466652,       0.0000000004869260,       0.0000000000466652,      -0.0000227863151603,      -0.0000000073544059,       0.0000000004869260,      -0.0000000073544059,       0.0000194836173529
        0.0000033022833142,      -0.0000000006606470,      -0.0000000008550611,      -0.0000000006606470,      -0.0000227847899375,       0.0000000023652220,      -0.0000000008550611,       0.0000000023652220,       0.0000194825066233
        0.0000033035663559,      -0.0000000009125712,      -0.0000000000874452,      -0.0000000009125712,      -0.0000227854640698,       0.0000000002301379,      -0.0000000000874452,       0.0000000002301379,       0.0000194818977139
        0.0000033042196258,      -0.0000000009390874,      -0.0000000003412023,      -0.0000000009390874,      -0.0000227853836676,       0.0000000001076405,      -0.0000000003412023,       0.0000000001076405,       0.0000194811640418
        0.0000033050814510,      -0.0000000011088899,      -0.0000000005982268,      -0.0000000011088899,      -0.0000227850402325,       0.0000000005518064,      -0.0000000005982268,       0.0000000005518064,       0.0000194799587815
        0.0000033059118952,      -0.0000000010065394,      -0.0000000000210977,      -0.0000000010065394,      -0.0000227850030982,      -0.0000000000031862,      -0.0000000000210977,      -0.0000000000031862,       0.0000194790912030
        0.0000033064558703,      -0.0000000009047933,      -0.0000000003999402,      -0.0000000009047933,      -0.0000227847804187,       0.0000000002807908,      -0.0000000003999402,       0.0000000002807908,       0.0000194783245484
        0.0000033069666654,      -0.0000000006914068,      -0.0000000000056965,      -0.0000000006914068,      -0.0000227846706271,       0.0000000000246076,      -0.0000000000056965,       0.0000000000246076,       0.0000194777039617
        0.0000033071899656,      -0.0000000004357071,      -0.0000000001037884,      -0.0000000004357071,      -0.0000227845477398,       0.0000000001077189,      -0.0000000001037884,       0.0000000001077189,       0.0000194773577743
        0.0000033073399571,      -0.0000000001503227,      -0.0000000000079616,      -0.0000000001503227,      -0.0000227845001135,       0.0000000000448011,      -0.0000000000079616,       0.0000000000448011,       0.0000194771601564
        0.0000033089259408,       0.0000000001271428,       0.0000000001444286,       0.0000000001271428,      -0.0000227875971455,       0.0000000000771574,       0.0000000001444286,       0.0000000000771574,       0.0000194786712047
        0.0000033088432006,       0.0000000003866936,      -0.0000000000244330,       0.0000000003866936,      -0.0000227878026991,      -0.0000000000061456,      -0.0000000000244330,      -0.0000000000061456,       0.0000194789594985
        0.0000033085024588,       0.0000000006169332,       0.0000000004264447,       0.0000000006169332,      -0.0000227881005973,       0.0000000002233849,       0.0000000004264447,       0.0000000002233849,       0.0000194795981385
        0.0000033081371165,       0.0000000007729522,       0.0000000001364170,       0.0000000007729522,      -0.0000227887004788,      -0.0000000000217716,       0.0000000001364170,      -0.0000000000217716,       0.0000194805633623
        0.0000033073551882,       0.0000000009496261,       0.0000000006225325,       0.0000000009496261,      -0.0000227889902979,       0.0000000003958802,       0.0000000006225325,       0.0000000003958802,       0.0000194816351097
        0.0000033065904884,       0.0000000008724444,       0.0000000006948561,       0.0000000008724444,      -0.0000227899836936,       0.0000000001154369,       0.0000000006948561,       0.0000000001154369,       0.0000194833932052
        0.0000033055601927,       0.0000000009668817,       0.0000000001234318,       0.0000000009668817,      -0.0000227899793295,       0.0000000003746562,       0.0000000001234318,       0.0000000003746562,       0.0000194844191367
        0.0000033044289647,       0.0000000007107705,       0.0000000014338838,       0.0000000007107705,      -0.0000227904672113,       0.0000000008151792,       0.0000000014338838,       0.0000000008151792,       0.0000194860382466
        0.0000033044143839,       0.0000000004380915,      -0.0000000002218616,       0.0000000004380915,      -0.0000227926199577,      -0.0000000013978916,      -0.0000000002218616,      -0.0000000013978916,       0.0000194882055738
        0.0000033018295881,       0.0000000007290834,      -0.0000000004878715,       0.0000000007290834,      -0.0000227875423374,       0.0000000073480013,      -0.0000000004878715,       0.0000000073480013,       0.0000194857127493
        0.0000032985371069,       0.0000000000000000,       0.0000000000000000,       0.0000000000000000,      -0.0000227815408666,       0.0000000171441150,       0.0000000000000000,       0.0000000171441150,       0.0000194830037597
        0.0000033018295881,      -0.0000000007290834,       0.0000000004878715,      -0.0000000007290834,      -0.0000227875423374,       0.0000000073480013,       0.0000000004878715,       0.0000000073480013,       0.0000194857127493
        0.0000033044143839,      -0.0000000004380915,       0.0000000002218616,      -0.0000000004380915,      -0.0000227926199578,      -0.0000000013978916,       0.0000000002218616,      -0.0000000013978916,       0.0000194882055738
        0.0000033044289647,      -0.0000000007107705,      -0.0000000014338838,      -0.0000000007107705,      -0.0000227904672113,       0.0000000008151792,      -0.0000000014338838,       0.0000000008151792,       0.0000194860382466
        0.0000033055601928,      -0.0000000009668817,      -0.0000000001234318,      -0.0000000009668817,      -0.0000227899793295,       0.0000000003746562,      -0.0000000001234318,       0.0000000003746562,       0.0000194844191367
        0.0000033065904884,      -0.0000000008724444,      -0.0000000006948561,      -0.0000000008724444,      -0.0000227899836936,       0.0000000001154369,      -0.0000000006948561,       0.0000000001154369,       0.0000194833932052
        0.0000033073551882,      -0.0000000009496261,      -0.0000000006225325,      -0.0000000009496261,      -0.0000227889902979,       0.0000000003958802,      -0.0000000006225325,       0.0000000003958802,       0.0000194816351098
        0.0000033081371165,      -0.0000000007729522,      -0.0000000001364170,      -0.0000000007729522,      -0.0000227887004788,      -0.0000000000217716,      -0.0000000001364170,      -0.0000000000217716,       0.0000194805633623
        0.0000033085024588,      -0.0000000006169332,      -0.0000000004264447,      -0.0000000006169332,      -0.0000227881005973,       0.0000000002233849,      -0.0000000004264447,       0.0000000002233849,       0.0000194795981385
        0.0000033088432005,      -0.0000000003866936,       0.0000000000244330,      -0.0000000003866936,      -0.0000227878026991,      -0.0000000000061456,       0.0000000000244330,      -0.0000000000061456,       0.0000194789594985
        0.0000033089259408,      -0.0000000001271428,      -0.0000000001444286,      -0.0000000001271428,      -0.0000227875971455,       0.0000000000771574,      -0.0000000001444286,       0.0000000000771574,       0.0000194786712047
        0.0000033102311354,       0.0000000001025784,      -0.0000000002834772,       0.0000000001025784,      -0.0000227901307992,       0.0000000000203813,      -0.0000000002834772,       0.0000000000203813,       0.0000194798996638
        0.0000033101273940,       0.0000000002887535,       0.0000000004413673,       0.0000000002887535,      -0.0000227903846109,       0.0000000001092161,       0.0000000004413673,       0.0000000001092161,       0.0000194802572169
