       -0.0000000908333903,       0.0000000028490515,      -0.0000000039011147,       0.0000000028490515,      -0.0029951340415310,       0.0000000005196723,      -0.0000000039011147,       0.0000000005196723,       0.0017179925824912
       -0.0000000835989344,       0.0000000088553756,      -0.0000000122011675,       0.0000000088553756,      -0.0029951306866545,       0.0000000005527240,      -0.0000000122011675,       0.0000000005527240,       0.0017179807950896
       -0.0000000695191473,       0.0000000128742167,      -0.0000000186064480,       0.0000000128742167,      -0.0029951250576344,      -0.0000000004347231,      -0.0000000186064480,      -0.0000000004347231,       0.0017179584702134
       -0.0000000492366735,       0.0000000180100721,      -0.0000000249710665,       0.0000000180100721,      -0.0029951172269394,       0.0000000021190911,      -0.0000000249710665,       0.0000000021190911,       0.0017179273511632
       -0.0000000242580408,       0.0000000183899702,      -0.0000000280220035,       0.0000000183899702,      -0.0029951091693002,      -0.0000000053137882,      -0.0000000280220035,      -0.0000000053137882,       0.0017178901969620
        0.0000000038873360,       0.0000000196296170,      -0.0000000285584384,       0.0000000196296170,      -0.0029951022833830,       0.0000000082741780,      -0.0000000285584384,       0.0000000082741780,       0.0017178515960735
        0.0000000321896977,       0.0000000213020676,      -0.0000000312657808,       0.0000000213020676,      -0.0029950936181427,      -0.0000000140315677,      -0.0000000312657808,      -0.0000000140315677,       0.0017178108781153
        0.0000000587271280,       0.0000000079928713,      -0.0000000171469707,       0.0000000079928713,      -0.0029950930697784,       0.0000000031214011,      -0.0000000171469707,       0.0000000031214011,       0.0017177802558632
        0.0000000797167614,       0.0000000188161802,      -0.0000000231213333,       0.0000000188161802,      -0.0029950884469743,       0.0000000496070196,      -0.0000000231213333,       0.0000000496070196,       0.0017177536761630
        0.0000000936058708,       0.0000000407019798,      -0.0000000452749592,       0.0000000407019798,      -0.0029950476341324,      -0.0000002832453994,      -0.0000000452749592,      -0.0000002832453994,       0.0017176952834893
        0.0000000986388542,       0.0000000000000000,       0.0000000000000000,       0.0000000000000000,      -0.0029950159690502,      -0.0000006054287934,       0.0000000000000000,      -0.0000006054287934,       0.0017176543862134
        0.0000000936058726,      -0.0000000407019798,       0.0000000452749593,      -0.0000000407019798,      -0.0029950476341314,      -0.0000002832453994,       0.0000000452749593,      -0.0000002832453994,       0.0017176952834900
        0.0000000797167603,      -0.0000000188161802,       0.0000000231213334,      -0.0000000188161802,      -0.0029950884469743,       0.0000000496070194,       0.0000000231213334,       0.0000000496070194,       0.0017177536761630
        0.0000000587271289,      -0.0000000079928713,       0.0000000171469706,      -0.0000000079928713,      -0.0029950930697776,       0.0000000031214008,       0.0000000171469706,       0.0000000031214008,       0.0017177802558623
        0.0000000321896988,      -0.0000000213020676,       0.0000000312657807,      -0.0000000213020676,      -0.0029950936181412,      -0.0000000140315678,       0.0000000312657807,      -0.0000000140315678,       0.0017178108781135
        0.0000000038873340,      -0.0000000196296171,       0.0000000285584384,      -0.0000000196296171,      -0.0029951022833828,       0.0000000082741781,       0.0000000285584384,       0.0000000082741781,       0.0017178515960729
       -0.0000000242580398,      -0.0000000183899697,       0.0000000280220035,      -0.0000000183899697,      -0.0029951091693021,      -0.0000000053137883,       0.0000000280220035,      -0.0000000053137883,       0.0017178901969633
       -0.0000000492366738,      -0.0000000180100722,       0.0000000249710665,      -0.0000000180100722,      -0.0029951172269393,       0.0000000021190907,       0.0000000249710665,       0.0000000021190907,       0.0017179273511641
       -0.0000000695191469,      -0.0000000128742168,       0.0000000186064482,      -0.0000000128742168,      -0.0029951250576333,      -0.0000000004347233,       0.0000000186064482,      -0.0000000004347233,       0.0017179584702143
       -0.0000000835989354,      -0.0000000088553756,       0.0000000122011674,      -0.0000000088553756,      -0.0029951306866542,       0.0000000005527238,       0.0000000122011674,       0.0000000005527238,       0.0017179807950909
       -0.0000000908333896,      -0.0000000028490516,       0.0000000039011146,      -0.0000000028490516,      -0.0029951340415302,       0.0000000005196721,       0.0000000039011146,       0.0000000005196721,       0.0017179925824925
       -0.0000000708616614,       0.0000000089149694,      -0.0000000044783362,       0.0000000089149694,      -0.0029951616396775,       0.0000000016222049,      -0.0000000044783362,       0.0000000016222049,       0.0017180075553935
       -0.0000000651328948,       0.0000000254416134,      -0.0000000106927212,       0.0000000254416134,      -0.0029951579635130,       0.0000000017038392,      -0.0000000106927212,       0.0000000017038392,       0.0017179971070239
       -0.0000000538419521,       0.0000000408966343,      -0.0000000192245919,       0.0000000408966343,      -0.0029951496771237,       0.0000000016562718,      -0.0000000192245919,       0.0000000016562718,       0.0017179766966883
       -0.0000000379938769,       0.0000000506091808,      -0.0000000224650485,       0.0000000506091808,      -0.0029951404144601,      -0.0000000013773474,      -0.0000000224650485,      -0.0000000013773474,       0.0017179488751619
       -0.0000000181459706,       0.0000000588906696,      -0.0000000272229794,       0.0000000588906696,      -0.0029951290879130,       0.0000000059702797,      -0.0000000272229794,       0.0000000059702797,       0.0017179167239787
        0.0000000032712973,       0.0000000595812035,      -0.0000000311704060,       0.0000000595812035,      -0.0029951159139723,      -0.0000000131149494,      -0.0000000311704060,      -0.0000000131149494,       0.0017178790869460
        0.0000000258119442,       0.0000000529494662,      -0.0000000167977903,       0.0000000529494662,      -0.0029951126384619,       0.0000000174608252,      -0.0000000167977903,       0.0000000174608252,       0.0017178519897459
        0.0000000449952696,       0.0000000538968601,      -0.0000000426420364,       0.0000000538968601,      -0.0029950925510992,      -0.0000000143117873,      -0.0000000426420364,      -0.0000000143117873,       0.0017178125529863
        0.0000000624181544,       0.0000000270067338,      -0.0000000019392887,       0.0000000270067338,      -0.0029950904041305,      -0.0000000699268585,      -0.0000000019392887,      -0.0000000699268585,       0.0017177876106410
        0.0000000723015509,      -0.0000000137816611,       0.0000000960896205,      -0.0000000137816611,      -0.0029951971320106,       0.0000004152596937,       0.0000000960896205,       0.0000004152596937,       0.0017178934461554
        0.0000000743562206,       0.0000000000000000,       0.0000000000000000,       0.0000000000000000,      -0.0029952838728982,       0.0000008721029971,       0.0000000000000000,       0.0000008721029971,       0.0017179916937041
        0.0000000723015517,       0.0000000137816609,      -0.0000000960896203,       0.0000000137816609,      -0.0029951971320119,       0.0000004152596938,      -0.0000000960896203,       0.0000004152596938,       0.0017178934461558
        0.0000000624181531,      -0.0000000270067339,       0.0000000019392885,      -0.0000000270067339,      -0.0029950904041318,      -0.0000000699268586,       0.0000000019392885,      -0.0000000699268586,       0.0017177876106395
        0.0000000449952707,      -0.0000000538968596,       0.0000000426420366,      -0.0000000538968596,      -0.0029950925510988,      -0.0000000143117874,       0.0000000426420366,      -0.0000000143117874,       0.0017178125529861
        0.0000000258119442,      -0.0000000529494665,       0.0000000167977902,      -0.0000000529494665,      -0.0029951126384634,       0.0000000174608254,       0.0000000167977902,       0.0000000174608254,       0.0017178519897442
        0.0000000032712976,      -0.0000000595812036,       0.0000000311704063,      -0.0000000595812036,      -0.0029951159139723,      -0.0000000131149493,       0.0000000311704063,      -0.0000000131149493,       0.0017178790869460
       -0.0000000181459707,      -0.0000000588906698,       0.0000000272229791,      -0.0000000588906698,      -0.0029951290879120,       0.0000000059702799,       0.0000000272229791,       0.0000000059702799,       0.0017179167239791
       -0.0000000379938774,      -0.0000000506091805,       0.0000000224650485,      -0.0000000506091805,      -0.0029951404144598,      -0.0000000013773471,       0.0000000224650485,      -0.0000000013773471,       0.0017179488751619
       -0.0000000538419528,      -0.0000000408966340,       0.0000000192245920,      -0.0000000408966340,      -0.0029951496771242,       0.0000000016562718,       0.0000000192245920,       0.0000000016562718,       0.0017179766966883
       -0.0000000651328959,      -0.0000000254416137,       0.0000000106927211,      -0.0000000254416137,      -0.0029951579635109,       0.0000000017038390,       0.0000000106927211,       0.0000000017038390,       0.0017179971070257
       -0.0000000708616605,      -0.0000000089149693,       0.0000000044783363,      -0.0000000089149693,      -0.0029951616396756,       0.0000000016222049,       0.0000000044783363,       0.0000000016222049,       0.0017180075553946
       -0.0000000320660952,       0.0000000144558730,      -0.0000000024197435,       0.0000000144558730,      -0.0029952166417841,       0.0000000035971198,      -0.0000000024197435,       0.0000000035971198,       0.0017180371837356
       -0.0000000289737617,       0.0000000426380594,      -0.0000000115666066,       0.0000000426380594,      -0.0029952107345785,       0.0000000028365272,      -0.0000000115666066,       0.0000000028365272,       0.0017180289229005
       -0.0000000233215476,       0.0000000662465912,      -0.0000000147073580,       0.0000000662465912,      -0.0029952018440911,       0.0000000034219454,      -0.0000000147073580,       0.0000000034219454,       0.0017180139153284
       -0.0000000153596599,       0.0000000861800171,      -0.0000000221559806,       0.0000000861800171,      -0.0029951871042370,       0.0000000059913952,      -0.0000000221559806,       0.0000000059913952,       0.0017179935953476
       -0.0000000064147586,       0.0000000959443861,      -0.0000000246011025,       0.0000000959443861,      -0.0029951716002034,      -0.0000000045468070,      -0.0000000246011025,      -0.0000000045468070,       0.0017179683776199
        0.0000000033771640,       0.0000000994044287,      -0.0000000184041514,       0.0000000994044287,      -0.0029951587611158,       0.0000000227195973,      -0.0000000184041514,       0.0000000227195973,       0.0017179493050397
        0.0000000115893415,       0.0000000954381353,      -0.0000000403440679,       0.0000000954381353,      -0.0029951339592988,      -0.0000000266657358,      -0.0000000403440679,      -0.0000000266657358,       0.0017179167712882
        0.0000000211581975,       0.0000000726895697,       0.0000000110769194,       0.0000000726895697,      -0.0029951397475265,       0.0000000273388505,       0.0000000110769194,       0.0000000273388505,       0.0017179129072998
        0.0000000232838144,       0.0000000612576123,      -0.0000000310521851,       0.0000000612576123,      -0.0029951272275668,       0.0000001055338901,      -0.0000000310521851,       0.0000001055338901,       0.0017179083082105
        0.0000000290374907,       0.0000000523763090,      -0.0000001693978544,       0.0000000523763090,      -0.0029949634561122,      -0.0000006569714588,      -0.0000001693978544,      -0.0000006569714588,       0.0017177152828958
        0.0000000353792091,      -0.0000000000000002,      -0.0000000000000001,      -0.0000000000000002,      -0.0029948349447211,      -0.0000013649596175,      -0.0000000000000001,      -0.0000013649596175,       0.0017175494838759
        0.0000000290374919,      -0.0000000523763091,       0.0000001693978546,      -0.0000000523763091,      -0.0029949634561113,      -0.0000006569714589,       0.0000001693978546,      -0.0000006569714589,       0.0017177152828958
        0.0000000232838149,      -0.0000000612576120,       0.0000000310521850,      -0.0000000612576120,      -0.0029951272275656,       0.0000001055338901,       0.0000000310521850,       0.0000001055338901,       0.0017179083082112
        0.0000000211581975,      -0.0000000726895699,      -0.0000000110769191,      -0.0000000726895699,      -0.0029951397475264,       0.0000000273388506,      -0.0000000110769191,       0.0000000273388506,       0.0017179129073001
        0.0000000115893415,      -0.0000000954381353,       0.0000000403440679,      -0.0000000954381353,      -0.0029951339592994,      -0.0000000266657357,       0.0000000403440679,      -0.0000000266657357,       0.0017179167712875
        0.0000000033771644,      -0.0000000994044286,       0.0000000184041514,      -0.0000000994044286,      -0.0029951587611170,       0.0000000227195972,       0.0000000184041514,       0.0000000227195972,       0.0017179493050392
       -0.0000000064147593,      -0.0000000959443860,       0.0000000246011024,      -0.0000000959443860,      -0.0029951716002035,      -0.0000000045468074,       0.0000000246011024,      -0.0000000045468074,       0.0017179683776208
       -0.0000000153596594,      -0.0000000861800171,       0.0000000221559805,      -0.0000000861800171,      -0.0029951871042367,       0.0000000059913951,       0.0000000221559805,       0.0000000059913951,       0.0017179935953481
       -0.0000000233215492,      -0.0000000662465914,       0.0000000147073580,      -0.0000000662465914,      -0.0029952018440910,       0.0000000034219455,       0.0000000147073580,       0.0000000034219455,       0.0017180139153298
       -0.0000000289737629,      -0.0000000426380591,       0.0000000115666066,      -0.0000000426380591,      -0.0029952107345795,       0.0000000028365271,       0.0000000115666066,       0.0000000028365271,       0.0017180289229016
       -0.0000000320660943,      -0.0000000144558729,       0.0000000024197435,      -0.0000000144558729,      -0.0029952166417824,       0.0000000035971197,       0.0000000024197435,       0.0000000035971197,       0.0017180371837381
        0.0000000232647606,       0.0000000197996198,      -0.0000000045002030,       0.0000000197996198,      -0.0029952959822319,       0.0000000049821237,      -0.0000000045002030,       0.0000000049821237,       0.0017180798329500
        0.0000000226142742,       0.0000000574931797,      -0.0000000063329065,       0.0000000574931797,      -0.0029952906351342,       0.0000000067375830,      -0.0000000063329065,       0.0000000067375830,       0.0017180760518196
        0.0000000209035813,       0.0000000914324049,      -0.0000000140700944,       0.0000000914324049,      -0.0029952776603943,       0.0000000070616674,      -0.0000000140700944,       0.0000000070616674,       0.0017180694897623
        0.0000000174799192,       0.0000001162988351,      -0.0000000155914134,       0.0000001162988351,      -0.0029952631281919,       0.0000000049635827,      -0.0000000155914134,       0.0000000049635827,       0.0017180605457080
        0.0000000114433969,       0.0000001334690704,      -0.0000000139299747,       0.0000001334690704,      -0.0029952443453599,       0.0000000236800033,      -0.0000000139299747,       0.0000000236800033,       0.0017180564903145
        0.0000000031974855,       0.0000001367098460,      -0.0000000285883529,       0.0000001367098460,      -0.0029952213757611,      -0.0000000141394103,      -0.0000000285883529,      -0.0000000141394103,       0.0017180442859867
       -0.0000000059025644,       0.0000001274191976,       0.0000000086160358,       0.0000001274191976,      -0.0029952149370894,       0.0000000628214824,       0.0000000086160358,       0.0000000628214824,       0.0017180553438362
       -0.0000000199457986,       0.0000001111509772,      -0.0000000484177467,       0.0000001111509772,      -0.0029951797881577,      -0.0000000104557180,      -0.0000000484177467,      -0.0000000104557180,       0.0017180418053451
       -0.0000000206138553,       0.0000000763498006,       0.0000000000810734,       0.0000000763498006,      -0.0029951710019178,      -0.0000001322518276,       0.0000000000810734,      -0.0000001322518276,       0.0017180220910546
       -0.0000000304549260,       0.0000000339230807,       0.0000001913881940,       0.0000000339230807,      -0.0029953319212308,       0.0000009759395819,       0.0000001913881940,       0.0000009759395819,       0.0017182441042648
       -0.0000000439734759,      -0.0000000000000002,       0.0000000000000000,      -0.0000000000000002,      -0.0029954633979767,       0.0000020121571496,       0.0000000000000000,       0.0000020121571496,       0.0017184487529378
       -0.0000000304549247,      -0.0000000339230806,      -0.0000001913881942,      -0.0000000339230806,      -0.0029953319212320,       0.0000009759395819,      -0.0000001913881942,       0.0000009759395819,       0.0017182441042639
       -0.0000000206138551,      -0.0000000763498006,      -0.0000000000810731,      -0.0000000763498006,      -0.0029951710019174,      -0.0000001322518275,      -0.0000000000810731,      -0.0000001322518275,       0.0017180220910553
       -0.0000000199457988,      -0.0000001111509773,       0.0000000484177471,      -0.0000001111509773,      -0.0029951797881580,      -0.0000000104557178,       0.0000000484177471,      -0.0000000104557178,       0.0017180418053442
       -0.0000000059025647,      -0.0000001274191975,      -0.0000000086160361,      -0.0000001274191975,      -0.0029952149370895,       0.0000000628214822,      -0.0000000086160361,       0.0000000628214822,       0.0017180553438351
        0.0000000031974868,      -0.0000001367098460,       0.0000000285883530,      -0.0000001367098460,      -0.0029952213757598,      -0.0000000141394105,       0.0000000285883530,      -0.0000000141394105,       0.0017180442859867
        0.0000000114433962,      -0.0000001334690705,       0.0000000139299744,      -0.0000001334690705,      -0.0029952443453596,       0.0000000236800034,       0.0000000139299744,       0.0000000236800034,       0.0017180564903141
        0.0000000174799190,      -0.0000001162988351,       0.0000000155914137,      -0.0000001162988351,      -0.0029952631281940,       0.0000000049635827,       0.0000000155914137,       0.0000000049635827,       0.0017180605457078
        0.0000000209035811,      -0.0000000914324048,       0.0000000140700946,      -0.0000000914324048,      -0.0029952776603937,       0.0000000070616677,       0.0000000140700946,       0.0000000070616677,       0.0017180694897634
        0.0000000226142727,      -0.0000000574931796,       0.0000000063329063,      -0.0000000574931796,      -0.0029952906351335,       0.0000000067375834,       0.0000000063329063,       0.0000000067375834,       0.0017180760518190
        0.0000000232647595,      -0.0000000197996197,       0.0000000045002029,      -0.0000000197996197,      -0.0029952959822312,       0.0000000049821238,       0.0000000045002029,       0.0000000049821238,       0.0017180798329505
        0.0000000912437641,       0.0000000238122182,       0.0000000005908006,       0.0000000238122182,      -0.0029953968051013,       0.0000000078636776,       0.0000000005908006,       0.0000000078636776,       0.0017181332416427
        0.0000000862592743,       0.0000000698720024,      -0.0000000064306766,       0.0000000698720024,      -0.0029953902273095,       0.0000000083717581,      -0.0000000064306766,       0.0000000083717581,       0.0017181359617001
        0.0000000762104703,       0.0000001101114591,      -0.0000000065401091,       0.0000001101114591,      -0.0029953807148537,       0.0000000099753459,      -0.0000000065401091,       0.0000000099753459,       0.0017181405593726
        0.0000000583581360,       0.0000001426329390,      -0.0000000045051450,       0.0000001426329390,      -0.0029953639878380,       0.0000000226805279,      -0.0000000045051450,       0.0000000226805279,       0.0017181538969594
        0.0000000350863455,       0.0000001611188532,      -0.0000000156739076,       0.0000001611188532,      -0.0029953468508793,       0.0000000015089114,      -0.0000000156739076,       0.0000000015089114,       0.0017181655011127
        0.0000000040666601,       0.0000001681136356,       0.0000000129365210,       0.0000001681136356,      -0.0029953315670172,       0.0000000667249232,       0.0000000129365210,       0.0000000667249232,       0.0017181976126940
       -0.0000000313272867,       0.0000001557957680,      -0.0000000320897895,       0.0000001557957680,      -0.0029953047673955,      -0.0000000238882152,      -0.0000000320897895,      -0.0000000238882152,       0.0017182125468249
       -0.0000000572030159,       0.0000001349693270,       0.0000000283496989,       0.0000001349693270,      -0.0029953066871406,       0.0000000667156686,       0.0000000283496989,       0.0000000667156686,       0.0017182453771447
       -0.0000000989926228,       0.0000000961043536,       0.0000000080364425,       0.0000000961043536,      -0.0029952904909309,       0.0000002685150834,       0.0000000080364425,       0.0000002685150834,       0.0017183051326881
       -0.0000001132891325,       0.0000000346144050,      -0.0000001942823776,       0.0000000346144050,      -0.0029951577627335,      -0.0000011648150029,      -0.0000001942823776,      -0.0000011648150029,       0.0017181101887629
       -0.0000001008267766,       0.0000000000000001,       0.0000000000000000,       0.0000000000000001,      -0.0029950596863018,      -0.0000025418914211,       0.0000000000000000,      -0.0000025418914211,       0.0017179040582327
       -0.0000001132891313,      -0.0000000346144051,       0.0000001942823774,      -0.0000000346144051,      -0.0029951577627328,      -0.0000011648150028,       0.0000001942823774,      -0.0000011648150028,       0.0017181101887624
       -0.0000000989926230,      -0.0000000961043536,      -0.0000000080364423,      -0.0000000961043536,      -0.0029952904909298,       0.0000002685150835,      -0.0000000080364423,       0.0000002685150835,       0.0017183051326886
       -0.0000000572030163,      -0.0000001349693270,      -0.0000000283496987,      -0.0000001349693270,      -0.0029953066871408,       0.0000000667156683,      -0.0000000283496987,       0.0000000667156683,       0.0017182453771449
       -0.0000000313272862,      -0.0000001557957681,       0.0000000320897892,      -0.0000001557957681,      -0.0029953047673968,      -0.0000000238882151,       0.0000000320897892,      -0.0000000238882151,       0.0017182125468254
        0.0000000040666606,      -0.0000001681136357,      -0.0000000129365209,      -0.0000001681136357,      -0.0029953315670182,       0.0000000667249234,      -0.0000000129365209,       0.0000000667249234,       0.0017181976126938
        0.0000000350863455,      -0.0000001611188534,       0.0000000156739075,      -0.0000001611188534,      -0.0029953468508790,       0.0000000015089114,       0.0000000156739075,       0.0000000015089114,       0.0017181655011127
        0.0000000583581362,      -0.0000001426329388,       0.0000000045051455,      -0.0000001426329388,      -0.0029953639878363,       0.0000000226805283,       0.0000000045051455,       0.0000000226805283,       0.0017181538969587
        0.0000000762104687,      -0.0000001101114588,       0.0000000065401089,      -0.0000001101114588,      -0.0029953807148532,       0.0000000099753460,       0.0000000065401089,       0.0000000099753460,       0.0017181405593717
        0.0000000862592741,      -0.0000000698720022,       0.0000000064306767,      -0.0000000698720022,      -0.0029953902273093,       0.0000000083717582,       0.0000000064306767,       0.0000000083717582,       0.0017181359616995
        0.0000000912437628,      -0.0000000238122185,      -0.0000000005908009,      -0.0000000238122185,      -0.0029953968050996,       0.0000000078636778,      -0.0000000005908009,       0.0000000078636778,       0.0017181332416432
        0.0000001662897922,       0.0000000260648997,      -0.0000000022595606,       0.0000000260648997,      -0.0029955104399106,       0.0000000096078253,      -0.0000000022595606,       0.0000000096078253,       0.0017181939125922
        0.0000001577980254,       0.0000000765152073,       0.0000000001620911,       0.0000000765152073,      -0.0029955074627726,       0.0000000096387415,       0.0000000001620911,       0.0000000096387415,       0.0017182028696111
        0.0000001367638439,       0.0000001214595870,       0.0000000044528328,       0.0000001214595870,      -0.0029954985597857,       0.0000000210258995,       0.0000000044528328,       0.0000000210258995,       0.0017182276037876
        0.0000001068709835,       0.0000001558563633,      -0.0000000051420540,       0.0000001558563633,      -0.0029954905937124,       0.0000000081946321,      -0.0000000051420540,       0.0000000081946321,       0.0017182572459540
        0.0000000601109067,       0.0000001797188153,       0.0000000245276695,       0.0000001797188153,      -0.0029954771503715,       0.0000000591620281,       0.0000000245276695,       0.0000000591620281,       0.0017183124018183
        0.0000000057888008,       0.0000001813059761,      -0.0000000128003272,       0.0000001813059761,      -0.0029954653612184,      -0.0000000084124959,      -0.0000000128003272,      -0.0000000084124959,       0.0017183622487295
       -0.0000000508911239,       0.0000001796798973,       0.0000000384037985,       0.0000001796798973,      -0.0029954569991993,       0.0000001096333671,       0.0000000384037985,       0.0000001096333671,       0.0017184295097233
       -0.0000001224519154,       0.0000001387233300,       0.0000000039356529,       0.0000001387233300,      -0.0029954385393047,       0.0000000548193049,       0.0000000039356529,       0.0000000548193049,       0.0017185031204133
       -0.0000001551692949,       0.0000001040657795,      -0.0000000199701363,       0.0000001040657795,      -0.0029954511174059,      -0.0000002230928906,      -0.0000000199701363,      -0.0000002230928906,       0.0017185130566718
       -0.0000001904251375,       0.0000000969670570,       0.0000001534878446,       0.0000000969670570,      -0.0029954782235047,       0.0000014440681059,       0.0000001534878446,       0.0000014440681059,       0.0017186968422694
       -0.0000002293717968,       0.0000000000000000,       0.0000000000000001,       0.0000000000000000,      -0.0029954828018446,       0.0000031025148986,       0.0000000000000001,       0.0000031025148986,       0.0017188839722881
       -0.0000001904251363,      -0.0000000969670568,      -0.0000001534878447,      -0.0000000969670568,      -0.0029954782235063,       0.0000014440681059,      -0.0000001534878447,       0.0000014440681059,       0.0017186968422692
       -0.0000001551692949,      -0.0000001040657795,       0.0000000199701364,      -0.0000001040657795,      -0.0029954511174058,      -0.0000002230928906,       0.0000000199701364,      -0.0000002230928906,       0.0017185130566735
       -0.0000001224519158,      -0.0000001387233304,      -0.0000000039356526,      -0.0000001387233304,      -0.0029954385393063,       0.0000000548193053,      -0.0000000039356526,       0.0000000548193053,       0.0017185031204131
       -0.0000000508911231,      -0.0000001796798976,      -0.0000000384037986,      -0.0000001796798976,      -0.0029954569991998,       0.0000001096333674,      -0.0000000384037986,       0.0000001096333674,       0.0017184295097245
        0.0000000057888012,      -0.0000001813059763,       0.0000000128003269,      -0.0000001813059763,      -0.0029954653612187,      -0.0000000084124961,       0.0000000128003269,      -0.0000000084124961,       0.0017183622487306
        0.0000000601109087,      -0.0000001797188148,      -0.0000000245276693,      -0.0000001797188148,      -0.0029954771503713,       0.0000000591620280,      -0.0000000245276693,       0.0000000591620280,       0.0017183124018192
        0.0000001068709831,      -0.0000001558563629,       0.0000000051420542,      -0.0000001558563629,      -0.0029954905937133,       0.0000000081946320,       0.0000000051420542,       0.0000000081946320,       0.0017182572459533
        0.0000001367638435,      -0.0000001214595872,      -0.0000000044528331,      -0.0000001214595872,      -0.0029954985597843,       0.0000000210258992,      -0.0000000044528331,       0.0000000210258992,       0.0017182276037874
        0.0000001577980252,      -0.0000000765152073,      -0.0000000001620909,      -0.0000000765152073,      -0.0029955074627717,       0.0000000096387413,      -0.0000000001620909,       0.0000000096387413,       0.0017182028696111
        0.0000001662897915,      -0.0000000260648998,       0.0000000022595604,      -0.0000000260648998,      -0.0029955104399090,       0.0000000096078251,       0.0000000022595604,       0.0000000096078251,       0.0017181939125938
        0.0000002427811190,       0.0000000262273736,       0.0000000008072810,       0.0000000262273736,      -0.0029956287526874,       0.0000000081627192,       0.0000000008072810,       0.0000000081627192,       0.0017182547700210
        0.0000002278853150,       0.0000000758997495,       0.0000000091255084,       0.0000000758997495,      -0.0029956272833530,       0.0000000192109600,       0.0000000091255084,       0.0000000192109600,       0.0017182769444158
        0.0000002023452593,       0.0000001202735541,       0.0000000004814066,       0.0000001202735541,      -0.0029956286768849,       0.0000000046936503,       0.0000000004814066,       0.0000000046936503,       0.0017183115235934
        0.0000001519161783,       0.0000001569366697,       0.0000000351890399,       0.0000001569366697,      -0.0029956239961278,       0.0000000496240933,       0.0000000351890399,       0.0000000496240933,       0.0017183809445919
        0.0000000899757260,       0.0000001740401580,       0.0000000013054226,       0.0000001740401580,      -0.0029956280944030,      -0.0000000003027256,       0.0000000013054226,      -0.0000000003027256,       0.0017184561016317
        0.0000000108052415,       0.0000001911779302,       0.0000000520593510,       0.0000001911779302,      -0.0029956190172438,       0.0000000967841850,       0.0000000520593510,       0.0000000967841850,       0.0017185541822999
       -0.0000000862052709,       0.0000001609370976,       0.0000000290011528,       0.0000001609370976,      -0.0029956258400841,       0.0000000185452227,       0.0000000290011528,       0.0000000185452227,       0.0017186721002181
       -0.0000001574796780,       0.0000001563526476,       0.0000000065536657,       0.0000001563526476,      -0.0029956295160371,       0.0000000395733300,       0.0000000065536657,       0.0000000395733300,       0.0017187417780167
       -0.0000002432524531,       0.0000001128131834,       0.0000000737947766,       0.0000001128131834,      -0.0029955788821436,       0.0000004119765281,       0.0000000737947766,       0.0000004119765281,       0.0017188515171948
       -0.0000002978323509,      -0.0000000096370211,      -0.0000000422150852,      -0.0000000096370211,      -0.0029956831333067,      -0.0000012896953385,      -0.0000000422150852,      -0.0000012896953385,       0.0017188663104669
       -0.0000002818799432,       0.0000000000000002,       0.0000000000000002,       0.0000000000000002,      -0.0029958147818063,      -0.0000030768182320,       0.0000000000000002,      -0.0000030768182320,       0.0017187946201929
       -0.0000002978323507,       0.0000000096370210,       0.0000000422150848,       0.0000000096370210,      -0.0029956831333068,      -0.0000012896953384,       0.0000000422150848,      -0.0000012896953384,       0.0017188663104656
       -0.0000002432524531,      -0.0000001128131836,      -0.0000000737947763,      -0.0000001128131836,      -0.0029955788821428,       0.0000004119765284,      -0.0000000737947763,       0.0000004119765284,       0.0017188515171956
       -0.0000001574796767,      -0.0000001563526476,      -0.0000000065536654,      -0.0000001563526476,      -0.0029956295160372,       0.0000000395733300,      -0.0000000065536654,       0.0000000395733300,       0.0017187417780160
       -0.0000000862052715,      -0.0000001609370979,      -0.0000000290011533,      -0.0000001609370979,      -0.0029956258400840,       0.0000000185452224,      -0.0000000290011533,       0.0000000185452224,       0.0017186721002177
        0.0000000108052435,      -0.0000001911779301,      -0.0000000520593510,      -0.0000001911779301,      -0.0029956190172414,       0.0000000967841850,      -0.0000000520593510,       0.0000000967841850,       0.0017185541823013
        0.0000000899757260,      -0.0000001740401580,      -0.0000000013054225,      -0.0000001740401580,      -0.0029956280944028,      -0.0000000003027257,      -0.0000000013054225,      -0.0000000003027257,       0.0017184561016317
        0.0000001519161772,      -0.0000001569366698,      -0.0000000351890398,      -0.0000001569366698,      -0.0029956239961277,       0.0000000496240931,      -0.0000000351890398,       0.0000000496240931,       0.0017183809445916
        0.0000002023452580,      -0.0000001202735539,      -0.0000000004814063,      -0.0000001202735539,      -0.0029956286768861,       0.0000000046936506,      -0.0000000004814063,       0.0000000046936506,       0.0017183115235911
        0.0000002278853156,      -0.0000000758997495,      -0.0000000091255087,      -0.0000000758997495,      -0.0029956272833517,       0.0000000192109602,      -0.0000000091255087,       0.0000000192109602,       0.0017182769444170
        0.0000002427811161,      -0.0000000262273734,      -0.0000000008072810,      -0.0000000262273734,      -0.0029956287526872,       0.0000000081627192,      -0.0000000008072810,       0.0000000081627192,       0.0017182547700214
        0.0000003110746148,       0.0000000221910749,       0.0000000127995793,       0.0000000221910749,      -0.0029957378732796,       0.0000000138178391,       0.0000000127995793,       0.0000000138178391,       0.0017183137507102
        0.0000002964463739,       0.0000000674972965,      -0.0000000021017719,       0.0000000674972965,      -0.0029957434527964,      -0.0000000008189844,      -0.0000000021017719,      -0.0000000008189844,       0.0017183386936701
        0.0000002562844209,       0.0000001074294319,       0.0000000376001445,       0.0000001074294319,      -0.0029957466525108,       0.0000000396174511,       0.0000000376001445,       0.0000000396174511,       0.0017184029379189
        0.0000001995890369,       0.0000001342369473,       0.0000000120290027,       0.0000001342369473,      -0.0029957640838044,      -0.0000000035269358,       0.0000000120290027,      -0.0000000035269358,       0.0017184871982486
        0.0000001170249154,       0.0000001645034257,       0.0000000540770184,       0.0000001645034257,      -0.0029957626022078,       0.0000000697348228,       0.0000000540770184,       0.0000000697348228,       0.0017185998080279
        0.0000000065674087,       0.0000001502346485,       0.0000000608137784,       0.0000001502346485,      -0.0029957924632412,       0.0000000204365362,       0.0000000608137784,       0.0000000204365362,       0.0017187543957560
       -0.0000000970740788,       0.0000001663561599,       0.0000000091807543,       0.0000001663561599,      -0.0029957864350107,       0.0000000653264616,       0.0000000091807543,       0.0000000653264616,       0.0017188632488574
       -0.0000002154307037,       0.0000001214680246,       0.0000001247990876,       0.0000001214680246,      -0.0029957858794901,       0.0000001420079635,       0.0000001247990876,       0.0000001420079635,       0.0017190304612807
       -0.0000003156161084,       0.0000000742868021,      -0.0000000203984328,       0.0000000742868021,      -0.0029958901341470,      -0.0000002448855985,      -0.0000000203984328,      -0.0000002448855985,       0.0017191552820658
       -0.0000003510944649,       0.0000001259489131,      -0.0000000440765022,       0.0000001259489131,      -0.0029956402806421,       0.0000012855732819,      -0.0000000440765022,       0.0000012855732819,       0.0017191242449591
       -0.0000004155436952,       0.0000000000000001,       0.0000000000000001,       0.0000000000000001,      -0.0029953414366357,       0.0000029991026976,       0.0000000000000001,       0.0000029991026976,       0.0017191204496853
       -0.0000003510944640,      -0.0000001259489130,       0.0000000440765021,      -0.0000001259489130,      -0.0029956402806431,       0.0000012855732818,       0.0000000440765021,       0.0000012855732818,       0.0017191242449602
       -0.0000003156161070,      -0.0000000742868019,       0.0000000203984327,      -0.0000000742868019,      -0.0029958901341452,      -0.0000002448855986,       0.0000000203984327,      -0.0000002448855986,       0.0017191552820676
       -0.0000002154307037,      -0.0000001214680251,      -0.0000001247990875,      -0.0000001214680251,      -0.0029957858794887,       0.0000001420079631,      -0.0000001247990875,       0.0000001420079631,       0.0017190304612819
       -0.0000000970740778,      -0.0000001663561597,      -0.0000000091807543,      -0.0000001663561597,      -0.0029957864350105,       0.0000000653264617,      -0.0000000091807543,       0.0000000653264617,       0.0017188632488572
        0.0000000065674083,      -0.0000001502346485,      -0.0000000608137783,      -0.0000001502346485,      -0.0029957924632424,       0.0000000204365364,      -0.0000000608137783,       0.0000000204365364,       0.0017187543957549
        0.0000001170249159,      -0.0000001645034257,      -0.0000000540770186,      -0.0000001645034257,      -0.0029957626022084,       0.0000000697348228,      -0.0000000540770186,       0.0000000697348228,       0.0017185998080275
        0.0000001995890353,      -0.0000001342369478,      -0.0000000120290027,      -0.0000001342369478,      -0.0029957640838040,      -0.0000000035269360,      -0.0000000120290027,      -0.0000000035269360,       0.0017184871982495
        0.0000002562844209,      -0.0000001074294322,      -0.0000000376001443,      -0.0000001074294322,      -0.0029957466525107,       0.0000000396174507,      -0.0000000376001443,       0.0000000396174507,       0.0017184029379183
        0.0000002964463730,      -0.0000000674972960,       0.0000000021017718,      -0.0000000674972960,      -0.0029957434527957,      -0.0000000008189846,       0.0000000021017718,      -0.0000000008189846,       0.0017183386936708
        0.0000003110746146,      -0.0000000221910748,      -0.0000000127995794,      -0.0000000221910748,      -0.0029957378732792,       0.0000000138178391,      -0.0000000127995794,       0.0000000138178391,       0.0017183137507120
        0.0000003665400468,       0.0000000179705043,      -0.0000000252291358,       0.0000000179705043,      -0.0029958285360322,       0.0000000037267531,      -0.0000000252291358,       0.0000000037267531,       0.0017183598369257
        0.0000003504138458,       0.0000000504263854,       0.0000000393484409,       0.0000000504263854,      -0.0029958332290011,       0.0000000195224779,       0.0000000393484409,       0.0000000195224779,       0.0017183932615074
