        0.0000001135029138,       0.0000000025790400,       0.0000000058271036,       0.0000000025790400,      -0.0030028988745598,       0.0000000025790400,       0.0000000058271036,       0.0000000025790400,       0.0000001135029138
        0.0000001052023197,      -0.0000000058202487,       0.0000000106914913,      -0.0000000058202487,      -0.0030028968175187,      -0.0000000116094350,       0.0000000106914913,      -0.0000000116094350,       0.0000001217622096
        0.0000000889850193,      -0.0000000007350242,       0.0000000222643069,      -0.0000000007350242,      -0.0030028927880426,       0.0000000193982332,       0.0000000222643069,       0.0000000193982332,       0.0000001382401043
        0.0000000647546365,      -0.0000000061473989,       0.0000000245239765,      -0.0000000061473989,      -0.0030028862067201,      -0.0000000296958930,       0.0000000245239765,      -0.0000000296958930,       0.0000001616342326
        0.0000000342534843,      -0.0000000042945171,       0.0000000351804315,      -0.0000000042945171,      -0.0030028785182535,       0.0000000403765317,       0.0000000351804315,       0.0000000403765317,       0.0000001914863964
       -0.0000000014986419,      -0.0000000000891598,       0.0000000311322919,      -0.0000000000891598,      -0.0030028673470372,      -0.0000000370223731,       0.0000000311322919,      -0.0000000370223731,       0.0000002246427390
       -0.0000000387564859,      -0.0000000105576608,       0.0000000382247225,      -0.0000000105576608,      -0.0030028582075714,       0.0000000112536202,       0.0000000382247225,       0.0000000112536202,       0.0000002593211423
       -0.0000000742376946,       0.0000000086535387,       0.0000000281306343,       0.0000000086535387,      -0.0030028461235583,       0.0000001156105806,       0.0000000281306343,       0.0000001156105806,       0.0000002924988647
       -0.0000001040816216,      -0.0000000033896260,       0.0000000152622623,      -0.0000000033896260,      -0.0030028351607533,      -0.0000004379876376,       0.0000000152622623,      -0.0000004379876376,       0.0000003141953391
       -0.0000001228545408,      -0.0000000414166677,       0.0000000569831112,      -0.0000000414166677,      -0.0030028470522565,       0.0000012871558890,       0.0000000569831112,       0.0000012871558890,       0.0000003503166546
       -0.0000001305392286,       0.0000000000000000,       0.0000000000000000,       0.0000000000000000,      -0.0030028605037540,       0.0000034101715905,       0.0000000000000000,       0.0000034101715905,       0.0000003788050769
       -0.0000001228545408,       0.0000000414166677,      -0.0000000569831112,       0.0000000414166677,      -0.0030028470522565,       0.0000012871558890,      -0.0000000569831112,       0.0000012871558890,       0.0000003503166546
       -0.0000001040816216,       0.0000000033896260,      -0.0000000152622623,       0.0000000033896260,      -0.0030028351607533,      -0.0000004379876376,      -0.0000000152622623,      -0.0000004379876376,       0.0000003141953391
       -0.0000000742376946,      -0.0000000086535387,      -0.0000000281306343,      -0.0000000086535387,      -0.0030028461235583,       0.0000001156105806,      -0.0000000281306343,       0.0000001156105806,       0.0000002924988648
       -0.0000000387564859,       0.0000000105576608,      -0.0000000382247225,       0.0000000105576608,      -0.0030028582075714,       0.0000000112536202,      -0.0000000382247225,       0.0000000112536202,       0.0000002593211423
       -0.0000000014986419,       0.0000000000891598,      -0.0000000311322919,       0.0000000000891598,      -0.0030028673470372,      -0.0000000370223732,      -0.0000000311322919,      -0.0000000370223732,       0.0000002246427390
        0.0000000342534843,       0.0000000042945171,      -0.0000000351804315,       0.0000000042945171,      -0.0030028785182535,       0.0000000403765317,      -0.0000000351804315,       0.0000000403765317,       0.0000001914863964
        0.0000000647546365,       0.0000000061473989,      -0.0000000245239765,       0.0000000061473989,      -0.0030028862067201,      -0.0000000296958930,      -0.0000000245239765,      -0.0000000296958930,       0.0000001616342326
        0.0000000889850193,       0.0000000007350242,      -0.0000000222643070,       0.0000000007350242,      -0.0030028927880426,       0.0000000193982332,      -0.0000000222643070,       0.0000000193982332,       0.0000001382401043
        0.0000001052023197,       0.0000000058202488,      -0.0000000106914913,       0.0000000058202488,      -0.0030028968175187,      -0.0000000116094350,      -0.0000000106914913,      -0.0000000116094350,       0.0000001217622096
        0.0000001135029138,      -0.0000000025790400,      -0.0000000058271036,      -0.0000000025790400,      -0.0030028988745598,       0.0000000025790400,      -0.0000000058271036,       0.0000000025790400,       0.0000001135029138
        0.0000001078894446,      -0.0000000064555775,      -0.0000000011065893,      -0.0000000064555775,      -0.0030028920177868,      -0.0000000064555775,      -0.0000000011065893,      -0.0000000064555775,       0.0000001078894446
        0.0000001003591472,      -0.0000000043653372,       0.0000000178964554,      -0.0000000043653372,      -0.0030028905672353,       0.0000000092336205,       0.0000000178964554,       0.0000000092336205,       0.0000001162843779
        0.0000000846417167,      -0.0000000149424180,       0.0000000136391098,      -0.0000000149424180,      -0.0030028871915700,      -0.0000000224086029,       0.0000000136391098,      -0.0000000224086029,       0.0000001320521532
        0.0000000624735189,      -0.0000000116429361,       0.0000000344543887,      -0.0000000116429361,      -0.0030028832651139,       0.0000000323657609,       0.0000000344543887,       0.0000000323657609,       0.0000001560988736
        0.0000000327178480,      -0.0000000141544018,       0.0000000230803099,      -0.0000000141544018,      -0.0030028749902498,      -0.0000000396720963,       0.0000000230803099,      -0.0000000396720963,       0.0000001848662112
       -0.0000000005214126,      -0.0000000156260456,       0.0000000458473312,      -0.0000000156260456,      -0.0030028707132525,       0.0000000482159755,       0.0000000458473312,       0.0000000482159755,       0.0000002193298806
       -0.0000000368031225,      -0.0000000022791811,       0.0000000238001934,      -0.0000000022791811,      -0.0030028571010861,       0.0000000008732426,       0.0000000238001934,       0.0000000008732426,       0.0000002541537171
       -0.0000000710897710,      -0.0000000174848158,       0.0000000362903196,      -0.0000000174848158,      -0.0030028534705664,      -0.0000001081485610,       0.0000000362903196,      -0.0000001081485610,       0.0000002841987356
       -0.0000000984668590,      -0.0000000008796943,       0.0000000458021019,      -0.0000000008796943,      -0.0030028517731711,       0.0000005037362702,       0.0000000458021019,       0.0000005037362702,       0.0000003252446434
       -0.0000001196097528,       0.0000000358922159,      -0.0000001197667017,       0.0000000358922159,      -0.0030027958263215,      -0.0000013948136019,      -0.0000001197667017,      -0.0000013948136019,       0.0000002882643511
       -0.0000001231821452,       0.0000000000000000,       0.0000000000000000,       0.0000000000000000,      -0.0030027503871188,      -0.0000037328401503,       0.0000000000000000,      -0.0000037328401503,       0.0000002283805234
       -0.0000001196097528,      -0.0000000358922159,       0.0000001197667017,      -0.0000000358922159,      -0.0030027958263215,      -0.0000013948136019,       0.0000001197667017,      -0.0000013948136019,       0.0000002882643511
       -0.0000000984668590,       0.0000000008796943,      -0.0000000458021019,       0.0000000008796943,      -0.0030028517731711,       0.0000005037362702,      -0.0000000458021019,       0.0000005037362702,       0.0000003252446434
       -0.0000000710897710,       0.0000000174848158,      -0.0000000362903196,       0.0000000174848158,      -0.0030028534705664,      -0.0000001081485610,      -0.0000000362903196,      -0.0000001081485610,       0.0000002841987356
       -0.0000000368031225,       0.0000000022791811,      -0.0000000238001934,       0.0000000022791811,      -0.0030028571010861,       0.0000000008732426,      -0.0000000238001934,       0.0000000008732426,       0.0000002541537171
       -0.0000000005214126,       0.0000000156260456,      -0.0000000458473312,       0.0000000156260456,      -0.0030028707132525,       0.0000000482159755,      -0.0000000458473312,       0.0000000482159755,       0.0000002193298806
        0.0000000327178480,       0.0000000141544018,      -0.0000000230803099,       0.0000000141544018,      -0.0030028749902498,      -0.0000000396720963,      -0.0000000230803099,      -0.0000000396720963,       0.0000001848662112
        0.0000000624735189,       0.0000000116429361,      -0.0000000344543887,       0.0000000116429361,      -0.0030028832651139,       0.0000000323657609,      -0.0000000344543887,       0.0000000323657609,       0.0000001560988736
        0.0000000846417167,       0.0000000149424180,      -0.0000000136391098,       0.0000000149424180,      -0.0030028871915700,      -0.0000000224086029,      -0.0000000136391098,      -0.0000000224086029,       0.0000001320521532
        0.0000001003591472,       0.0000000043653372,      -0.0000000178964554,       0.0000000043653372,      -0.0030028905672353,       0.0000000092336205,      -0.0000000178964554,       0.0000000092336205,       0.0000001162843780
        0.0000001078894446,       0.0000000064555775,       0.0000000011065893,       0.0000000064555775,      -0.0030028920177868,      -0.0000000064555775,       0.0000000011065893,      -0.0000000064555775,       0.0000001078894446
        0.0000000968624634,      -0.0000000009812713,       0.0000000138348560,      -0.0000000009812713,      -0.0030028779918728,      -0.0000000009812713,       0.0000000138348560,      -0.0000000009812713,       0.0000000968624634
        0.0000000898984084,      -0.0000000185042410,       0.0000000013634650,      -0.0000000185042410,      -0.0030028773360179,      -0.0000000174766911,       0.0000000013634650,      -0.0000000174766911,       0.0000001044616221
        0.0000000769391210,      -0.0000000181951099,       0.0000000307552543,      -0.0000000181951099,      -0.0030028763944700,       0.0000000203680636,       0.0000000307552543,       0.0000000203680636,       0.0000001205209666
        0.0000000562296101,      -0.0000000290935741,       0.0000000132445389,      -0.0000000290935741,      -0.0030028730694233,      -0.0000000374223832,       0.0000000132445389,      -0.0000000374223832,       0.0000001425208514
        0.0000000310810568,      -0.0000000265718706,       0.0000000466649733,      -0.0000000265718706,      -0.0030028729794360,       0.0000000497466561,       0.0000000466649733,       0.0000000497466561,       0.0000001724754790
       -0.0000000002556725,      -0.0000000232165006,       0.0000000184068316,      -0.0000000232165006,      -0.0030028636809626,      -0.0000000420221981,       0.0000000184068316,      -0.0000000420221981,       0.0000002050114003
       -0.0000000322611044,      -0.0000000285216778,       0.0000000512023879,      -0.0000000285216778,      -0.0030028677722261,       0.0000000189511859,       0.0000000512023879,       0.0000000189511859,       0.0000002398156123
       -0.0000000635680111,      -0.0000000058304097,       0.0000000256758585,      -0.0000000058304097,      -0.0030028550410595,       0.0000001587799593,       0.0000000256758585,       0.0000001587799593,       0.0000002782547641
       -0.0000000912400316,      -0.0000000159535342,      -0.0000000160043816,      -0.0000000159535342,      -0.0030028448710704,      -0.0000005515729791,      -0.0000000160043816,      -0.0000005515729791,       0.0000002830908425
       -0.0000001048385404,      -0.0000000349674531,       0.0000002230416143,      -0.0000000349674531,      -0.0030029185348675,       0.0000016812418547,       0.0000002230416143,       0.0000016812418547,       0.0000003866050698
       -0.0000001176956545,       0.0000000000000000,       0.0000000000000000,       0.0000000000000000,      -0.0030029798494352,       0.0000044332653850,       0.0000000000000000,       0.0000044332653850,       0.0000004981185468
       -0.0000001048385404,       0.0000000349674531,      -0.0000002230416143,       0.0000000349674531,      -0.0030029185348675,       0.0000016812418547,      -0.0000002230416143,       0.0000016812418547,       0.0000003866050698
       -0.0000000912400316,       0.0000000159535342,       0.0000000160043816,       0.0000000159535342,      -0.0030028448710704,      -0.0000005515729791,       0.0000000160043816,      -0.0000005515729791,       0.0000002830908425
       -0.0000000635680111,       0.0000000058304097,      -0.0000000256758585,       0.0000000058304097,      -0.0030028550410595,       0.0000001587799593,      -0.0000000256758585,       0.0000001587799593,       0.0000002782547641
       -0.0000000322611044,       0.0000000285216778,      -0.0000000512023879,       0.0000000285216778,      -0.0030028677722261,       0.0000000189511859,      -0.0000000512023879,       0.0000000189511859,       0.0000002398156123
       -0.0000000002556725,       0.0000000232165006,      -0.0000000184068316,       0.0000000232165006,      -0.0030028636809626,      -0.0000000420221981,      -0.0000000184068316,      -0.0000000420221981,       0.0000002050114003
        0.0000000310810568,       0.0000000265718707,      -0.0000000466649733,       0.0000000265718707,      -0.0030028729794360,       0.0000000497466561,      -0.0000000466649733,       0.0000000497466561,       0.0000001724754790
        0.0000000562296101,       0.0000000290935741,      -0.0000000132445389,       0.0000000290935741,      -0.0030028730694233,      -0.0000000374223832,      -0.0000000132445389,      -0.0000000374223832,       0.0000001425208514
        0.0000000769391210,       0.0000000181951099,      -0.0000000307552543,       0.0000000181951099,      -0.0030028763944700,       0.0000000203680636,      -0.0000000307552543,       0.0000000203680636,       0.0000001205209666
        0.0000000898984084,       0.0000000185042410,      -0.0000000013634650,       0.0000000185042410,      -0.0030028773360179,      -0.0000000174766911,      -0.0000000013634650,      -0.0000000174766911,       0.0000001044616221
        0.0000000968624634,       0.0000000009812713,      -0.0000000138348560,       0.0000000009812713,      -0.0030028779918728,      -0.0000000009812713,      -0.0000000138348560,      -0.0000000009812713,       0.0000000968624634
        0.0000000801166411,      -0.0000000124938630,      -0.0000000124443079,      -0.0000000124938630,      -0.0030028564845173,      -0.0000000124938630,      -0.0000000124443079,      -0.0000000124938630,       0.0000000801166411
        0.0000000750121432,      -0.0000000175088860,       0.0000000270393483,      -0.0000000175088860,      -0.0030028568463967,       0.0000000077669435,       0.0000000270393483,       0.0000000077669435,       0.0000000874141534
        0.0000000638506790,      -0.0000000385788602,       0.0000000003584916,      -0.0000000385788602,      -0.0030028573470378,      -0.0000000337222675,       0.0000000003584916,      -0.0000000337222675,       0.0000001011130739
        0.0000000482334844,      -0.0000000381561239,       0.0000000426497924,      -0.0000000381561239,      -0.0030028595855242,       0.0000000372560796,       0.0000000426497924,       0.0000000372560796,       0.0000001226171261
        0.0000000262107632,      -0.0000000472792119,       0.0000000101878897,      -0.0000000472792119,      -0.0030028570667825,      -0.0000000563518987,       0.0000000101878897,      -0.0000000563518987,       0.0000001490359547
        0.0000000015161755,      -0.0000000448886616,       0.0000000532023635,      -0.0000000448886616,      -0.0030028650033780,       0.0000000553456415,       0.0000000532023635,       0.0000000553456415,       0.0000001807307153
       -0.0000000266150401,      -0.0000000331946820,       0.0000000174960752,      -0.0000000331946820,      -0.0030028541691015,       0.0000000030310793,       0.0000000174960752,       0.0000000030310793,       0.0000002160799329
       -0.0000000533357827,      -0.0000000407766073,       0.0000000307593692,      -0.0000000407766073,      -0.0030028674519292,      -0.0000001669258296,       0.0000000307593692,      -0.0000001669258296,       0.0000002402071882
       -0.0000000746681610,      -0.0000000128130079,       0.0000000826899322,      -0.0000000128130079,      -0.0030028705674535,       0.0000007051304480,       0.0000000826899322,       0.0000007051304480,       0.0000002969300255
       -0.0000000959325268,       0.0000000030379724,      -0.0000002543165337,       0.0000000030379724,      -0.0030027853610246,      -0.0000019487517194,      -0.0000002543165337,      -0.0000019487517194,       0.0000002111178177
       -0.0000000887784320,       0.0000000000000000,       0.0000000000000000,       0.0000000000000000,      -0.0030027234533038,      -0.0000052586521922,       0.0000000000000000,      -0.0000052586521922,       0.0000000839570804
       -0.0000000959325268,      -0.0000000030379724,       0.0000002543165337,      -0.0000000030379724,      -0.0030027853610246,      -0.0000019487517194,       0.0000002543165337,      -0.0000019487517194,       0.0000002111178177
       -0.0000000746681610,       0.0000000128130079,      -0.0000000826899322,       0.0000000128130079,      -0.0030028705674535,       0.0000007051304480,      -0.0000000826899322,       0.0000007051304480,       0.0000002969300255
       -0.0000000533357827,       0.0000000407766073,      -0.0000000307593692,       0.0000000407766073,      -0.0030028674519292,      -0.0000001669258296,      -0.0000000307593692,      -0.0000001669258296,       0.0000002402071882
       -0.0000000266150401,       0.0000000331946820,      -0.0000000174960752,       0.0000000331946820,      -0.0030028541691015,       0.0000000030310793,      -0.0000000174960752,       0.0000000030310793,       0.0000002160799329
        0.0000000015161755,       0.0000000448886616,      -0.0000000532023635,       0.0000000448886616,      -0.0030028650033780,       0.0000000553456415,      -0.0000000532023635,       0.0000000553456415,       0.0000001807307153
        0.0000000262107632,       0.0000000472792119,      -0.0000000101878897,       0.0000000472792119,      -0.0030028570667825,      -0.0000000563518987,      -0.0000000101878897,      -0.0000000563518987,       0.0000001490359547
        0.0000000482334844,       0.0000000381561239,      -0.0000000426497924,       0.0000000381561239,      -0.0030028595855242,       0.0000000372560796,      -0.0000000426497924,       0.0000000372560796,       0.0000001226171261
        0.0000000638506790,       0.0000000385788603,      -0.0000000003584916,       0.0000000385788603,      -0.0030028573470378,      -0.0000000337222675,      -0.0000000003584916,      -0.0000000337222675,       0.0000001011130739
        0.0000000750121432,       0.0000000175088860,      -0.0000000270393483,       0.0000000175088860,      -0.0030028568463967,       0.0000000077669435,      -0.0000000270393483,       0.0000000077669435,       0.0000000874141534
        0.0000000801166411,       0.0000000124938630,       0.0000000124443079,       0.0000000124938630,      -0.0030028564845173,      -0.0000000124938630,       0.0000000124443079,      -0.0000000124938630,       0.0000000801166411
        0.0000000585600881,      -0.0000000048119334,       0.0000000258740000,      -0.0000000048119334,      -0.0030028274596389,      -0.0000000048119334,       0.0000000258740000,      -0.0000000048119334,       0.0000000585600881
        0.0000000548794130,      -0.0000000359762358,      -0.0000000144990834,      -0.0000000359762358,      -0.0030028290156202,      -0.0000000280906434,      -0.0000000144990834,      -0.0000000280906434,       0.0000000642475558
        0.0000000474436084,      -0.0000000413584350,       0.0000000373847311,      -0.0000000413584350,      -0.0030028312900296,       0.0000000216201924,       0.0000000373847311,       0.0000000216201924,       0.0000000756903252
        0.0000000359299736,      -0.0000000642140658,      -0.0000000024193337,      -0.0000000642140658,      -0.0030028339295471,      -0.0000000567697125,      -0.0000000024193337,      -0.0000000567697125,       0.0000000931730224
        0.0000000206069470,      -0.0000000612643946,       0.0000000462033233,      -0.0000000612643946,      -0.0030028417106494,       0.0000000517832008,       0.0000000462033233,       0.0000000517832008,       0.0000001150647466
        0.0000000017592123,      -0.0000000665238933,       0.0000000113220337,      -0.0000000665238933,      -0.0030028386731872,      -0.0000000599731537,       0.0000000113220337,      -0.0000000599731537,       0.0000001438273540
       -0.0000000186005664,      -0.0000000627314393,       0.0000000376626818,      -0.0000000627314393,      -0.0030028578821949,      -0.0000000134694176,       0.0000000376626818,      -0.0000000134694176,       0.0000001683190919
       -0.0000000392710516,      -0.0000000400493619,       0.0000000421796585,      -0.0000000400493619,      -0.0030028436315282,       0.0000002295590637,       0.0000000421796585,       0.0000002295590637,       0.0000002082396333
       -0.0000000579143676,      -0.0000000483358987,      -0.0000000593541782,      -0.0000000483358987,      -0.0030028555427486,      -0.0000008200096767,      -0.0000000593541782,      -0.0000008200096767,       0.0000001996538536
       -0.0000000606305982,      -0.0000000055578647,       0.0000002953372554,      -0.0000000055578647,      -0.0030029272261011,       0.0000022720246198,       0.0000002953372554,       0.0000022720246198,       0.0000003176429240
       -0.0000000855278675,       0.0000000000000000,       0.0000000000000000,       0.0000000000000000,      -0.0030029595824076,       0.0000062037119056,       0.0000000000000000,       0.0000062037119056,       0.0000004653018116
       -0.0000000606305982,       0.0000000055578647,      -0.0000002953372554,       0.0000000055578647,      -0.0030029272261011,       0.0000022720246198,      -0.0000002953372554,       0.0000022720246198,       0.0000003176429240
       -0.0000000579143676,       0.0000000483358987,       0.0000000593541782,       0.0000000483358987,      -0.0030028555427486,      -0.0000008200096767,       0.0000000593541782,      -0.0000008200096767,       0.0000001996538536
       -0.0000000392710516,       0.0000000400493619,      -0.0000000421796585,       0.0000000400493619,      -0.0030028436315282,       0.0000002295590637,      -0.0000000421796585,       0.0000002295590637,       0.0000002082396333
       -0.0000000186005664,       0.0000000627314393,      -0.0000000376626818,       0.0000000627314393,      -0.0030028578821949,      -0.0000000134694176,      -0.0000000376626818,      -0.0000000134694176,       0.0000001683190919
        0.0000000017592123,       0.0000000665238934,      -0.0000000113220337,       0.0000000665238934,      -0.0030028386731872,      -0.0000000599731537,      -0.0000000113220337,      -0.0000000599731537,       0.0000001438273540
        0.0000000206069470,       0.0000000612643946,      -0.0000000462033233,       0.0000000612643946,      -0.0030028417106494,       0.0000000517832008,      -0.0000000462033233,       0.0000000517832008,       0.0000001150647466
        0.0000000359299736,       0.0000000642140658,       0.0000000024193337,       0.0000000642140658,      -0.0030028339295471,      -0.0000000567697125,       0.0000000024193337,      -0.0000000567697125,       0.0000000931730224
        0.0000000474436084,       0.0000000413584350,      -0.0000000373847311,       0.0000000413584350,      -0.0030028312900296,       0.0000000216201924,      -0.0000000373847311,       0.0000000216201924,       0.0000000756903252
        0.0000000548794130,       0.0000000359762358,       0.0000000144990834,       0.0000000359762358,      -0.0030028290156202,      -0.0000000280906435,       0.0000000144990834,      -0.0000000280906435,       0.0000000642475558
        0.0000000585600881,       0.0000000048119334,      -0.0000000258740000,       0.0000000048119334,      -0.0030028274596389,      -0.0000000048119334,      -0.0000000258740000,      -0.0000000048119334,       0.0000000585600881
        0.0000000332378340,      -0.0000000191729465,      -0.0000000261873549,      -0.0000000191729465,      -0.0030027928166573,      -0.0000000191729465,      -0.0000000261873549,      -0.0000000191729465,       0.0000000332378340
        0.0000000309485075,      -0.0000000302590053,       0.0000000325408690,      -0.0000000302590053,      -0.0030027936766855,       0.0000000069344900,       0.0000000325408690,       0.0000000069344900,       0.0000000364145659
        0.0000000278233988,      -0.0000000648968089,      -0.0000000156279689,      -0.0000000648968089,      -0.0030027980247281,      -0.0000000487786966,      -0.0000000156279689,      -0.0000000487786966,       0.0000000448710322
        0.0000000205437669,      -0.0000000668811626,       0.0000000344372042,      -0.0000000668811626,      -0.0030028025724246,       0.0000000350198280,       0.0000000344372042,       0.0000000350198280,       0.0000000542754855
        0.0000000132316705,      -0.0000000895028611,       0.0000000028187968,      -0.0000000895028611,      -0.0030028063498727,      -0.0000000742562879,       0.0000000028187968,      -0.0000000742562879,       0.0000000729034095
        0.0000000014663288,      -0.0000000808304097,       0.0000000230699830,      -0.0000000808304097,      -0.0030028213642462,       0.0000000272527595,       0.0000000230699830,       0.0000000272527595,       0.0000000858473015
       -0.0000000101735180,      -0.0000000793422236,       0.0000000357428091,      -0.0000000793422236,      -0.0030028121497075,       0.0000000237675679,       0.0000000357428091,       0.0000000237675679,       0.0000001152532077
       -0.0000000223649004,      -0.0000000749624262,      -0.0000000241786738,      -0.0000000749624262,      -0.0030028471121868,      -0.0000003107290751,      -0.0000000241786738,      -0.0000003107290751,       0.0000001210349681
       -0.0000000308762127,      -0.0000000249494592,       0.0000001111908128,      -0.0000000249494592,      -0.0030028222872745,       0.0000009263127666,       0.0000001111908128,       0.0000009263127666,       0.0000001645363766
       -0.0000000518661193,      -0.0000000732278309,      -0.0000002315554656,      -0.0000000732278309,      -0.0030028051920409,      -0.0000024717003693,      -0.0000002315554656,      -0.0000024717003693,       0.0000001043465113
       -0.0000000239448189,       0.0000000000000000,       0.0000000000000000,       0.0000000000000000,      -0.0030028468551770,      -0.0000069453322257,       0.0000000000000000,      -0.0000069453322257,      -0.0000000114422063
       -0.0000000518661193,       0.0000000732278308,       0.0000002315554656,       0.0000000732278308,      -0.0030028051920409,      -0.0000024717003693,       0.0000002315554656,      -0.0000024717003693,       0.0000001043465113
       -0.0000000308762127,       0.0000000249494592,      -0.0000001111908128,       0.0000000249494592,      -0.0030028222872745,       0.0000009263127666,      -0.0000001111908128,       0.0000009263127666,       0.0000001645363766
       -0.0000000223649004,       0.0000000749624262,       0.0000000241786738,       0.0000000749624262,      -0.0030028471121868,      -0.0000003107290751,       0.0000000241786738,      -0.0000003107290751,       0.0000001210349681
       -0.0000000101735180,       0.0000000793422236,      -0.0000000357428091,       0.0000000793422236,      -0.0030028121497075,       0.0000000237675679,      -0.0000000357428091,       0.0000000237675679,       0.0000001152532077
        0.0000000014663288,       0.0000000808304097,      -0.0000000230699830,       0.0000000808304097,      -0.0030028213642462,       0.0000000272527595,      -0.0000000230699830,       0.0000000272527595,       0.0000000858473015
        0.0000000132316705,       0.0000000895028611,      -0.0000000028187968,       0.0000000895028611,      -0.0030028063498727,      -0.0000000742562879,      -0.0000000028187968,      -0.0000000742562879,       0.0000000729034095
        0.0000000205437669,       0.0000000668811626,      -0.0000000344372042,       0.0000000668811626,      -0.0030028025724246,       0.0000000350198280,      -0.0000000344372042,       0.0000000350198280,       0.0000000542754855
        0.0000000278233988,       0.0000000648968089,       0.0000000156279689,       0.0000000648968089,      -0.0030027980247281,      -0.0000000487786966,       0.0000000156279689,      -0.0000000487786966,       0.0000000448710322
        0.0000000309485075,       0.0000000302590053,      -0.0000000325408690,       0.0000000302590053,      -0.0030027936766855,       0.0000000069344900,      -0.0000000325408690,       0.0000000069344900,       0.0000000364145659
        0.0000000332378340,       0.0000000191729465,       0.0000000261873549,       0.0000000191729465,      -0.0030027928166573,      -0.0000000191729465,       0.0000000261873549,      -0.0000000191729465,       0.0000000332378340
        0.0000000056577856,      -0.0000000071115475,       0.0000000213671603,      -0.0000000071115475,      -0.0030027538180333,      -0.0000000071115475,       0.0000000213671603,      -0.0000000071115475,       0.0000000056577856
        0.0000000066516967,      -0.0000000471459221,      -0.0000000169653345,      -0.0000000471459221,      -0.0030027568720318,      -0.0000000345368017,      -0.0000000169653345,      -0.0000000345368017,       0.0000000078587039
        0.0000000040512140,      -0.0000000558034805,       0.0000000156273101,      -0.0000000558034805,      -0.0030027572354375,       0.0000000165433002,       0.0000000156273101,       0.0000000165433002,       0.0000000071896350
        0.0000000062462814,      -0.0000000901579494,       0.0000000008802964,      -0.0000000901579494,      -0.0030027640275245,      -0.0000000620028406,       0.0000000008802964,      -0.0000000620028406,       0.0000000154433655
        0.0000000015072201,      -0.0000000850532751,      -0.0000000057605034,      -0.0000000850532751,      -0.0030027702386574,       0.0000000209850305,      -0.0000000057605034,       0.0000000209850305,       0.0000000130030026
        0.0000000025568874,      -0.0000001040097189,       0.0000000405727290,      -0.0000001040097189,      -0.0030027701102852,      -0.0000000384199496,       0.0000000405727290,      -0.0000000384199496,       0.0000000304086835
       -0.0000000022679471,      -0.0000000902921322,      -0.0000000519391089,      -0.0000000902921322,      -0.0030027978613074,      -0.0000001186865434,      -0.0000000519391089,      -0.0000001186865434,       0.0000000247250821
       -0.0000000030933664,      -0.0000000671691856,       0.0000000928960247,      -0.0000000671691856,      -0.0030027630577876,       0.0000003290989076,       0.0000000928960247,       0.0000003290989076,       0.0000000452018324
       -0.0000000117054875,      -0.0000000953831366,      -0.0000000889474637,      -0.0000000953831366,      -0.0030028374961034,      -0.0000010347254693,      -0.0000000889474637,      -0.0000010347254693,       0.0000000471794457
        0.0000000069930253,       0.0000000578599727,       0.0000001206966550,       0.0000000578599727,      -0.0030027828894998,       0.0000023939484175,       0.0000001206966550,       0.0000023939484175,       0.0000000630625641
       -0.0000000331982034,       0.0000000000000000,       0.0000000000000000,       0.0000000000000000,      -0.0030026245316500,       0.0000071536238336,       0.0000000000000000,       0.0000071536238336,       0.0000001234053172
        0.0000000069930253,      -0.0000000578599727,      -0.0000001206966550,      -0.0000000578599727,      -0.0030027828894998,       0.0000023939484175,      -0.0000001206966550,       0.0000023939484175,       0.0000000630625641
       -0.0000000117054875,       0.0000000953831366,       0.0000000889474637,       0.0000000953831366,      -0.0030028374961034,      -0.0000010347254693,       0.0000000889474637,      -0.0000010347254693,       0.0000000471794457
       -0.0000000030933664,       0.0000000671691856,      -0.0000000928960247,       0.0000000671691856,      -0.0030027630577876,       0.0000003290989076,      -0.0000000928960247,       0.0000003290989076,       0.0000000452018324
       -0.0000000022679471,       0.0000000902921322,       0.0000000519391089,       0.0000000902921322,      -0.0030027978613074,      -0.0000001186865434,       0.0000000519391089,      -0.0000001186865434,       0.0000000247250821
        0.0000000025568873,       0.0000001040097189,      -0.0000000405727290,       0.0000001040097189,      -0.0030027701102852,      -0.0000000384199496,      -0.0000000405727290,      -0.0000000384199496,       0.0000000304086835
        0.0000000015072201,       0.0000000850532752,       0.0000000057605034,       0.0000000850532752,      -0.0030027702386574,       0.0000000209850305,       0.0000000057605034,       0.0000000209850305,       0.0000000130030026
        0.0000000062462814,       0.0000000901579494,      -0.0000000008802964,       0.0000000901579494,      -0.0030027640275245,      -0.0000000620028406,      -0.0000000008802964,      -0.0000000620028406,       0.0000000154433655
        0.0000000040512140,       0.0000000558034805,      -0.0000000156273101,       0.0000000558034805,      -0.0030027572354375,       0.0000000165433002,      -0.0000000156273101,       0.0000000165433002,       0.0000000071896350
        0.0000000066516967,       0.0000000471459221,       0.0000000169653345,       0.0000000471459221,      -0.0030027568720318,      -0.0000000345368017,       0.0000000169653345,      -0.0000000345368017,       0.0000000078587039
        0.0000000056577856,       0.0000000071115475,      -0.0000000213671603,       0.0000000071115475,      -0.0030027538180333,      -0.0000000071115475,      -0.0000000213671603,      -0.0000000071115475,       0.0000000056577856
       -0.0000000196330920,      -0.0000000174455691,       0.0000000243886687,      -0.0000000174455691,      -0.0030027173328559,      -0.0000000174455691,       0.0000000243886687,      -0.0000000174455691,      -0.0000000196330920
       -0.0000000204362484,      -0.0000000330360563,      -0.0000000329590532,      -0.0000000330360563,      -0.0030027154909655,      -0.0000000013982743,      -0.0000000329590532,      -0.0000000013982743,      -0.0000000239182645
       -0.0000000136052303,      -0.0000000665997433,       0.0000000351922326,      -0.0000000665997433,      -0.0030027217952884,      -0.0000000349554183,       0.0000000351922326,      -0.0000000349554183,      -0.0000000228017738
       -0.0000000150507425,      -0.0000000716732994,      -0.0000000625985092,      -0.0000000716732994,      -0.0030027194985622,      -0.0000000018364999,      -0.0000000625985092,      -0.0000000018364999,      -0.0000000365049258
       -0.0000000032745211,      -0.0000000981367554,       0.0000000731717066,      -0.0000000981367554,      -0.0030027251243949,      -0.0000000279807221,       0.0000000731717066,      -0.0000000279807221,      -0.0000000312187553
       -0.0000000033629216,      -0.0000000903873727,      -0.0000001173762383,      -0.0000000903873727,      -0.0030027368327111,      -0.0000000707645610,      -0.0000001173762383,      -0.0000000707645610,      -0.0000000533212160
        0.0000000102164218,      -0.0000000880603412,       0.0000001281263999,      -0.0000000880603412,      -0.0030027145960871,       0.0000001154466876,       0.0000001281263999,       0.0000001154466876,      -0.0000000479473792
        0.0000000081748957,      -0.0000001011396016,      -0.0000001385951570,      -0.0000001011396016,      -0.0030027840556760,      -0.0000004373953796,      -0.0000001385951570,      -0.0000004373953796,      -0.0000000531816174
        0.0000000289989958,       0.0000000025234878,       0.0000000564288541,       0.0000000025234878,      -0.0030026687336865,       0.0000008910812464,       0.0000000564288541,       0.0000008910812464,      -0.0000000942711618
        0.0000000035937637,      -0.0000001508135339,       0.0000000817467648,      -0.0000001508135339,      -0.0030028279845662,      -0.0000021570551339,       0.0000000817467648,      -0.0000021570551339,      -0.0000000252042454
        0.0000000487546070,       0.0000000000000000,       0.0000000000000000,       0.0000000000000000,      -0.0030031516839755,      -0.0000067664016987,       0.0000000000000000,      -0.0000067664016987,       0.0000000156441466
        0.0000000035937637,       0.0000001508135339,      -0.0000000817467648,       0.0000001508135339,      -0.0030028279845662,      -0.0000021570551339,      -0.0000000817467648,      -0.0000021570551339,      -0.0000000252042454
        0.0000000289989958,      -0.0000000025234878,      -0.0000000564288541,      -0.0000000025234878,      -0.0030026687336865,       0.0000008910812464,      -0.0000000564288541,       0.0000008910812464,      -0.0000000942711618
        0.0000000081748957,       0.0000001011396016,       0.0000001385951570,       0.0000001011396016,      -0.0030027840556760,      -0.0000004373953796,       0.0000001385951570,      -0.0000004373953796,      -0.0000000531816174
        0.0000000102164218,       0.0000000880603412,      -0.0000001281263999,       0.0000000880603412,      -0.0030027145960871,       0.0000001154466876,      -0.0000001281263999,       0.0000001154466876,      -0.0000000479473792
       -0.0000000033629216,       0.0000000903873727,       0.0000001173762383,       0.0000000903873727,      -0.0030027368327111,      -0.0000000707645610,       0.0000001173762383,      -0.0000000707645610,      -0.0000000533212160
       -0.0000000032745211,       0.0000000981367554,      -0.0000000731717066,       0.0000000981367554,      -0.0030027251243949,      -0.0000000279807221,      -0.0000000731717066,      -0.0000000279807221,      -0.0000000312187553
       -0.0000000150507425,       0.0000000716732994,       0.0000000625985092,       0.0000000716732994,      -0.0030027194985622,      -0.0000000018364999,       0.0000000625985092,      -0.0000000018364999,      -0.0000000365049258
       -0.0000000136052303,       0.0000000665997433,      -0.0000000351922326,       0.0000000665997433,      -0.0030027217952884,      -0.0000000349554183,      -0.0000000351922326,      -0.0000000349554183,      -0.0000000228017738
       -0.0000000204362485,       0.0000000330360563,       0.0000000329590532,       0.0000000330360563,      -0.0030027154909655,      -0.0000000013982743,       0.0000000329590532,      -0.0000000013982743,      -0.0000000239182645
       -0.0000000196330920,       0.0000000174455691,      -0.0000000243886687,       0.0000000174455691,      -0.0030027173328559,      -0.0000000174455691,      -0.0000000243886687,      -0.0000000174455691,      -0.0000000196330920
       -0.0000000428002339,      -0.0000000123737003,      -0.0000001834624052,      -0.0000000123737003,      -0.0030026838030775,      -0.0000000123737003,      -0.0000001834624052,      -0.0000000123737003,      -0.0000000428002339
       -0.0000000373641656,      -0.0000000279659187,       0.0000001801191212,      -0.0000000279659187,      -0.0030026870463602,      -0.0000000037560552,       0.0000001801191212,      -0.0000000037560552,      -0.0000000444719607
