        0.0000167573837058,       0.0000000000312560,      -0.0000000000673902,       0.0000000000312560,      -0.0000581308145910,       0.0000000000057023,      -0.0000000000673902,       0.0000000000057023,       0.0000413734308852
        0.0000167575110572,       0.0000000000971465,      -0.0000000002107892,       0.0000000000971465,      -0.0000581306571611,       0.0000000000060599,      -0.0000000002107892,       0.0000000000060599,       0.0000413731461039
        0.0000167577686033,       0.0000000001412268,      -0.0000000003214543,       0.0000000001412268,      -0.0000581303837265,      -0.0000000000047756,      -0.0000000003214543,      -0.0000000000047756,       0.0000413726151232
        0.0000167581390782,       0.0000000001975294,      -0.0000000004314401,       0.0000000001975294,      -0.0000581300118554,       0.0000000000232880,      -0.0000000004314401,       0.0000000000232880,       0.0000413718727772
        0.0000167586118729,       0.0000000002016981,      -0.0000000004841857,       0.0000000002016981,      -0.0000581296129872,      -0.0000000000583666,      -0.0000000004841857,      -0.0000000000583666,       0.0000413710011143
        0.0000167591611702,       0.0000000002152362,      -0.0000000004934845,       0.0000000002152362,      -0.0000581292685862,       0.0000000000908408,      -0.0000000004934845,       0.0000000000908408,       0.0000413701074161
        0.0000167596966283,       0.0000000002335182,      -0.0000000005403245,       0.0000000002335182,      -0.0000581288478888,      -0.0000000001539477,      -0.0000000005403245,      -0.0000000001539477,       0.0000413691512606
        0.0000167602717171,       0.0000000000878275,      -0.0000000002962601,       0.0000000000878275,      -0.0000581287646013,       0.0000000000338403,      -0.0000000002962601,       0.0000000000338403,       0.0000413684928842
        0.0000167606781092,       0.0000000002060114,      -0.0000000003997225,       0.0000000002060114,      -0.0000581285517597,       0.0000000005437816,      -0.0000000003997225,       0.0000000005437816,       0.0000413678736505
        0.0000167605862922,       0.0000000004450406,      -0.0000000007829390,       0.0000000004450406,      -0.0000581268145779,      -0.0000000031027461,      -0.0000000007829390,      -0.0000000031027461,       0.0000413662282857
        0.0000167603790789,       0.0000000000000000,       0.0000000000000000,       0.0000000000000000,      -0.0000581254503950,      -0.0000000066308102,       0.0000000000000000,      -0.0000000066308102,       0.0000413650713161
        0.0000167605862922,      -0.0000000004450406,       0.0000000007829390,      -0.0000000004450406,      -0.0000581268145779,      -0.0000000031027461,       0.0000000007829390,      -0.0000000031027461,       0.0000413662282857
        0.0000167606781092,      -0.0000000002060114,       0.0000000003997225,      -0.0000000002060114,      -0.0000581285517597,       0.0000000005437816,       0.0000000003997225,       0.0000000005437816,       0.0000413678736505
        0.0000167602717171,      -0.0000000000878275,       0.0000000002962601,      -0.0000000000878275,      -0.0000581287646013,       0.0000000000338403,       0.0000000002962601,       0.0000000000338403,       0.0000413684928842
        0.0000167596966283,      -0.0000000002335182,       0.0000000005403245,      -0.0000000002335182,      -0.0000581288478889,      -0.0000000001539477,       0.0000000005403245,      -0.0000000001539477,       0.0000413691512606
        0.0000167591611702,      -0.0000000002152362,       0.0000000004934845,      -0.0000000002152362,      -0.0000581292685862,       0.0000000000908408,       0.0000000004934845,       0.0000000000908408,       0.0000413701074161
        0.0000167586118729,      -0.0000000002016981,       0.0000000004841857,      -0.0000000002016981,      -0.0000581296129872,      -0.0000000000583666,       0.0000000004841857,      -0.0000000000583666,       0.0000413710011143
        0.0000167581390781,      -0.0000000001975294,       0.0000000004314401,      -0.0000000001975294,      -0.0000581300118554,       0.0000000000232880,       0.0000000004314401,       0.0000000000232880,       0.0000413718727772
        0.0000167577686033,      -0.0000000001412268,       0.0000000003214543,      -0.0000000001412268,      -0.0000581303837265,      -0.0000000000047756,       0.0000000003214543,      -0.0000000000047756,       0.0000413726151232
        0.0000167575110571,      -0.0000000000971465,       0.0000000002107892,      -0.0000000000971465,      -0.0000581306571611,       0.0000000000060599,       0.0000000002107892,       0.0000000000060599,       0.0000413731461039
        0.0000167573837058,      -0.0000000000312560,       0.0000000000673902,      -0.0000000000312560,      -0.0000581308145910,       0.0000000000057023,       0.0000000000673902,       0.0000000000057023,       0.0000413734308852
        0.0000167580531623,       0.0000000000977883,      -0.0000000000773656,       0.0000000000977883,      -0.0000581320500378,       0.0000000000177833,      -0.0000000000773656,       0.0000000000177833,       0.0000413739968755
        0.0000167581442984,       0.0000000002790637,      -0.0000000001846915,       0.0000000002790637,      -0.0000581318819619,       0.0000000000186810,      -0.0000000001846915,       0.0000000000186810,       0.0000413737376636
        0.0000167583089858,       0.0000000004485616,      -0.0000000003320917,       0.0000000004485616,      -0.0000581315249782,       0.0000000000181884,      -0.0000000003320917,       0.0000000000181884,       0.0000413732159924
        0.0000167585687698,       0.0000000005550733,      -0.0000000003880886,       0.0000000005550733,      -0.0000581310993122,      -0.0000000000151586,      -0.0000000003880886,      -0.0000000000151586,       0.0000413725305424
        0.0000167588869583,       0.0000000006458443,      -0.0000000004703055,       0.0000000006458443,      -0.0000581306111463,       0.0000000000656038,      -0.0000000004703055,       0.0000000000656038,       0.0000413717241879
        0.0000167592282012,       0.0000000006534032,      -0.0000000005385751,       0.0000000006534032,      -0.0000581300164016,      -0.0000000001438959,      -0.0000000005385751,      -0.0000000001438959,       0.0000413707882005
        0.0000167596819537,       0.0000000005807310,      -0.0000000002901656,       0.0000000005807310,      -0.0000581298528643,       0.0000000001914821,      -0.0000000002901656,       0.0000000001914821,       0.0000413701709106
        0.0000167598960158,       0.0000000005908884,      -0.0000000007371178,       0.0000000005908884,      -0.0000581290138592,      -0.0000000001563883,      -0.0000000007371178,      -0.0000000001563883,       0.0000413691178434
        0.0000167602661915,       0.0000000002964458,      -0.0000000000330538,       0.0000000002964458,      -0.0000581288405143,      -0.0000000007666013,      -0.0000000000330538,      -0.0000000007666013,       0.0000413685743228
        0.0000167614590234,      -0.0000000001502311,       0.0000000016620999,      -0.0000000001502311,      -0.0000581333508702,       0.0000000045524104,       0.0000000016620999,       0.0000000045524104,       0.0000413718918469
        0.0000167622381341,       0.0000000000000000,       0.0000000000000000,       0.0000000000000000,      -0.0000581371074264,       0.0000000095678557,       0.0000000000000000,       0.0000000095678557,       0.0000413748692924
        0.0000167614590234,       0.0000000001502311,      -0.0000000016620999,       0.0000000001502311,      -0.0000581333508702,       0.0000000045524104,      -0.0000000016620999,       0.0000000045524104,       0.0000413718918469
        0.0000167602661916,      -0.0000000002964458,       0.0000000000330538,      -0.0000000002964458,      -0.0000581288405144,      -0.0000000007666013,       0.0000000000330538,      -0.0000000007666013,       0.0000413685743228
        0.0000167598960158,      -0.0000000005908884,       0.0000000007371178,      -0.0000000005908884,      -0.0000581290138592,      -0.0000000001563883,       0.0000000007371178,      -0.0000000001563883,       0.0000413691178434
        0.0000167596819537,      -0.0000000005807310,       0.0000000002901656,      -0.0000000005807310,      -0.0000581298528643,       0.0000000001914821,       0.0000000002901656,       0.0000000001914821,       0.0000413701709106
        0.0000167592282012,      -0.0000000006534032,       0.0000000005385751,      -0.0000000006534032,      -0.0000581300164017,      -0.0000000001438959,       0.0000000005385751,      -0.0000000001438959,       0.0000413707882005
        0.0000167588869583,      -0.0000000006458443,       0.0000000004703055,      -0.0000000006458443,      -0.0000581306111463,       0.0000000000656038,       0.0000000004703055,       0.0000000000656038,       0.0000413717241879
        0.0000167585687698,      -0.0000000005550733,       0.0000000003880886,      -0.0000000005550733,      -0.0000581310993122,      -0.0000000000151586,       0.0000000003880886,      -0.0000000000151586,       0.0000413725305424
        0.0000167583089858,      -0.0000000004485616,       0.0000000003320917,      -0.0000000004485616,      -0.0000581315249781,       0.0000000000181884,       0.0000000003320917,       0.0000000000181884,       0.0000413732159924
        0.0000167581442983,      -0.0000000002790637,       0.0000000001846915,      -0.0000000002790637,      -0.0000581318819619,       0.0000000000186810,       0.0000000001846915,       0.0000000000186810,       0.0000413737376635
        0.0000167580531622,      -0.0000000000977883,       0.0000000000773656,      -0.0000000000977883,      -0.0000581320500377,       0.0000000000177833,       0.0000000000773656,       0.0000000000177833,       0.0000413739968755
        0.0000167593700810,       0.0000000001585191,      -0.0000000000417696,       0.0000000001585191,      -0.0000581344948501,       0.0000000000394151,      -0.0000000000417696,       0.0000000000394151,       0.0000413751247691
        0.0000167593757918,       0.0000000004675594,      -0.0000000001997532,       0.0000000004675594,      -0.0000581342607660,       0.0000000000310874,      -0.0000000001997532,       0.0000000000310874,       0.0000413748849743
        0.0000167594115076,       0.0000000007264754,      -0.0000000002539702,       0.0000000007264754,      -0.0000581338854983,       0.0000000000374467,      -0.0000000002539702,       0.0000000000374467,       0.0000413744739907
        0.0000167594282250,       0.0000000009451173,      -0.0000000003826503,       0.0000000009451173,      -0.0000581333079318,       0.0000000000657564,      -0.0000000003826503,       0.0000000000657564,       0.0000413738797068
        0.0000167594699208,       0.0000000010523054,      -0.0000000004248781,       0.0000000010523054,      -0.0000581326529253,      -0.0000000000500593,      -0.0000000004248781,      -0.0000000000500593,       0.0000413731830044
        0.0000167595376529,       0.0000000010904282,      -0.0000000003178461,       0.0000000010904282,      -0.0000581321668092,       0.0000000002492019,      -0.0000000003178461,       0.0000000002492019,       0.0000413726291563
        0.0000167594669116,       0.0000000010469942,      -0.0000000006970389,       0.0000000010469942,      -0.0000581311444525,      -0.0000000002923611,      -0.0000000006970389,      -0.0000000002923611,       0.0000413716775409
        0.0000167597234192,       0.0000000007978492,       0.0000000001920095,       0.0000000007978492,      -0.0000581313719859,       0.0000000002991422,       0.0000000001920095,       0.0000000002991422,       0.0000413716485667
        0.0000167596023760,       0.0000000006723892,      -0.0000000005371801,       0.0000000006723892,      -0.0000581309909732,       0.0000000011576439,      -0.0000000005371801,       0.0000000011576439,       0.0000413713885972
        0.0000167581950099,       0.0000000005738212,      -0.0000000029298638,       0.0000000005738212,      -0.0000581239185213,      -0.0000000071929006,      -0.0000000029298638,      -0.0000000071929006,       0.0000413657235113
        0.0000167570864482,       0.0000000000000000,       0.0000000000000000,       0.0000000000000000,      -0.0000581181942905,      -0.0000000149310406,       0.0000000000000000,      -0.0000000149310406,       0.0000413611078423
        0.0000167581950099,      -0.0000000005738212,       0.0000000029298638,      -0.0000000005738212,      -0.0000581239185213,      -0.0000000071929006,       0.0000000029298638,      -0.0000000071929006,       0.0000413657235113
        0.0000167596023760,      -0.0000000006723892,       0.0000000005371801,      -0.0000000006723892,      -0.0000581309909732,       0.0000000011576439,       0.0000000005371801,       0.0000000011576439,       0.0000413713885972
        0.0000167597234192,      -0.0000000007978492,      -0.0000000001920095,      -0.0000000007978492,      -0.0000581313719858,       0.0000000002991422,      -0.0000000001920095,       0.0000000002991422,       0.0000413716485667
        0.0000167594669116,      -0.0000000010469942,       0.0000000006970389,      -0.0000000010469942,      -0.0000581311444525,      -0.0000000002923611,       0.0000000006970389,      -0.0000000002923611,       0.0000413716775409
        0.0000167595376529,      -0.0000000010904282,       0.0000000003178461,      -0.0000000010904282,      -0.0000581321668092,       0.0000000002492019,       0.0000000003178461,       0.0000000002492019,       0.0000413726291563
        0.0000167594699208,      -0.0000000010523054,       0.0000000004248781,      -0.0000000010523054,      -0.0000581326529253,      -0.0000000000500593,       0.0000000004248781,      -0.0000000000500593,       0.0000413731830044
        0.0000167594282250,      -0.0000000009451173,       0.0000000003826503,      -0.0000000009451173,      -0.0000581333079318,       0.0000000000657564,       0.0000000003826503,       0.0000000000657564,       0.0000413738797068
        0.0000167594115076,      -0.0000000007264754,       0.0000000002539702,      -0.0000000007264754,      -0.0000581338854983,       0.0000000000374467,       0.0000000002539702,       0.0000000000374467,       0.0000413744739907
        0.0000167593757918,      -0.0000000004675594,       0.0000000001997532,      -0.0000000004675594,      -0.0000581342607660,       0.0000000000310874,       0.0000000001997532,       0.0000000000310874,       0.0000413748849743
        0.0000167593700809,      -0.0000000001585191,       0.0000000000417696,      -0.0000000001585191,      -0.0000581344948501,       0.0000000000394151,       0.0000000000417696,       0.0000000000394151,       0.0000413751247691
        0.0000167612582871,       0.0000000002170272,      -0.0000000000776992,       0.0000000002170272,      -0.0000581380105661,       0.0000000000545629,      -0.0000000000776992,       0.0000000000545629,       0.0000413767522790
        0.0000167611879805,       0.0000000006302480,      -0.0000000001093002,       0.0000000006302480,      -0.0000581378029832,       0.0000000000737530,      -0.0000000001093002,       0.0000000000737530,       0.0000413766150027
        0.0000167610051493,       0.0000000010024409,      -0.0000000002428734,       0.0000000010024409,      -0.0000581373342175,       0.0000000000773985,      -0.0000000002428734,       0.0000000000773985,       0.0000413763290683
        0.0000167607790410,       0.0000000012753673,      -0.0000000002691519,       0.0000000012753673,      -0.0000581367647255,       0.0000000000541426,      -0.0000000002691519,       0.0000000000541426,       0.0000413759856845
        0.0000167604284492,       0.0000000014641815,      -0.0000000002403939,       0.0000000014641815,      -0.0000581361108726,       0.0000000002597180,      -0.0000000002403939,       0.0000000002597180,       0.0000413756824233
        0.0000167600127066,       0.0000000015002726,      -0.0000000004936668,       0.0000000015002726,      -0.0000581351966721,      -0.0000000001553830,      -0.0000000004936668,      -0.0000000001553830,       0.0000413751839656
        0.0000167597137071,       0.0000000013991473,       0.0000000001493841,       0.0000000013991473,      -0.0000581350434804,       0.0000000006889483,       0.0000000001493841,       0.0000000006889483,       0.0000413753297733
        0.0000167590341205,       0.0000000012209677,      -0.0000000008370237,       0.0000000012209677,      -0.0000581336979703,      -0.0000000001140778,      -0.0000000008370237,      -0.0000000001140778,       0.0000413746638498
        0.0000167589723737,       0.0000000008389243,       0.0000000000027945,       0.0000000008389243,      -0.0000581331665116,      -0.0000000014513543,       0.0000000000027945,      -0.0000000014513543,       0.0000413741941379
        0.0000167600234083,       0.0000000003736236,       0.0000000033111086,       0.0000000003736236,      -0.0000581404996111,       0.0000000107219761,       0.0000000033111086,       0.0000000107219761,       0.0000413804762028
        0.0000167604937444,       0.0000000000000000,       0.0000000000000000,       0.0000000000000000,      -0.0000581467426141,       0.0000000221400048,       0.0000000000000000,       0.0000000221400048,       0.0000413862488697
        0.0000167600234083,      -0.0000000003736236,      -0.0000000033111086,      -0.0000000003736236,      -0.0000581404996111,       0.0000000107219761,      -0.0000000033111086,       0.0000000107219761,       0.0000413804762028
        0.0000167589723737,      -0.0000000008389243,      -0.0000000000027945,      -0.0000000008389243,      -0.0000581331665116,      -0.0000000014513543,      -0.0000000000027945,      -0.0000000014513543,       0.0000413741941379
        0.0000167590341205,      -0.0000000012209677,       0.0000000008370237,      -0.0000000012209677,      -0.0000581336979703,      -0.0000000001140778,       0.0000000008370237,      -0.0000000001140778,       0.0000413746638498
        0.0000167597137071,      -0.0000000013991473,      -0.0000000001493841,      -0.0000000013991473,      -0.0000581350434804,       0.0000000006889483,      -0.0000000001493841,       0.0000000006889483,       0.0000413753297733
        0.0000167600127066,      -0.0000000015002726,       0.0000000004936668,      -0.0000000015002726,      -0.0000581351966721,      -0.0000000001553830,       0.0000000004936668,      -0.0000000001553830,       0.0000413751839655
        0.0000167604284492,      -0.0000000014641815,       0.0000000002403939,      -0.0000000014641815,      -0.0000581361108726,       0.0000000002597180,       0.0000000002403939,       0.0000000002597180,       0.0000413756824233
        0.0000167607790410,      -0.0000000012753673,       0.0000000002691519,      -0.0000000012753673,      -0.0000581367647256,       0.0000000000541426,       0.0000000002691519,       0.0000000000541426,       0.0000413759856846
        0.0000167610051492,      -0.0000000010024409,       0.0000000002428734,      -0.0000000010024409,      -0.0000581373342175,       0.0000000000773985,       0.0000000002428734,       0.0000000000773985,       0.0000413763290683
        0.0000167611879805,      -0.0000000006302480,       0.0000000001093001,      -0.0000000006302480,      -0.0000581378029832,       0.0000000000737530,       0.0000000001093001,       0.0000000000737530,       0.0000413766150027
        0.0000167612582871,      -0.0000000002170272,       0.0000000000776992,      -0.0000000002170272,      -0.0000581380105660,       0.0000000000545629,       0.0000000000776992,       0.0000000000545629,       0.0000413767522790
        0.0000167636186257,       0.0000000002608999,       0.0000000000102107,       0.0000000002608999,      -0.0000581424333642,       0.0000000000860573,       0.0000000000102107,       0.0000000000860573,       0.0000413788147385
        0.0000167634297305,       0.0000000007656661,      -0.0000000001109409,       0.0000000007656661,      -0.0000581422240637,       0.0000000000916769,      -0.0000000001109409,       0.0000000000916769,       0.0000413787943332
        0.0000167631030486,       0.0000000012069682,      -0.0000000001127693,       0.0000000012069682,      -0.0000581418907994,       0.0000000001090364,      -0.0000000001127693,       0.0000000001090364,       0.0000413787877508
        0.0000167625049283,       0.0000000015642447,      -0.0000000000776445,       0.0000000015642447,      -0.0000581413755386,       0.0000000002486121,      -0.0000000000776445,       0.0000000002486121,       0.0000413788706102
        0.0000167618105244,       0.0000000017680258,      -0.0000000002702822,       0.0000000017680258,      -0.0000581407480455,       0.0000000000160533,      -0.0000000002702822,       0.0000000000160533,       0.0000413789375211
        0.0000167609212509,       0.0000000018464114,       0.0000000002238150,       0.0000000018464114,      -0.0000581403490008,       0.0000000007322054,       0.0000000002238150,       0.0000000007322054,       0.0000413794277498
        0.0000167598645821,       0.0000000017124973,      -0.0000000005539409,       0.0000000017124973,      -0.0000581393348181,      -0.0000000002620485,      -0.0000000005539409,      -0.0000000002620485,       0.0000413794702360
        0.0000167592938870,       0.0000000014846900,       0.0000000004914606,       0.0000000014846900,      -0.0000581394812390,       0.0000000007328780,       0.0000000004914606,       0.0000000007328780,       0.0000413801873520
        0.0000167580827056,       0.0000000010585339,       0.0000000001386304,       0.0000000010585339,      -0.0000581392931904,       0.0000000029533209,       0.0000000001386304,       0.0000000029533209,       0.0000413812104848
        0.0000167566867646,       0.0000000003816750,      -0.0000000033611524,       0.0000000003816750,      -0.0000581327579879,      -0.0000000127889341,      -0.0000000033611524,      -0.0000000127889341,       0.0000413760712232
        0.0000167559621400,       0.0000000000000000,       0.0000000000000000,       0.0000000000000000,      -0.0000581273783771,      -0.0000000278776498,       0.0000000000000000,      -0.0000000278776498,       0.0000413714162371
        0.0000167566867647,      -0.0000000003816750,       0.0000000033611524,      -0.0000000003816750,      -0.0000581327579879,      -0.0000000127889341,       0.0000000033611524,      -0.0000000127889341,       0.0000413760712232
        0.0000167580827056,      -0.0000000010585339,      -0.0000000001386304,      -0.0000000010585339,      -0.0000581392931904,       0.0000000029533209,      -0.0000000001386304,       0.0000000029533209,       0.0000413812104848
        0.0000167592938870,      -0.0000000014846900,      -0.0000000004914606,      -0.0000000014846900,      -0.0000581394812389,       0.0000000007328780,      -0.0000000004914606,       0.0000000007328780,       0.0000413801873520
        0.0000167598645821,      -0.0000000017124973,       0.0000000005539408,      -0.0000000017124973,      -0.0000581393348181,      -0.0000000002620485,       0.0000000005539408,      -0.0000000002620485,       0.0000413794702360
        0.0000167609212510,      -0.0000000018464114,      -0.0000000002238150,      -0.0000000018464114,      -0.0000581403490008,       0.0000000007322054,      -0.0000000002238150,       0.0000000007322054,       0.0000413794277499
        0.0000167618105244,      -0.0000000017680258,       0.0000000002702822,      -0.0000000017680258,      -0.0000581407480455,       0.0000000000160533,       0.0000000002702822,       0.0000000000160533,       0.0000413789375211
        0.0000167625049283,      -0.0000000015642447,       0.0000000000776445,      -0.0000000015642447,      -0.0000581413755385,       0.0000000002486121,       0.0000000000776445,       0.0000000002486121,       0.0000413788706102
        0.0000167631030486,      -0.0000000012069682,       0.0000000001127693,      -0.0000000012069682,      -0.0000581418907994,       0.0000000001090364,       0.0000000001127693,       0.0000000001090364,       0.0000413787877508
        0.0000167634297305,      -0.0000000007656661,       0.0000000001109409,      -0.0000000007656661,      -0.0000581422240637,       0.0000000000916769,       0.0000000001109409,       0.0000000000916769,       0.0000413787943332
        0.0000167636186257,      -0.0000000002608999,      -0.0000000000102107,      -0.0000000002608999,      -0.0000581424333641,       0.0000000000860573,      -0.0000000000102107,       0.0000000000860573,       0.0000413788147385
        0.0000167662481302,       0.0000000002854547,      -0.0000000000389212,       0.0000000002854547,      -0.0000581474014121,       0.0000000001051478,      -0.0000000000389212,       0.0000000001051478,       0.0000413811532819
        0.0000167660219783,       0.0000000008381526,       0.0000000000028100,       0.0000000008381526,      -0.0000581473289190,       0.0000000001053190,       0.0000000000028100,       0.0000000001053190,       0.0000413813069407
        0.0000167654308944,       0.0000000013311904,       0.0000000000770904,       0.0000000013311904,      -0.0000581471432401,       0.0000000002303097,       0.0000000000770904,       0.0000000002303097,       0.0000413817123457
        0.0000167646752335,       0.0000000017093557,      -0.0000000000886420,       0.0000000017093557,      -0.0000581469283544,       0.0000000000892467,      -0.0000000000886420,       0.0000000000892467,       0.0000413822531209
        0.0000167634436424,       0.0000000019732900,       0.0000000004240696,       0.0000000019732900,      -0.0000581466875921,       0.0000000006489975,       0.0000000004240696,       0.0000000006489975,       0.0000413832439497
        0.0000167621188165,       0.0000000019930265,      -0.0000000002206498,       0.0000000019930265,      -0.0000581463110756,      -0.0000000000927835,      -0.0000000002206498,      -0.0000000000927835,       0.0000413841922591
        0.0000167607245436,       0.0000000019776504,       0.0000000006651272,       0.0000000019776504,      -0.0000581462371154,       0.0000000012051732,       0.0000000006651272,       0.0000000012051732,       0.0000413855125718
        0.0000167589023899,       0.0000000015295168,       0.0000000000678094,       0.0000000015295168,      -0.0000581457704414,       0.0000000006039320,       0.0000000000678094,       0.0000000006039320,       0.0000413868680515
        0.0000167584397842,       0.0000000011480310,      -0.0000000003432486,       0.0000000011480310,      -0.0000581457928100,      -0.0000000024556494,      -0.0000000003432486,      -0.0000000024556494,       0.0000413873530258
        0.0000167572653221,       0.0000000010702486,       0.0000000026574650,       0.0000000010702486,      -0.0000581486120171,       0.0000000159225880,       0.0000000026574650,       0.0000000159225880,       0.0000413913466949
        0.0000167552377263,       0.0000000000000000,       0.0000000000000000,       0.0000000000000000,      -0.0000581508146384,       0.0000000342641105,       0.0000000000000000,       0.0000000342641105,       0.0000413955769121
        0.0000167572653222,      -0.0000000010702486,      -0.0000000026574650,      -0.0000000010702486,      -0.0000581486120171,       0.0000000159225880,      -0.0000000026574650,       0.0000000159225880,       0.0000413913466949
        0.0000167584397842,      -0.0000000011480310,       0.0000000003432486,      -0.0000000011480310,      -0.0000581457928100,      -0.0000000024556494,       0.0000000003432486,      -0.0000000024556494,       0.0000413873530258
        0.0000167589023899,      -0.0000000015295168,      -0.0000000000678094,      -0.0000000015295168,      -0.0000581457704414,       0.0000000006039320,      -0.0000000000678094,       0.0000000006039320,       0.0000413868680515
        0.0000167607245436,      -0.0000000019776504,      -0.0000000006651272,      -0.0000000019776504,      -0.0000581462371154,       0.0000000012051732,      -0.0000000006651272,       0.0000000012051732,       0.0000413855125718
        0.0000167621188165,      -0.0000000019930265,       0.0000000002206498,      -0.0000000019930265,      -0.0000581463110756,      -0.0000000000927835,       0.0000000002206498,      -0.0000000000927835,       0.0000413841922591
        0.0000167634436424,      -0.0000000019732900,      -0.0000000004240696,      -0.0000000019732900,      -0.0000581466875921,       0.0000000006489975,      -0.0000000004240696,       0.0000000006489975,       0.0000413832439497
        0.0000167646752335,      -0.0000000017093557,       0.0000000000886420,      -0.0000000017093557,      -0.0000581469283545,       0.0000000000892467,       0.0000000000886420,       0.0000000000892467,       0.0000413822531209
        0.0000167654308944,      -0.0000000013311904,      -0.0000000000770904,      -0.0000000013311904,      -0.0000581471432401,       0.0000000002303097,      -0.0000000000770904,       0.0000000002303097,       0.0000413817123457
        0.0000167660219782,      -0.0000000008381526,      -0.0000000000028100,      -0.0000000008381526,      -0.0000581473289189,       0.0000000001053190,      -0.0000000000028100,       0.0000000001053190,       0.0000413813069407
        0.0000167662481301,      -0.0000000002854547,       0.0000000000389212,      -0.0000000002854547,      -0.0000581474014120,       0.0000000001051478,       0.0000000000389212,       0.0000000001051478,       0.0000413811532819
        0.0000167689647224,       0.0000000002870915,       0.0000000000138366,       0.0000000002870915,      -0.0000581525170853,       0.0000000000892151,       0.0000000000138366,       0.0000000000892151,       0.0000413835523629
        0.0000167685946363,       0.0000000008312147,       0.0000000001575723,       0.0000000008312147,      -0.0000581525824060,       0.0000000002102705,       0.0000000001575723,       0.0000000002102705,       0.0000413839877698
        0.0000167680254614,       0.0000000013179159,       0.0000000000085249,       0.0000000013179159,      -0.0000581527521309,       0.0000000000509855,       0.0000000000085249,       0.0000000000509855,       0.0000413847266695
        0.0000167667954605,       0.0000000017217385,       0.0000000006073408,       0.0000000017217385,      -0.0000581529005865,       0.0000000005438842,       0.0000000006073408,       0.0000000005438842,       0.0000413861051260
        0.0000167654541132,       0.0000000019118962,       0.0000000000234842,       0.0000000019118962,      -0.0000581532075731,      -0.0000000000038499,       0.0000000000234842,      -0.0000000000038499,       0.0000413877534599
        0.0000167635319235,       0.0000000021036398,       0.0000000008997495,       0.0000000021036398,      -0.0000581532388743,       0.0000000010639029,       0.0000000008997495,       0.0000000010639029,       0.0000413897069508
        0.0000167614244370,       0.0000000017748401,       0.0000000005022174,       0.0000000017748401,      -0.0000581537304167,       0.0000000002043836,       0.0000000005022174,       0.0000000002043836,       0.0000413923059797
        0.0000167599172457,       0.0000000017262383,       0.0000000001151518,       0.0000000017262383,      -0.0000581538176648,       0.0000000004375213,       0.0000000001151518,       0.0000000004375213,       0.0000413939004191
        0.0000167572365200,       0.0000000012477552,       0.0000000012779542,       0.0000000012477552,      -0.0000581527920995,       0.0000000045502649,       0.0000000012779542,       0.0000000045502649,       0.0000413955555795
        0.0000167574830522,      -0.0000000001044157,      -0.0000000007324952,      -0.0000000001044157,      -0.0000581550635613,      -0.0000000142392647,      -0.0000000007324952,      -0.0000000142392647,       0.0000413975805092
        0.0000167591828799,       0.0000000000000000,       0.0000000000000000,       0.0000000000000000,      -0.0000581578442238,      -0.0000000339634355,       0.0000000000000000,      -0.0000000339634355,       0.0000413986613439
        0.0000167574830522,       0.0000000001044157,       0.0000000007324952,       0.0000000001044157,      -0.0000581550635613,      -0.0000000142392647,       0.0000000007324952,      -0.0000000142392647,       0.0000413975805092
        0.0000167572365200,      -0.0000000012477552,      -0.0000000012779542,      -0.0000000012477552,      -0.0000581527920995,       0.0000000045502649,      -0.0000000012779542,       0.0000000045502649,       0.0000413955555795
        0.0000167599172457,      -0.0000000017262383,      -0.0000000001151518,      -0.0000000017262383,      -0.0000581538176648,       0.0000000004375213,      -0.0000000001151518,       0.0000000004375213,       0.0000413939004191
        0.0000167614244370,      -0.0000000017748401,      -0.0000000005022174,      -0.0000000017748401,      -0.0000581537304167,       0.0000000002043836,      -0.0000000005022174,       0.0000000002043836,       0.0000413923059797
        0.0000167635319235,      -0.0000000021036398,      -0.0000000008997495,      -0.0000000021036398,      -0.0000581532388744,       0.0000000010639029,      -0.0000000008997495,       0.0000000010639029,       0.0000413897069508
        0.0000167654541132,      -0.0000000019118962,      -0.0000000000234842,      -0.0000000019118962,      -0.0000581532075731,      -0.0000000000038499,      -0.0000000000234842,      -0.0000000000038499,       0.0000413877534599
        0.0000167667954605,      -0.0000000017217384,      -0.0000000006073408,      -0.0000000017217384,      -0.0000581529005865,       0.0000000005438842,      -0.0000000006073408,       0.0000000005438842,       0.0000413861051260
        0.0000167680254613,      -0.0000000013179159,      -0.0000000000085249,      -0.0000000013179159,      -0.0000581527521308,       0.0000000000509855,      -0.0000000000085249,       0.0000000000509855,       0.0000413847266695
        0.0000167685946362,      -0.0000000008312147,      -0.0000000001575723,      -0.0000000008312147,      -0.0000581525824060,       0.0000000002102705,      -0.0000000001575723,       0.0000000002102705,       0.0000413839877698
        0.0000167689647224,      -0.0000000002870915,      -0.0000000000138366,      -0.0000000002870915,      -0.0000581525170853,       0.0000000000892151,      -0.0000000000138366,       0.0000000000892151,       0.0000413835523629
        0.0000167714183720,       0.0000000002428962,       0.0000000002210403,       0.0000000002428962,      -0.0000581572425700,       0.0000000001511322,       0.0000000002210403,       0.0000000001511322,       0.0000413858241980
        0.0000167711381815,       0.0000000007388880,      -0.0000000000365452,       0.0000000007388880,      -0.0000581575417861,      -0.0000000000091973,      -0.0000000000365452,      -0.0000000000091973,       0.0000413864036046
        0.0000167702196053,       0.0000000011772910,       0.0000000006493315,       0.0000000011772910,      -0.0000581579740834,       0.0000000004337533,       0.0000000006493315,       0.0000000004337533,       0.0000413877544781
        0.0000167691209230,       0.0000000014728737,       0.0000000002069999,       0.0000000014728737,      -0.0000581588445621,      -0.0000000000391831,       0.0000000002069999,      -0.0000000000391831,       0.0000413897236391
        0.0000167671894552,       0.0000000018081207,       0.0000000009355197,       0.0000000018081207,      -0.0000581592415936,       0.0000000007656772,       0.0000000009355197,       0.0000000007656772,       0.0000413920521384
        0.0000167650146105,       0.0000000016554220,       0.0000000010494812,       0.0000000016554220,      -0.0000581606893784,       0.0000000002243218,       0.0000000010494812,       0.0000000002243218,       0.0000413956747679
        0.0000167626449524,       0.0000000018362190,       0.0000000001621461,       0.0000000018362190,      -0.0000581606190111,       0.0000000007206206,       0.0000000001621461,       0.0000000007206206,       0.0000413979740586
        0.0000167598416020,       0.0000000013444996,       0.0000000021581148,       0.0000000013444996,      -0.0000581613091060,       0.0000000015696574,       0.0000000021581148,       0.0000000015696574,       0.0000414014675040
        0.0000167589459364,       0.0000000008245242,      -0.0000000003518967,       0.0000000008245242,      -0.0000581644962397,      -0.0000000027089410,      -0.0000000003518967,      -0.0000000027089410,       0.0000414055503032
        0.0000167549066084,       0.0000000013949735,      -0.0000000007585207,       0.0000000013949735,      -0.0000581568028860,       0.0000000142261934,      -0.0000000007585207,       0.0000000142261934,       0.0000414018962777
        0.0000167490891369,       0.0000000000000000,       0.0000000000000000,       0.0000000000000000,      -0.0000581477553973,       0.0000000332065722,       0.0000000000000000,       0.0000000332065722,       0.0000413986662605
        0.0000167549066084,      -0.0000000013949734,       0.0000000007585207,      -0.0000000013949734,      -0.0000581568028860,       0.0000000142261934,       0.0000000007585207,       0.0000000142261934,       0.0000414018962777
        0.0000167589459364,      -0.0000000008245242,       0.0000000003518967,      -0.0000000008245242,      -0.0000581644962397,      -0.0000000027089410,       0.0000000003518967,      -0.0000000027089410,       0.0000414055503033
        0.0000167598416020,      -0.0000000013444996,      -0.0000000021581148,      -0.0000000013444996,      -0.0000581613091060,       0.0000000015696574,      -0.0000000021581148,       0.0000000015696574,       0.0000414014675040
        0.0000167626449525,      -0.0000000018362190,      -0.0000000001621461,      -0.0000000018362190,      -0.0000581606190111,       0.0000000007206206,      -0.0000000001621461,       0.0000000007206206,       0.0000413979740586
        0.0000167650146105,      -0.0000000016554220,      -0.0000000010494812,      -0.0000000016554220,      -0.0000581606893784,       0.0000000002243218,      -0.0000000010494812,       0.0000000002243218,       0.0000413956747679
        0.0000167671894552,      -0.0000000018081207,      -0.0000000009355197,      -0.0000000018081207,      -0.0000581592415936,       0.0000000007656772,      -0.0000000009355197,       0.0000000007656772,       0.0000413920521384
        0.0000167691209230,      -0.0000000014728737,      -0.0000000002069999,      -0.0000000014728737,      -0.0000581588445621,      -0.0000000000391831,      -0.0000000002069999,      -0.0000000000391831,       0.0000413897236391
        0.0000167702196052,      -0.0000000011772910,      -0.0000000006493315,      -0.0000000011772910,      -0.0000581579740834,       0.0000000004337533,      -0.0000000006493315,       0.0000000004337533,       0.0000413877544782
        0.0000167711381815,      -0.0000000007388880,       0.0000000000365452,      -0.0000000007388880,      -0.0000581575417861,      -0.0000000000091973,       0.0000000000365452,      -0.0000000000091973,       0.0000413864036046
        0.0000167714183720,      -0.0000000002428962,      -0.0000000002210403,      -0.0000000002428962,      -0.0000581572425700,       0.0000000001511322,      -0.0000000002210403,       0.0000000001511322,       0.0000413858241980
        0.0000167734451515,       0.0000000001965428,      -0.0000000004357494,       0.0000000001965428,      -0.0000581611093120,       0.0000000000407566,      -0.0000000004357494,       0.0000000000407566,       0.0000413876641605
        0.0000167730941192,       0.0000000005520075,       0.0000000006791578,       0.0000000005520075,      -0.0000581614827787,       0.0000000002133587,       0.0000000006791578,       0.0000000002133587,       0.0000413883886595
