       78.7381608006538443,      -0.0001588146120064,       0.0002135372063980,      -0.0001588146120064,     215.6117076784061624,      -0.0000306961651475,       0.0002135372063980,      -0.0000306961651475,       0.0240288728898933
       78.7379198601578452,      -0.0004964590581121,       0.0006675377810024,      -0.0004964590581121,     215.6116214437791712,      -0.0000351765200254,       0.0006675377810024,      -0.0000351765200254,       0.0246227382350894
       78.7374682221297491,      -0.0007209164486774,       0.0010181404866736,      -0.0007209164486774,     215.6115111720593802,       0.0000228294027351,       0.0010181404866736,       0.0000228294027351,       0.0257690107100633
       78.7367712426774062,      -0.0010094481925146,       0.0013671725888013,      -0.0010094481925146,     215.6113197995079531,      -0.0001256493221193,       0.0013671725888013,      -0.0001256493221193,       0.0273299062295501
       78.7359378941367254,      -0.0010330006750960,       0.0015344838008104,      -0.0010330006750960,     215.6111802756041698,       0.0002864659212689,       0.0015344838008104,       0.0002864659212689,       0.0292278754855671
       78.7349338820453823,      -0.0010999108403709,       0.0015641744439427,      -0.0010999108403709,     215.6110595723554297,      -0.0004552344771992,       0.0015641744439427,      -0.0004552344771992,       0.0311601918105954
       78.7339318968167134,      -0.0011983364230444,       0.0017155669157705,      -0.0011983364230444,     215.6108695023100950,       0.0007233909890270,       0.0017155669157705,       0.0007233909890270,       0.0332000195849448
       78.7329956875939843,      -0.0004521789738292,       0.0009368902941203,      -0.0004521789738292,     215.6110339690287105,      -0.0001159461550171,       0.0009368902941203,      -0.0001159461550171,       0.0347826292440382
       78.7321412372749023,      -0.0010459317809273,       0.0012710332302984,      -0.0010459317809273,     215.6108720118456858,      -0.0027455467675622,       0.0012710332302984,      -0.0027455467675622,       0.0360281866355861
       78.7317277109937521,      -0.0022742482039301,       0.0024979112026495,      -0.0022742482039301,     215.6092470371629020,       0.0145850012313964,       0.0024979112026495,       0.0145850012313964,       0.0388345432133897
       78.7317351511987340,       0.0000000000138749,      -0.0000000000044497,       0.0000000000138749,     215.6080675102089685,       0.0315448821925351,      -0.0000000000044497,       0.0315448821925351,       0.0408952731971690
       78.7317277111366423,       0.0022742481741411,      -0.0024979112068171,       0.0022742481741411,     215.6092470372755088,       0.0145850012183790,      -0.0024979112068171,       0.0145850012183790,       0.0388345432633784
       78.7321412373967178,       0.0010459317821408,      -0.0012710332211895,       0.0010459317821408,     215.6108720119994757,      -0.0027455467847869,      -0.0012710332211895,      -0.0027455467847869,       0.0360281867416745
       78.7329956875328492,       0.0004521789945680,      -0.0009368903011756,       0.0004521789945680,     215.6110339689775799,      -0.0001159461884906,      -0.0009368903011756,      -0.0001159461884906,       0.0347826292036680
       78.7339318968433020,       0.0011983364056843,      -0.0017155669369430,       0.0011983364056843,     215.6108695023992254,       0.0007233909815806,      -0.0017155669369430,       0.0007233909815806,       0.0332000196474379
       78.7349338818394813,       0.0010999108183710,      -0.0015641744281008,       0.0010999108183710,     215.6110595721487471,      -0.0004552344432097,      -0.0015641744281008,      -0.0004552344432097,       0.0311601914872380
       78.7359378937978391,       0.0010330007168339,      -0.0015344837837151,       0.0010330007168339,     215.6111802752529627,       0.0002864659386528,      -0.0015344837837151,       0.0002864659386528,       0.0292278752093131
       78.7367712428432469,       0.0010094482129665,      -0.0013671725768821,       0.0010094482129665,     215.6113197996851056,      -0.0001256493415508,      -0.0013671725768821,      -0.0001256493415508,       0.0273299063949348
       78.7374682224515681,       0.0007209163885562,      -0.0010181404993296,       0.0007209163885562,     215.6115111723515838,       0.0000228293972284,      -0.0010181404993296,       0.0000228293972284,       0.0257690110359667
       78.7379198601431085,       0.0004964590915933,      -0.0006675377809510,       0.0004964590915933,     215.6116214438370093,      -0.0000351765144267,      -0.0006675377809510,      -0.0000351765144267,       0.0246227383693549
       78.7381608006871687,       0.0001588146098335,      -0.0002135372111554,       0.0001588146098335,     215.6117076784707081,      -0.0000306961700837,      -0.0002135372111554,      -0.0000306961700837,       0.0240288729949915
       78.7368442126464316,      -0.0004991542143045,       0.0002449768329623,      -0.0004991542143045,     215.6124891082021691,      -0.0000964378564686,       0.0002449768329623,      -0.0000964378564686,       0.0229336425366382
       78.7366602895168342,      -0.0014223525087822,       0.0005829986025095,      -0.0014223525087822,     215.6123810138499266,      -0.0001005461622834,       0.0005829986025095,      -0.0001005461622834,       0.0234564578667581
       78.7362238430118282,      -0.0022888531578407,       0.0010507745586346,      -0.0022888531578407,     215.6120481649552119,      -0.0001040494889051,       0.0010507745586346,      -0.0001040494889051,       0.0244062151481075
       78.7357052900851215,      -0.0028337664678222,       0.0012250741081875,      -0.0028337664678222,     215.6117789930436004,       0.0000651245492352,       0.0012250741081875,       0.0000651245492352,       0.0257965442266952
       78.7349102405896275,      -0.0032985883192307,       0.0014874010448778,      -0.0032985883192307,     215.6113112869029464,      -0.0003491731687493,       0.0014874010448778,      -0.0003491731687493,       0.0272751513913491
       78.7341724027013754,      -0.0033423889085084,       0.0017037473678058,      -0.0033423889085084,     215.6108805485003472,       0.0006925405661049,       0.0017037473678058,       0.0006925405661049,       0.0291240005537861
       78.7332837865510697,      -0.0029679416808973,       0.0009101115635442,      -0.0029679416808973,     215.6107918517523956,      -0.0009600698059852,       0.0009101115635442,      -0.0009600698059852,       0.0304025046834043
       78.7324633954097521,      -0.0030224968310072,       0.0023445015220356,      -0.0030224968310072,     215.6098850903914297,       0.0006946641439216,       0.0023445015220356,       0.0006946641439216,       0.0321604391691920
       78.7320381621505447,      -0.0015218229410858,       0.0000929918797659,      -0.0015218229410858,     215.6100882903649847,       0.0038227747004677,       0.0000929918797659,       0.0038227747004677,       0.0335967363891138
       78.7311594231950238,       0.0007740548113733,      -0.0053234166504442,       0.0007740548113733,     215.6143510267876593,      -0.0220819311141667,      -0.0053234166504442,      -0.0220819311141667,       0.0283932415167963
       78.7303255878741481,      -0.0000000000044149,      -0.0000000000160990,      -0.0000000000044149,     215.6174538883561240,      -0.0466105189221373,      -0.0000000000160990,      -0.0466105189221373,       0.0232456092030789
       78.7311594230192497,      -0.0007740547976486,       0.0053234166708452,      -0.0007740547976486,     215.6143510265901853,      -0.0220819311074773,       0.0053234166708452,      -0.0220819311074773,       0.0283932413056380
       78.7320381624255248,       0.0015218229318990,      -0.0000929918858332,       0.0015218229318990,     215.6100882905790570,       0.0038227747117010,      -0.0000929918858332,       0.0038227747117010,       0.0335967365861836
       78.7324633953176800,       0.0030224968210293,      -0.0023445015437886,       0.0030224968210293,     215.6098850903402422,       0.0006946641395870,      -0.0023445015437886,       0.0006946641395870,       0.0321604391596017
       78.7332837864463215,       0.0029679416818937,      -0.0009101115534242,       0.0029679416818937,     215.6107918515949393,      -0.0009600698099200,      -0.0009101115534242,      -0.0009600698099200,       0.0304025045891696
       78.7341724029112555,       0.0033423889034966,      -0.0017037473353945,       0.0033423889034966,     215.6108805487216955,       0.0006925405658428,      -0.0017037473353945,       0.0006925405658428,       0.0291240007579284
       78.7349102405563599,       0.0032985883291408,      -0.0014874010477378,       0.0032985883291408,     215.6113112868279416,      -0.0003491731747264,      -0.0014874010477378,      -0.0003491731747264,       0.0272751512965202
       78.7357052901799790,       0.0028337664685903,      -0.0012250741231903,       0.0028337664685903,     215.6117789931076345,       0.0000651245390919,      -0.0012250741231903,       0.0000651245390919,       0.0257965443468721
       78.7362238429071084,       0.0022888531692285,      -0.0010507745450954,       0.0022888531692285,     215.6120481648395639,      -0.0001040494933065,      -0.0010507745450954,      -0.0001040494933065,       0.0244062150128802
       78.7366602896620549,       0.0014223524884352,      -0.0005829986017177,       0.0014223524884352,     215.6123810140479975,      -0.0001005461493120,      -0.0005829986017177,      -0.0001005461493120,       0.0234564580321428
       78.7368442126043249,       0.0004991542263400,      -0.0002449768487950,       0.0004991542263400,     215.6124891083368027,      -0.0000964378442331,      -0.0002449768487950,      -0.0000964378442331,       0.0229336425975188
       78.7343394834019676,      -0.0008060838615364,       0.0001307338876295,      -0.0008060838615364,     215.6141174026016358,      -0.0002083393312315,       0.0001307338876295,      -0.0002083393312315,       0.0208344408872696
       78.7341641821093532,      -0.0023805448258934,       0.0006299618676172,      -0.0023805448258934,     215.6138052511641661,      -0.0001690354780134,       0.0006299618676172,      -0.0001690354780134,       0.0211494234625625
       78.7339548563187037,      -0.0036986459417254,       0.0007971896365825,      -0.0036986459417254,     215.6134287687854112,      -0.0002028749399394,       0.0007971896365825,      -0.0002028749399394,       0.0218298101067590
       78.7334783089081469,      -0.0048148922376122,       0.0012053353353025,      -0.0048148922376122,     215.6126168610535672,      -0.0003546934311568,       0.0012053353353025,      -0.0003546934311568,       0.0225699349771384
       78.7331544685585953,      -0.0053638193719416,       0.0013351927260736,      -0.0053638193719416,     215.6119560965691733,       0.0002259063190328,       0.0013351927260736,       0.0002259063190328,       0.0237155950853472
       78.7325393406113818,      -0.0055578838911831,       0.0009919962979486,      -0.0055578838911831,     215.6111568152887230,      -0.0012888443737139,       0.0009919962979486,      -0.0012888443737139,       0.0243272035272195
       78.7321749395269421,      -0.0053423868030755,       0.0022095603249167,      -0.0053423868030755,     215.6100013986203976,       0.0014094884871938,       0.0022095603249167,       0.0014094884871938,       0.0257255840482664
       78.7317973228714010,      -0.0040658674654930,      -0.0006416759185863,      -0.0040658674654930,     215.6102536771753364,      -0.0015142769139477,      -0.0006416759185863,      -0.0015142769139477,       0.0258924035584516
       78.7311250529060800,      -0.0034263006142160,       0.0017152946274541,      -0.0034263006142160,     215.6090934992902532,      -0.0059024893875109,       0.0017152946274541,      -0.0059024893875109,       0.0254835756267028
       78.7321718671688160,      -0.0029492820079112,       0.0093929659115143,      -0.0029492820079112,     215.6031110283145438,       0.0356341065541409,       0.0093929659115143,       0.0356341065541409,       0.0354552080230685
       78.7336482818991925,      -0.0000000000036103,      -0.0000000000085927,      -0.0000000000036103,     215.5991569973561752,       0.0743040808096704,      -0.0000000000085927,       0.0743040808096704,       0.0446785327937856
       78.7321718670950474,       0.0029492820193423,      -0.0093929658882841,       0.0029492820193423,     215.6031110281988674,       0.0356341065748566,      -0.0093929658882841,       0.0356341065748566,       0.0354552078570613
       78.7311250528179585,       0.0034263006241559,      -0.0017152946472491,       0.0034263006241559,     215.6090934991807160,      -0.0059024893954123,      -0.0017152946472491,      -0.0059024893954123,       0.0254835755696131
       78.7317973231087080,       0.0040658674452292,       0.0006416758997075,       0.0040658674452292,     215.6102536774035059,      -0.0015142769143208,       0.0006416758997075,      -0.0015142769143208,       0.0258924037539371
       78.7321749396114257,       0.0053423867852368,      -0.0022095602951848,       0.0053423867852368,     215.6100013987157809,       0.0014094884986029,      -0.0022095602951848,       0.0014094884986029,       0.0257255841479329
       78.7325393406630241,       0.0055578839204372,      -0.0009919962896121,       0.0055578839204372,     215.6111568152364271,      -0.0012888443915689,      -0.0009919962896121,      -0.0012888443915689,       0.0243272035272195
       78.7331544684903264,       0.0053638193521864,      -0.0013351927234150,       0.0053638193521864,     215.6119560965734365,       0.0002259062774000,      -0.0013351927234150,       0.0002259062774000,       0.0237155950482021
       78.7334783088835479,       0.0048148922466441,      -0.0012053353432604,       0.0048148922466441,     215.6126168611225182,      -0.0003546934393855,      -0.0012053353432604,      -0.0003546934393855,       0.0225699350348505
       78.7339548566334173,       0.0036986459885024,      -0.0007971896320368,       0.0036986459885024,     215.6134287690807980,      -0.0002028749387816,      -0.0007971896320368,      -0.0002028749387816,       0.0218298104871777
       78.7341641817894384,       0.0023805447928161,      -0.0006299618443027,       0.0023805447928161,     215.6138052509777481,      -0.0001690354818736,      -0.0006299618443027,      -0.0001690354818736,       0.0211494233080696
       78.7343394836563277,       0.0008060838498666,      -0.0001307339244192,       0.0008060838498666,     215.6141174028052205,      -0.0002083393250532,      -0.0001307339244192,      -0.0002083393250532,       0.0208344411151474
       78.7308005852089678,      -0.0011027659515184,       0.0002462141353091,      -0.0011027659515184,     215.6165036200036411,      -0.0002860124626439,       0.0002462141353091,      -0.0002860124626439,       0.0178564589297485
       78.7307802746605319,      -0.0032004933471481,       0.0003377797704948,      -0.0032004933471481,     215.6162093296711078,      -0.0003850579798905,       0.0003377797704948,      -0.0003850579798905,       0.0179579850676849
       78.7305856737236383,      -0.0050930776926780,       0.0007621005925630,      -0.0050930776926780,     215.6153451931984648,      -0.0004080212858298,       0.0007621005925630,      -0.0004080212858298,       0.0179447828317611
       78.7306277272135873,      -0.0064797501725966,       0.0008354859893999,      -0.0064797501725966,     215.6145633978919705,      -0.0002937373109649,       0.0008354859893999,      -0.0002937373109649,       0.0181824448682095
       78.7304014789376509,      -0.0074405001993436,       0.0007442429351356,      -0.0074405001993436,     215.6131982593585690,      -0.0013449242549244,       0.0007442429351356,      -0.0013449242549244,       0.0178033041278254
       78.7306489643662957,      -0.0076258589731793,       0.0015510448208852,      -0.0076258589731793,     215.6120127135901896,       0.0007507466031205,       0.0015510448208852,       0.0007507466031205,       0.0181601879193341
       78.7305915629058717,      -0.0071064127508132,      -0.0005122938009241,      -0.0071064127508132,     215.6112174791949201,      -0.0035166550408481,      -0.0005122938009241,      -0.0035166550408481,       0.0171286071779822
       78.7307875435249116,      -0.0062085920475130,       0.0026747909424767,      -0.0062085920475130,     215.6091807385682557,       0.0004999827699527,       0.0026747909424767,       0.0004999827699527,       0.0172515140309204
       78.7315359794496601,      -0.0042605954723438,      -0.0000428406602951,      -0.0042605954723438,     215.6094671179379247,       0.0073095658940282,      -0.0000428406602951,       0.0073095658940282,       0.0188121722279596
       78.7290363961802910,      -0.0018596291542892,      -0.0106774548072459,      -0.0018596291542892,     215.6136710841586819,      -0.0537911899703330,      -0.0106774548072459,      -0.0537911899703330,       0.0058228981526024
       78.7261558672344535,       0.0000000000110250,       0.0000000000078743,       0.0000000000110250,     215.6160568864276570,      -0.1109915667039255,       0.0000000000078743,      -0.1109915667039255,      -0.0068752551046060
       78.7290363964013551,       0.0018596291556443,       0.0106774548205790,       0.0018596291556443,     215.6136710843290984,      -0.0537911899648178,       0.0106774548205790,      -0.0537911899648178,       0.0058228982445739
       78.7315359791849687,       0.0042605954591229,       0.0000428406353997,       0.0042605954591229,     215.6094671177447140,       0.0073095659217363,       0.0000428406353997,       0.0073095659217363,       0.0188121720001102
       78.7307875437221583,       0.0062085920519980,      -0.0026747909505942,       0.0062085920519980,     215.6091807386937376,       0.0004999827997228,      -0.0026747909505942,       0.0004999827997228,       0.0172515141402055
       78.7305915629661541,       0.0071064127450254,       0.0005122938332724,       0.0071064127450254,     215.6112174792552878,      -0.0035166550338588,       0.0005122938332724,      -0.0035166550338588,       0.0171286073613029
       78.7306489646521044,       0.0076258589765507,      -0.0015510448608282,       0.0076258589765507,     215.6120127137317866,       0.0007507465880312,      -0.0015510448608282,       0.0007507465880312,       0.0181601881013817
       78.7304014786824098,       0.0074405002196718,      -0.0007442429197280,       0.0074405002196718,     215.6131982592373220,      -0.0013449242648286,      -0.0007442429197280,      -0.0013449242648286,       0.0178033039710976
       78.7306277275461355,       0.0064797501700413,      -0.0008354859674851,       0.0064797501700413,     215.6145633981325034,      -0.0002937373194531,      -0.0008354859674851,      -0.0002937373194531,       0.0181824451585521
       78.7305856735636951,       0.0050930776737404,      -0.0007621006084502,       0.0050930776737404,     215.6153451931731979,      -0.0004080212963823,      -0.0007621006084502,      -0.0004080212963823,       0.0179447826879053
       78.7307802747001659,       0.0032004933529162,      -0.0003377797257579,       0.0032004933529162,     215.6162093297627393,      -0.0003850579775412,      -0.0003377797257579,      -0.0003850579775412,       0.0179579852407645
       78.7308005852057846,       0.0011027659461093,      -0.0002462141823993,       0.0011027659461093,     215.6165036199900840,      -0.0002860124584371,      -0.0002462141823993,      -0.0002860124584371,       0.0178564588957719
       78.7265979427809128,      -0.0013218007317904,      -0.0000386134883709,      -0.0013218007317904,     215.6197164192350897,      -0.0004454681502091,      -0.0000386134883709,      -0.0004454681502091,       0.0142977917267909
       78.7265658238141697,      -0.0038808324827420,       0.0003468785136349,      -0.0038808324827420,     215.6191642408732321,      -0.0004752012067275,       0.0003468785136349,      -0.0004752012067275,       0.0139030224151426
       78.7267801829580094,      -0.0061161115240671,       0.0003408627986341,      -0.0061161115240671,     215.6184990934857808,      -0.0005654905627120,       0.0003408627986341,      -0.0005654905627120,       0.0134286382696044
       78.7268602771913208,      -0.0079272401360176,       0.0002274313485710,      -0.0079272401360176,     215.6170188674807378,      -0.0012804636305660,       0.0002274313485710,      -0.0012804636305660,       0.0120612816495066
       78.7275946189863873,      -0.0089572468307038,       0.0008383378951110,      -0.0089572468307038,     215.6159280832336549,      -0.0000976320862255,       0.0008383378951110,      -0.0000976320862255,       0.0111756865273098
       78.7280268969567913,      -0.0093508318807641,      -0.0007498528055515,      -0.0093508318807641,     215.6142601700155410,      -0.0037442907641236,      -0.0007498528055515,      -0.0037442907641236,       0.0087104743170885
       78.7292568937874364,      -0.0086725497000008,       0.0017675631690308,      -0.0086725497000008,     215.6126763636275427,       0.0013012927791050,       0.0017675631690308,       0.0013012927791050,       0.0076306526102267
       78.7301436109354711,      -0.0075083363534918,      -0.0016286379869139,      -0.0075083363534918,     215.6124608592442371,      -0.0037280537006002,      -0.0016286379869139,      -0.0037280537006002,       0.0058230256958382
       78.7299963694523370,      -0.0053470583459243,      -0.0004365682222036,      -0.0053470583459243,     215.6096887340755757,      -0.0150300836443692,      -0.0004365682222036,      -0.0150300836443692,       0.0010697277741799
       78.7351538827978175,      -0.0019532603384030,       0.0108828251328519,      -0.0019532603384030,     215.6082652051213415,       0.0645796459761043,       0.0108828251328519,       0.0645796459761042,       0.0144565369813582
       78.7402490077631398,       0.0000000000044778,       0.0000000000172779,       0.0000000000044778,     215.6095483981229393,       0.1411208257247004,       0.0000000000172779,       0.1411208257247005,       0.0295192373487518
       78.7351538827950463,       0.0019532603395666,      -0.0108828251211483,       0.0019532603395666,     215.6082652050875197,       0.0645796459838210,      -0.0108828251211483,       0.0645796459838210,       0.0144565368912821
       78.7299963692860558,       0.0053470583456716,       0.0004365681929039,       0.0053470583456716,     215.6096887339396062,      -0.0150300836514610,       0.0004365681929039,      -0.0150300836514610,       0.0010697276443844
       78.7301436110168140,       0.0075083363307027,       0.0016286379881278,       0.0075083363307027,     215.6124608593155756,      -0.0037280537072544,       0.0016286379881278,      -0.0037280537072544,       0.0058230257718257
       78.7292568937878343,       0.0086725497162150,      -0.0017675631704104,       0.0086725497162150,     215.6126763635967620,       0.0013012927772568,      -0.0017675631704104,       0.0013012927772568,       0.0076306525643682
       78.7280268972794062,       0.0093508318883572,       0.0007498527750672,       0.0093508318883572,     215.6142601702045170,      -0.0037442907701523,       0.0007498527750672,      -0.0037442907701523,       0.0087104745923806
       78.7275946189447069,       0.0089572468141267,      -0.0008383378673125,       0.0089572468141267,     215.6159280832748379,      -0.0000976320913085,      -0.0008383378673125,      -0.0000976320913085,       0.0111756866039197
       78.7268602773009007,       0.0079272401534774,      -0.0002274313388057,       0.0079272401534774,     215.6170188674869053,      -0.0012804636362584,      -0.0002274313388057,      -0.0012804636362584,       0.0120612816354180
       78.7267801828107139,       0.0061161115174969,      -0.0003408627987345,       0.0061161115174969,     215.6184990934937389,      -0.0005654905486331,      -0.0003408627987345,      -0.0005654905486331,       0.0134286382820805
       78.7265658240270199,       0.0038808324797614,      -0.0003468784738424,       0.0038808324797614,     215.6191642411392309,      -0.0004752011899729,      -0.0003468784738424,      -0.0004752011899729,       0.0139030226608149
       78.7265979424614386,       0.0013218007339061,       0.0000386134418044,       0.0013218007339061,     215.6197164190596709,      -0.0004454681514893,       0.0000386134418044,      -0.0004454681514893,       0.0142977914855037
       78.7220014743535756,      -0.0014439559748867,       0.0001292949915247,      -0.0014439559748867,     215.6233933292999723,      -0.0005402691897085,       0.0001292949915247,      -0.0005402691897085,       0.0103351987496753
       78.7221778988769927,      -0.0042389047671461,      -0.0000260370696092,      -0.0042389047671461,     215.6230569095408498,      -0.0005409005075853,      -0.0000260370696092,      -0.0005409005075853,       0.0097168202432430
       78.7223697315081665,      -0.0067316319824602,      -0.0002543264087192,      -0.0067316319824602,     215.6219024842516490,      -0.0011794481743074,      -0.0002543264087192,      -0.0011794481743074,       0.0078287957602575
       78.7232566441244899,      -0.0086396340414270,       0.0002597384242125,      -0.0086396340414270,     215.6210913471147705,      -0.0004554289258617,       0.0002597384242125,      -0.0004554289258617,       0.0060120518853662
       78.7240546894001483,      -0.0099696794475500,      -0.0013772056839808,      -0.0099696794475500,     215.6191756249313869,      -0.0033139017429558,      -0.0013772056839808,      -0.0033139017429558,       0.0021912232980769
       78.7260699168592311,      -0.0100606063648863,       0.0006978345757698,      -0.0100606063648863,     215.6182150180308668,       0.0004806485752959,       0.0006978345757698,       0.0004806485752959,      -0.0005047475389375
       78.7274883785654822,      -0.0099762024160194,      -0.0021731791947889,      -0.0099762024160194,     215.6167008993398042,      -0.0061341498793622,      -0.0021731791947889,      -0.0061341498793622,      -0.0047013269925680
       78.7294918527949790,      -0.0077020911494824,      -0.0001883775164481,      -0.0077020911494824,     215.6146345158639122,      -0.0030795401681818,      -0.0001883775164481,      -0.0030795401681818,      -0.0092419295507888
       78.7330890731510493,      -0.0057858841458896,       0.0010919919900748,      -0.0057858841458896,     215.6173228771911852,       0.0125288458986501,       0.0010919919900748,       0.0125288458986501,      -0.0075407245436365
       78.7273780888847341,      -0.0053828730968811,      -0.0086821559467064,      -0.0053828730968811,     215.6112766322256959,      -0.0805280228773469,      -0.0086821559467064,      -0.0805280228773468,      -0.0232190969421422
       78.7204791435943889,      -0.0000000000027347,       0.0000000000158205,      -0.0000000000027347,     215.6028997877355380,      -0.1731323852984566,       0.0000000000158205,      -0.1731323852984566,      -0.0403350714769760
       78.7273780888208705,       0.0053828730958471,       0.0086821559365694,       0.0053828730958471,     215.6112766321512595,      -0.0805280229000727,       0.0086821559365694,      -0.0805280229000727,      -0.0232190970828008
       78.7330890731744262,       0.0057858841553422,      -0.0010919920046518,       0.0057858841553422,     215.6173228772562993,       0.0125288458786348,      -0.0010919920046518,       0.0125288458786348,      -0.0075407245048789
       78.7294918526790468,       0.0077020911500688,       0.0001883775244843,       0.0077020911500688,     215.6146345158411464,      -0.0030795401846567,       0.0001883775244843,      -0.0030795401846567,      -0.0092419296148944
       78.7274883787730317,       0.0099762024237321,       0.0021731791777769,       0.0099762024237321,     215.6167008994235630,      -0.0061341498903778,       0.0021731791777769,      -0.0061341498903778,      -0.0047013268525314
       78.7260699168718503,       0.0100606063312758,      -0.0006978345733492,       0.0100606063312758,     215.6182150181163308,       0.0004806485911936,      -0.0006978345733492,       0.0004806485911936,      -0.0005047474338394
       78.7240546891539879,       0.0099696794256751,       0.0013772056936312,       0.0099696794256751,     215.6191756245486033,      -0.0033139017367867,       0.0013772056936312,      -0.0033139017367867,       0.0021912229985684
       78.7232566441654029,       0.0086396340674472,      -0.0002597384152364,       0.0086396340674472,     215.6210913471245760,      -0.0004554289354337,      -0.0002597384152364,      -0.0004554289354337,       0.0060120519106859
       78.7223697317412814,       0.0067316319809557,       0.0002543264309265,       0.0067316319809557,     215.6219024845171077,      -0.0011794481823314,       0.0002543264309265,      -0.0011794481823314,       0.0078287960620009
       78.7221778990360974,       0.0042389047978118,       0.0000260370649349,       0.0042389047978118,     215.6230569096485681,      -0.0005409005362066,       0.0000260370649349,      -0.0005409005362066,       0.0097168204582770
       78.7220014745757339,       0.0014439559617846,      -0.0001292950127489,       0.0014439559617846,     215.6233933296481098,      -0.0005402692112642,      -0.0001292950127489,      -0.0005402692112642,       0.0103351990945331
       78.7175288612353796,      -0.0014506705796845,      -0.0000590538222900,      -0.0014506705796845,     215.6274531270395016,      -0.0004559585727748,      -0.0000590538222900,      -0.0004559585727748,       0.0065543092346937
       78.7176746010978405,      -0.0041960905564214,      -0.0005006075552757,      -0.0041960905564214,     215.6268596202625645,      -0.0010759870328375,      -0.0005006075552757,      -0.0010759870328375,       0.0050264007692405
       78.7183651538607450,      -0.0066517384001049,      -0.0000416259188351,      -0.0066517384001049,     215.6264692716677871,      -0.0002527214128126,      -0.0000416259188351,      -0.0002527214128126,       0.0030120891427110
       78.7192118345758587,      -0.0086844618404118,      -0.0019569384584931,      -0.0086844618404118,     215.6248285703328520,      -0.0027767060824393,      -0.0019569384584931,      -0.0027767060824393,      -0.0015450630225447
       78.7214529349798511,      -0.0096324006925284,      -0.0000677783229420,      -0.0096324006925284,     215.6244747648331952,       0.0000478259043960,      -0.0000677783229420,       0.0000478259043960,      -0.0054637824504047
       78.7233237600879789,      -0.0105937706998072,      -0.0029166157148390,      -0.0105937706998072,     215.6223719852912097,      -0.0054182675577921,      -0.0029166157148390,      -0.0054182675577921,      -0.0115807026932229
       78.7268556964769886,      -0.0089094691909434,      -0.0015639499153506,      -0.0089094691909434,     215.6218342257428731,      -0.0009975420791234,      -0.0015639499153506,      -0.0009975420791234,      -0.0177037665438880
       78.7303528447916960,      -0.0086790316825786,      -0.0003993979415462,      -0.0086790316825786,     215.6223178796173272,      -0.0021585840880567,      -0.0003993979415462,      -0.0021585840880567,      -0.0205254016023195
       78.7297061886030747,      -0.0062529219414882,      -0.0041001666878520,      -0.0062529219414882,     215.6155300508795847,      -0.0231363652504574,      -0.0041001666878520,      -0.0231363652504574,      -0.0299987785301066
       78.7409125014164886,       0.0005739050694643,       0.0025244861903395,       0.0005739050694643,     215.6288918727990449,       0.0721817168484093,       0.0025244861903395,       0.0721817168484093,      -0.0217517964734660
       78.7515192232567074,      -0.0000000000083787,       0.0000000000111929,      -0.0000000000083787,     215.6461031217154982,       0.1723319977653912,       0.0000000000111929,       0.1723319977653912,      -0.0069508584014137
       78.7409125013323603,      -0.0005739050692423,      -0.0025244862020831,      -0.0005739050692423,     215.6288918726729378,       0.0721817168684808,      -0.0025244862020831,       0.0721817168684808,      -0.0217517966189906
       78.7297061887482954,       0.0062529219416955,       0.0041001666825759,       0.0062529219416955,     215.6155300510463064,      -0.0231363652336290,       0.0041001666825759,      -0.0231363652336290,      -0.0299987783339991
       78.7303528448496621,       0.0086790316991448,       0.0003993979414155,       0.0086790316991448,     215.6223178796339255,      -0.0021585840748416,       0.0003993979414155,      -0.0021585840748416,      -0.0205254015753872
       78.7268556961798112,       0.0089094691906128,       0.0015639499020210,       0.0089094691906128,     215.6218342253399953,      -0.0009975420859396,       0.0015639499020210,      -0.0009975420859396,      -0.0177037668864823
       78.7233237602125513,       0.0105937706802663,       0.0029166157426817,       0.0105937706802663,     215.6223719854891954,      -0.0054182675603730,       0.0029166157426817,      -0.0054182675603730,      -0.0115807025073562
       78.7214529348251375,       0.0096324006913402,       0.0000677783128414,       0.0096324006913402,     215.6244747646258020,       0.0000478259360083,       0.0000677783128414,       0.0000478259360083,      -0.0054637827484703
       78.7192118345583651,       0.0086844618180811,       0.0019569384632306,       0.0086844618180811,     215.6248285703463807,      -0.0027767060790319,       0.0019569384632306,      -0.0027767060790319,      -0.0015450629680577
       78.7183651536770128,       0.0066517384206393,       0.0000416259388866,       0.0066517384206393,     215.6264692715976992,      -0.0002527214424987,       0.0000416259388866,      -0.0002527214424987,       0.0030120890161406
       78.7176746009918418,       0.0041960905647848,       0.0005006075407057,       0.0041960905647848,     215.6268596202287711,      -0.0010759870459590,       0.0005006075407057,      -0.0010759870459590,       0.0050264007817165
       78.7175288612107096,       0.0014506705849286,       0.0000590538132179,       0.0014506705849286,     215.6274531270874490,      -0.0004559585729532,       0.0000590538132179,      -0.0004559585729532,       0.0065543093128878
       78.7134720460012716,      -0.0012228964317065,      -0.0006891535710382,      -0.0012228964317065,     215.6311518344722629,      -0.0007728530503980,      -0.0006891535710382,      -0.0007728530503980,       0.0029044860583086
       78.7138488388940658,      -0.0037274778516138,       0.0000972996570519,      -0.0037274778516138,     215.6311189954223551,       0.0000557769263656,       0.0000972996570519,       0.0000557769263656,       0.0015062825185855
       78.7143981454199064,      -0.0059316759451595,      -0.0020681908761121,      -0.0059316759451595,     215.6299930928006461,      -0.0022188604505772,      -0.0020681908761121,      -0.0022188604505772,      -0.0026326459646000
       78.7163436215179786,      -0.0074148510310440,      -0.0006653352490373,      -0.0074148510310440,     215.6301701535355733,       0.0002317249494037,      -0.0006653352490373,       0.0002317249494037,      -0.0070030984836641
       78.7181457589571920,      -0.0090981821022789,      -0.0029926502001008,      -0.0090981821022789,     215.6281833412346600,      -0.0039070229239767,      -0.0029926502001008,      -0.0039070229239767,      -0.0139620533208516
       78.7222660792007645,      -0.0082983482802938,      -0.0033400712128191,      -0.0082983482802938,     215.6286684836139216,      -0.0010848881767324,      -0.0033400712128191,      -0.0010848881767324,      -0.0217279393976785
       78.7262097165714465,      -0.0092218428300184,      -0.0004960327464973,      -0.0092218428300184,     215.6277084537886992,      -0.0036273748634284,      -0.0004960327464973,      -0.0036273748634284,      -0.0272940633355945
       78.7285501001490928,      -0.0067111927323438,      -0.0069109152146564,      -0.0067111927323438,     215.6246780007354857,      -0.0079650497511844,      -0.0069109152146564,      -0.0079650497511844,      -0.0377787422296858
       78.7378985748807025,      -0.0040980640186629,       0.0012066626719436,      -0.0040980640186629,     215.6342160837021709,       0.0139060872451664,       0.0012066626719436,       0.0139060872451664,      -0.0384890267810551
       78.7281984168038633,      -0.0070527016721249,       0.0023062715227822,      -0.0070527016721249,     215.6118568675122731,      -0.0720142338961132,       0.0023062715227822,      -0.0720142338961132,      -0.0483852680793674
       78.7170131744832986,      -0.0000000000083464,       0.0000000000238276,      -0.0000000000083464,     215.5844713229327851,      -0.1683172527936062,       0.0000000000238276,      -0.1683172527936061,      -0.0623625222222557
       78.7281984168415647,       0.0070527016594948,      -0.0023062715233146,       0.0070527016594948,     215.6118568674876599,      -0.0720142338647051,      -0.0023062715233146,      -0.0720142338647051,      -0.0483852680675140
       78.7378985749686109,       0.0040980640286828,      -0.0012066626831420,       0.0040980640286828,     215.6342160837590995,       0.0139060872706416,      -0.0012066626831420,       0.0139060872706416,      -0.0384890266344272
       78.7285501000812502,       0.0067111927369287,       0.0069109151893622,       0.0067111927369287,     215.6246780007090820,      -0.0079650497568782,       0.0069109151893622,      -0.0079650497568782,      -0.0377787423126891
       78.7262097165035613,       0.0092218428104171,       0.0004960327523879,       0.0092218428104171,     215.6277084537204871,      -0.0036273748599637,       0.0004960327523879,      -0.0036273748599637,      -0.0272940633776054
       78.7222660790273494,       0.0082983483052894,       0.0033400712405673,       0.0082983483052894,     215.6286684834810501,      -0.0010848881677992,       0.0033400712405673,      -0.0010848881677992,      -0.0217279394729588
       78.7181457587854538,       0.0090981821232657,       0.0029926501880960,       0.0090981821232657,     215.6281833409474871,      -0.0039070229475790,       0.0029926501880960,      -0.0039070229475790,      -0.0139620535486726
       78.7163436217243202,       0.0074148510160386,       0.0006653352227446,       0.0074148510160386,     215.6301701538369286,       0.0002317249302416,       0.0006653352227446,       0.0002317249302416,      -0.0070030983291995
       78.7143981451853563,       0.0059316759375920,       0.0020681909035421,       0.0059316759375920,     215.6299930926480783,      -0.0022188604459932,       0.0020681909035421,      -0.0022188604459932,      -0.0026326461110584
       78.7138488391233579,       0.0037274778354012,      -0.0000972996543614,       0.0037274778354012,     215.6311189957255863,       0.0000557769339937,      -0.0000972996543614,       0.0000557769339937,       0.0015062828499771
       78.7134720462206587,       0.0012228964508824,       0.0006891535585419,       0.0012228964508824,     215.6311518347656317,      -0.0007728530514221,       0.0006891535585419,      -0.0007728530514221,       0.0029044863336006
       78.7104131103265843,      -0.0009919048273598,       0.0014265471606498,      -0.0009919048273598,     215.6344785524561871,      -0.0002040930678590,       0.0014265471606498,      -0.0002040930678590,       0.0002576421550399
       78.7103751941876624,      -0.0027795459698836,      -0.0022050610956367,      -0.0027795459698836,     215.6339184910527820,      -0.0010945453828395,      -0.0022050610956367,      -0.0010945453828395,      -0.0019933429915387
